104439:give 142019 282 0
104439:get 142019 282 2
104439:breed 282 282
104439:give 142019 282 0
104439:get 142019 282 2
104439:breed 282 282
104439:give 142019 282 0
104439:get 142019 282 2
104439:breed 282 282
104439:give 142019 282 0
104439:get 142019 282 2
104439:breed 282 282
104439:give 142019 282 0
104439:get 142019 282 2
104439:breed 282 282
104439:give 142019 282 0
104439:get 142019 282 2
104439:breed 282 282
104439:give 142019 282 0
104439:get 142019 282 2
104439:breed 282 282
104439:give 142019 282 0
104439:get 142019 282 2
104439:breed 282 282
104439:give 142019 282 0
80886:breed 285 285
80886:breed 285 285
80886:breed 285 285
80886:breed 285 285
80886:breed 285 285
80886:breed 285 285
80886:breed 285 285
80886:breed 285 285
97482:give 142019 282 0
97482:get 142019 282 2
97482:breed 282 282
97482:give 142019 282 0
97482:get 142019 282 2
97482:breed 282 282
97482:give 142019 282 0
97482:get 142019 282 2
97482:breed 282 282
97482:give 142019 282 0
97482:get 142019 282 2
97482:breed 282 282
97482:give 142019 282 0
97482:get 142019 282 2
97482:breed 282 282
97482:give 142019 282 0
97482:get 142019 282 2
97482:breed 282 282
97482:give 142019 282 0
97482:get 142019 282 2
97482:breed 282 282
97482:give 142019 282 0
97482:get 142019 282 2
97482:breed 282 282
97482:give 142019 282 0
97482:get 142019 282 2
97482:breed 282 282
97482:give 142019 282 0
97482:get 142019 282 2
97482:breed 282 282
97482:give 142019 282 0
97482:get 142019 282 2
97482:breed 282 282
97482:give 142019 282 0
97482:get 142019 282 2
97482:breed 282 282
97482:give 142019 282 0
97482:get 142019 282 2
97482:breed 282 282
97482:give 142019 282 0
97482:get 142019 282 2
97482:breed 282 282
97482:give 142019 282 0
97482:get 142019 282 2
97482:breed 282 282
97482:give 142019 282 0
97482:get 142019 282 2
97482:breed 282 282
97482:give 142019 282 0
119118:default z205
119118:give 142019 282 0
119118:get 142019 282 2
119118:breed 282 282
119118:give 142019 282 0
119118:get 142019 282 2
119118:breed 282 282
119118:give 142019 282 0
119118:get 142019 282 2
119118:breed 282 282
119118:give 142019 282 0
119118:get 142019 282 2
119118:breed 282 282
119118:give 142019 282 0
119118:get 142019 282 2
119118:breed 282 282
119118:give 142019 282 0
119118:get 142019 282 2
119118:breed 282 282
119118:give 142019 282 0
119118:get 142019 282 2
119118:breed 282 282
119118:give 142019 282 0
119118:get 142019 282 2
119118:breed 282 282
119118:give 142019 282 0
119118:get 142019 282 2
119118:breed 282 282
119118:give 142019 282 0
119118:get 142019 282 2
119118:breed 282 282
119118:give 142019 282 0
142019:move w
142019:move w
142019:breed 282 282
142019:breed 282 282
142019:breed 282 282
142019:breed 282 282
142019:breed 282 282
142019:breed 282 282
142019:breed 282 282
142019:breed 282 282
142019:breed 282 282
142019:breed 282 282
142019:breed 282 282
142019:breed 282 282
141206:study 652
141206:breed 54 54
141206:breed 54 54
141206:breed 54 54
141206:breed 54 54
141206:breed 54 54
141206:breed 54 54
141206:breed 54 54
141206:breed 54 54
141206:breed 54 54
141206:breed 54 54
141206:breed 54 54
141206:breed 54 54
141206:breed 54 54
141206:breed 54 54
141206:breed 54 54
94731:give 142019 282 0
94731:get 142019 282 2
94731:breed 282 282
94731:give 142019 282 0
94731:get 142019 282 2
94731:breed 282 282
94731:give 142019 282 0
94731:get 142019 282 2
94731:breed 282 282
94731:give 142019 282 0
94731:get 142019 282 2
94731:breed 282 282
94731:give 142019 282 0
94731:get 142019 282 2
94731:breed 282 282
94731:give 142019 282 0
94731:get 142019 282 2
94731:breed 282 282
94731:give 142019 282 0
94731:get 142019 282 2
94731:breed 282 282
94731:give 142019 282 0
111211:give 142019 282 0
111211:get 142019 282 2
111211:breed 282 282
111211:give 142019 282 0
111211:get 142019 282 2
111211:breed 282 282
111211:give 142019 282 0
111211:get 142019 282 2
111211:breed 282 282
111211:give 142019 282 0
111211:get 142019 282 2
111211:breed 282 282
111211:give 142019 282 0
111211:get 142019 282 2
111211:breed 282 282
111211:give 142019 282 0
111211:get 142019 282 2
111211:breed 282 282
111211:give 142019 282 0
111211:get 142019 282 2
111211:breed 282 282
111211:give 142019 282 0
111211:get 142019 282 2
111211:breed 282 282
111211:give 142019 282 0
141835:give 142019 282 0
141835:get 142019 282 2
141835:breed 282 282
141835:give 142019 282 0
141835:get 142019 282 2
141835:breed 282 282
141835:give 142019 282 0
141835:get 142019 282 2
141835:breed 282 282
141835:give 142019 282 0
141835:get 142019 282 2
141835:breed 282 282
141835:give 142019 282 0
141835:get 142019 282 2
141835:breed 282 282
141835:give 142019 282 0
141835:get 142019 282 2
141835:breed 282 282
141835:give 142019 282 0
141835:get 142019 282 2
141835:breed 282 282
141835:give 142019 282 0
141835:get 142019 282 2
141835:breed 282 282
141835:give 142019 282 0
141835:get 142019 282 2
141835:breed 282 282
141835:give 142019 282 0
141835:get 142019 282 2
141835:breed 282 282
141835:give 142019 282 0
115442:give 142019 282 0
115442:get 142019 282 2
115442:breed 282 282
115442:give 142019 282 0
115442:get 142019 282 2
115442:breed 282 282
115442:give 142019 282 0
115442:get 142019 282 2
115442:breed 282 282
115442:give 142019 282 0
115442:get 142019 282 2
115442:breed 282 282
115442:give 142019 282 0
115442:get 142019 282 2
115442:breed 282 282
115442:give 142019 282 0
115442:get 142019 282 2
115442:breed 282 282
115442:give 142019 282 0
115442:get 142019 282 2
115442:breed 282 282
115442:give 142019 282 0
115442:get 142019 282 2
115442:breed 282 282
115442:give 142019 282 0
115442:get 142019 282 2
115442:breed 282 282
115442:give 142019 282 0
115442:get 142019 282 2
115442:breed 282 282
115442:give 142019 282 0
115442:get 142019 282 2
115442:breed 282 282
115442:give 142019 282 0
115442:get 142019 282 2
115442:breed 282 282
115442:give 142019 282 0
115442:get 142019 282 2
115442:breed 282 282
115442:give 142019 282 0
115442:get 142019 282 2
115442:breed 282 282
115442:give 142019 282 0
115442:get 142019 282 2
115442:breed 282 282
115442:give 142019 282 0
115442:get 142019 282 2
115442:breed 282 282
115442:give 142019 282 0
115442:get 142019 282 2
115442:breed 282 282
115442:give 142019 282 0
79452:study 611
79452:study 611
79452:give 141206 54 0 3
79452:get 142019 282 2
79452:breed 282 282
79452:give 142019 282 0
79452:get 142019 282 2
79452:breed 282 282
79452:give 142019 282 0
79452:get 142019 282 2
79452:breed 282 282
79452:give 142019 282 0
79452:get 142019 282 2
79452:breed 282 282
79452:give 142019 282 0
79452:get 142019 282 2
79452:breed 282 282
79452:give 142019 282 0
79452:get 142019 282 2
79452:breed 282 282
79452:give 142019 282 0
79452:get 142019 282 2
79452:breed 282 282
79452:give 142019 282 0
79452:get 142019 282 2
79452:breed 282 282
79452:give 142019 282 0
79452:get 142019 282 2
79452:breed 282 282
79452:give 142019 282 0
79452:get 142019 282 2
79452:breed 282 282
79452:give 142019 282 0
50797:accept 0 0
138332:use 732
138332:use 732
138332:study 614
138332:study 614
139967:get 119118 1 100
139967:study 654
139967:study 654
139967:explore
139967:explore
139967:explore
139967:explore
