204 player pl_npc
na Faery player
PL
 pw noyoudont
 lt 260
 kn 20033 20054 20074 20081 20086 20132 20154 20172 20177 20187 \
	20188 20191 20194 20210 20283 20284 20285 20305 20326 20327 20332 \
	20333 20343 20354 20387 20401 20437 20482 20486 20488 20492 20520 \
	20524 20530 20546 20550 20564 20571 20572 20605 20637 20655 20695 \
	20727 20755 20763 20785 20801 20803 20817 20903 20910 20912 20937 \
	20949 20959 20983 21000 21008 21013 21016 21017 21019 21025 21031 \
	21056 21062 21064 21071 21073 21082 21100 21142 21151 21154 21157 \
	21170 21195 21213 21227 21228 21254 21332 21336 21341 21361 21382 \
	21383 21394 21397 21398 21413 21421 21446 21454 21472 21474 21477 \
	21479 21490 21497 21529 21539 21545 21546 21552 21556 21591 21593 \
	21602 21627 21642 21645 21675 21676 21698 21717 21729 21735 21742 \
	21751 21759 21764 21795 21800 21823 21838 21856 21888 21903 21928 \
	21959 21978 22016 22031 22042 22096 22097 22154 22178 22197 22199 \
	22201 22251 22268 22285 22304 22309 22349 22397 22417 22431 22434 \
	22464 22485 22500 22552 22597 22609 22611 22612 22639 22664 22682 \
	22685 22686 22693 22711 22716 22738 22788 22790 22812 22855 22872 \
	22910 22911 22923 22925 22926 22927 22934 22948 22958 22979 22988 \
	23033 23034 23042 23069 23097 23102 23120 23138 23152 23154 23178 \
	23194 23209 23217 23223 23242 23265 23349 23357 23395 23420 23422 \
	23436 23466 23468 23474 23481 23499 23531 23543 23560 23579 23593 \
	23600 23628 23640 23660 23668 23695 23707 23712 23716 23727 23781 \
	23786 23817 23826 23855 23856 23881 23882 23905 23906 23928 23980 \
	23983 23988 24006 24029 24058 24106 24109 24119 24124 24142 24145 \
	24178 24196 24228 24241 24243 24258 24264 24295 24309 24320 24473 \
	24487 24527 24531 24588 24623 24695 24771 24773 24802 24803 24808 \
	24810 24846 24854 24862 24873 24917 24919 24920 24922 24986 24991 \
	24998 25022 25024 25060 25076 25094 25112 25120 25122 25161 25162 \
	25192 25193 25194 25211 25225 25278 25287 25293 25324 25342 25343 \
	25403 25420 25433 25441 25455 25474 25494 25502 25512 25529 25531 \
	25590 25601 25617 25634 25635 25657 25688 25708 25765 25786 25800 \
	25801 25820 25844 25845 25869 25897 25950 25984 26052 26070 26084 \
	26131 26139 26148 26157 26162 26172 26183 26213 26218 26227 26274 \
	26304 26318 26328 26344 26347 26349 26353 26388 26397 26402 26411 \
	26415 26444 26450 26459 26464 26465 26467 26474 26493 26496 26497 \
	26520 26536 26543 26554 26576 26592 26604 26687 26727 26732 26738 \
	26753 26786 26835 26840 26844 26860 26878 26879 26903 26904 26926 \
	26953 26959 26983 27033 27043 27045 27062 27072 27101 27111 27154 \
	27162 27178 27188 27189 27210 27213 27236 27239 27244 27247 27346 \
	27353 27360 27393 27394 27399 27411 27413 27415 27418 27419 27436 \
	27440 27507 27524 27534 27550 27570 27577 27584 27630 27696 27701 \
	27708 27714 27715 27716 27731 27734 27736 27750 27765 27785 27819 \
	27836 27867 27886 27894 27900 27914 27916 27938 27942 27948 27978 \
	27987 28003 28019 28021 28053 28093 28094 28098 28148 28163 28222 \
	28227 28231 28235 28236 28239 28257 28272 28299 28315 28320 28339 \
	28363 28364 28389 28410 28425 28468 28476 28483 28484 28495 28520 \
	28538 28543 28554 28557 28566 28568 28588 28610 28624 28682 28699 \
	28716 28759 28777 28778 28799 28868 28897 28904 28905 28939 28962 \
	28974 29007 29040 29053 29079 29095 29096 29101 29107 29108 29124 \
	29133 29151 29183 29195 29196 29210 29223 29229 29230 29239 29249 \
	29252 29259 29266 29290 29297 29307 29318 29356 29373 29377 29388 \
	29390 29396 29398 29451 29468 29483 29506 29509 29511 29520 29523 \
	29541 29544 29546 29563 29570 29587 29618 29632 29642 29648 29692 \
	29693 29702 29714 29715 29717 29720 29729 29764 29765 29771 29779 \
	29780 29781 29827 29921 29931 29933 29955 29956 30002 30027 30059 \
	30065 30066 30077 30090 30093 30116 30129 30133 30136 30154 30205 \
	30212 30213 30221 30226 30233 30251 30263 30264 30273 30291 30307 \
	30311 30327 30329 30335 30361 30366 30383 30415 30422 30437 30438 \
	30465 30468 30485 30492 30500 30538 30540 30541 30560 30561 30571 \
	30587 30627 30640 30646 30647 30652 30662 30668 30683 30691 30693 \
	30715 30729 30731 30741 30747 30748 30759 30792 30803 30819 30846 \
	30849 30860 30868 30881 30895 30902 30912 30919 30952 30954 30999 \
	31028 31030 31047 31096 31129 31144 31166 31205 31217 31252 31259 \
	31265 31270 31287 31292 31298 31302 31319 31351 31359 31364 31384 \
	31388 31421 31444 31446 31459 31464 31484 31485 31497 31526 31556 \
	31568 31577 31579 31584 31587 31624 31648 31662 31667 31668 31709 \
	31724 31728 31773 31807 31880 31884 31887 31890 31895 31903 31918 \
	31940 31943 31953 32019 32026 32129 32134 32149 32164 32175 32176 \
	32200 32262 32267 32294 32318 32326 32348 32350 32400 32408 32423 \
	32428 32432 32454 32456 32460 32469 32471 32549 32575 32596 32614 \
	32615 32639 32653 32657 32674 32688 32704 32711 32716 32771 32787 \
	32794 32813 32831 32836 32843 32855 32869 32872 32885 32912 32938 \
	32941 32962 32973 32984 32996 32997 32999 33019 33040 33041 33049 \
	33053 33059 33093 33095 33130 33137 33174 33180 33187 33220 33234 \
	33241 33246 33249 33269 33270 33277 33283 33322 33337 33347 33354 \
	33371 33373 33374 33381 33404 33433 33452 33454 33465 33481 33493 \
	33506 33513 33519 33537 33538 33582 33610 33615 33619 33628 33634 \
	33645 33652 33671 33673 33685 33711 33750 33761 33802 33804 33823 \
	33842 33855 33859 33861 33883 33929 33933 33971 34002 34014 34055 \
	34063 34079 34080 34101 34120 34132 34139 34140 34149 34168 34181 \
	34203 34213 34221 34250 34260 34289 34325 34326 34368 34369 34383 \
	34388 34397 34398 34410 34412 34425 34428 34430 34456 34482 34484 \
	34492 34498 34560 34568 34573 34588 34600 34611 34613 34630 34654 \
	34664 34694 34701 34721 34726 34728 34752 34759 34787 34817 34845 \
	34854 34855 34856 34861 34872 34875 34903 34909 34922 34937 34940 \
	34957 34981 34993 34998 34999 35040 35052 35088 35098 35115 35135 \
	35138 35146 35160 35163 35175 35205 35216 35282 35292 35316 35332 \
	35334 35347 35371 35375 35378 35400 35416 35418 35453 35464 35477 \
	35487 35500 35502 35509 35521 35522 35539 35575 35601 35618 35675 \
	35682 35686 35706 35712 35713 35741 35782 35810 35818 35839 35851 \
	35881 35926 35929 35962 35997 36009 36019 36031 36039 36053 36058 \
	36063 36065 36107 36117 36154 36178 36217 36228 36229 36238 36247 \
	36250 36260 36273 36274 36291 36302 36308 36321 36342 36361 36416 \
	36425 36478 36489 36495 36509 36515 36543 36554 36565 36566 36620 \
	36623 36625 36664 36681 36731 36737 36740 36773 36807 36811 36882 \
	36897 36917 36936 36937 36958 36967 36982 36992 37009 37012 37046 \
	37053 37065 37068 37139 37171 37174 37184 37202 37215 37219 37223 \
	37232 37235 37236 37237 37239 37253 37273 37292 37303 37310 37312 \
	37326 37348 37368 37389 37413 37445 37452 37459 37468 37469 37470 \
	37472 37514 37536 37538 37542 37590 37618 37620 37635 37664 37683 \
	37699 37737 37767 37807 37816 37832 37833 37848 37880 37902 37922 \
	37929 37930 37952 38001 38012 38045 38085 38091 38100 38104 38132 \
	38136 38157 38167 38188 38200 38220 38240 38260 38307 38347 38354 \
	38355 38387 38417 38427 38435 38476 38496 38530 38535 38547 38548 \
	38553 38563 38566 38607 38608 38631 38649 38669 38685 38711 38786 \
	38796 38850 38878 38889 38898 38902 38907 38911 38915 38921 38925 \
	38936 38967 38970 38972 38995 39000 39017 39040 39042 39061 39063 \
	39114 39118 39147 39151 39216 39228 39236 39263 39273 39282 39284 \
	39295 39321 39335 39349 39357 39358 39360 39398 39420 39435 39448 \
	39503 39504 39531 39548 39581 39627 39628 39642 39644 39650 39653 \
	39691 39738 39740 39746 39763 39778 39783 39812 39813 39831 39832 \
	39854 39886 39894 39903 39904 39909 39939 39945 39946 39947 39960 \
	39979 40002 40004 40014 40031 40052 40057 40059 40080 40098 40099 \
	40102 40107 40113 40127 40128 40164 40234 40235 40252 40272 40275 \
	40279 40284 40296 40337 40340 40354 40359 40366 40373 40379 40385 \
	40415 40425 40427 40440 40468 40490 40506 40528 40550 40560 40583 \
	40596 40626 40648 40659 40667 40703 40724 40733 40735 40762 40764 \
	40770 40772 40779 40787 40846 40853 40875 40881 40900 40910 40949 \
	40983 40985 41033 41129 41141 41166 41167 41172 41193 41196 41212 \
	41217 41218 41227 41291 41296 41308 41314 41326 41354 41380 41440 \
	41447 41454 41474 41493 41497 41501 41507 41531 41533 41550 41551 \
	41553 41580 41614 41618 41620 41629 41667 41677 41680 41683 41736 \
	41775 41786 41798 41803 41852 41865 41876 41877 41898 41935 41939 \
	41941 41983 41997 42002 42009 42020 42056 42060 42076 42084 42097 \
	42148 42176 42189 42191 42199 42206 42224 42227 42264 42283 42287 \
	42317 42320 42326 42334 42339 42344 42362 42381 42404 42416 42420 \
	42421 42427 42430 42452 42468 42484 42522 42523 42533 42536 42550 \
	42552 42574 42597 42604 42614 42617 42621 42623 42625 42646 42685 \
	42691 42692 42718 42757 42765 42769 42772 42775 42778 42792 42811 \
	42818 42819 42820 42861 42864 42870 42933 42965 42969 42983 42994 \
	43018 43056 43061 43066 43069 43081 43122 43150 43151 43162 43163 \
	43171 43202 43204 43205 43213 43232 43257 43258 43262 43277 43301 \
	43313 43324 43329 43355 43404 43410 43433 43434 43462 43482 43520 \
	43530 43562 43613 43627 43750 43755 43779 43795 43814 43816 43825 \
	43895 43898 43902 43912 43915 43932 43946 43972 43973 43974 43979 \
	43984 44008 44009 44033 44045 44048 44089 44093 44096 44125 44138 \
	44150 44167 44174 44181 44213 44238 44259 44271 44272 44322 44324 \
	44332 44338 44389 44408 44429 44447 44448 44454 44520 44534 44600 \
	44605 44612 44634 44639 44645 44673 44697 44709 44712 44722 44723 \
	44728 44735 44741 44747 44768 44771 44788 44791 44806 44823 44836 \
	44842 44850 44909 44931 44949 44966 44979 44980 44994 45022 45091 \
	45151 45154 45182 45197 45199 45213 45262 45273 45274 45279 45294 \
	45309 45313 45350 45352 45355 45393 45395 45434 45451 45465 45478 \
	45483 45491 45575 45620 45639 45648 45651 45728 45731 45733 45738 \
	45739 45746 45798 45822 45854 45884 45938 45983 46010 46025 46028 \
	46042 46047 46060 46079 46125 46127 46131 46136 46143 46155 46161 \
	46163 46192 46216 46232 46240 46258 46274 46279 46285 46286 46331 \
	46339 46341 46342 46347 46352 46359 46397 46399 46402 46427 46430 \
	46453 46498 46511 46520 46525 46535 46546 46552 46563 46580 46582 \
	46589 46601 46602 46609 46616 46618 46637 46650 46655 46699 46701 \
	46738 46755 46757 46766 46776 46780 46781 46788 46801 46803 46805 \
	46820 46854 46879 46915 46937 46938 46953 46964 46978 47018 47040 \
	47043 47048 47049 47051 47056 47065 47089 47094 47110 47125 47142 \
	47186 47226 47263 47267 47269 47302 47314 47331 47341 47355 47378 \
	47382 47383 47405 47406 47411 47425 47439 47457 47492 47494 47544 \
	47602 47633 47669 47675 47679 47713 47771 47797 47798 47799 47819 \
	47821 47830 47862 47872 47873 47875 47910 47915 47951 47952 47966 \
	47978 47982 48012 48032 48034 48050 48069 48077 48094 48117 48125 \
	48141 48184 48194 48196 48199 48211 48217 48265 48279 48284 48308 \
	48311 48326 48341 48353 48393 48402 48428 48442 48453 48495 48501 \
	48502 48533 48534 48549 48551 48559 48563 48582 48609 48649 48665 \
	48668 48681 48727 48734 48741 48764 48821 48833 48844 48863 48867 \
	48884 48885 48899 48900 48974 48977 49007 49045 49059 49062 49076 \
	49083 49104 49113 49119 49124 49125 49138 49141 49158 49184 49222 \
	49246 49248 49368 49383 49416 49439 49440 49442 49459 49475 49480 \
	49543 49554 49562 49608 49615 49617 49620 49673 49682 49711 49715 \
	49717 49725 49759 49764 49772 49778 49789 49813 49837 49840 49843 \
	49861 49872 49903 49919 49923 49952 49958 49969 49982 49988 
 un 97570 82560 98244 85714 83210 88056 80484 92068 95562 \
	92308 82941 84549 91241 88736 92795 
 uf 8600 7543 9084 7388 6402 
MI
 nm 67191 

97570 char ni
na Faery Hunt
il	25 72
LI
 wh 31579
CH
 ni 25
 lo 204
 he 100
 lk 4
 at 60
 df 60
MI
 di 1
CO
 li move north
 ar 0 1 31579 0 0 15 43972 0
 st 1
 de 15
 pr 2

82560 char ni
na Faery Hunt
il	25 42
LI
 wh 22285
CH
 ni 25
 lo 204
 he 100
 lk 4
 at 60
 df 60
MI
 di 3
CO
 li move south
 ar 0 3 22285 0 0 12 40128 0
 st 1
 de 12
 pr 2

98244 char ni
na Faery Hunt
il	25 58
LI
 wh 46616
CH
 ni 25
 lo 204
 he 100
 lk 4
 at 60
 df 60
MI
 di 2
CO
 li move east
 ar 0 2 46616 0 0 13 22500 0
 st 1
 de 13
 pr 2

85714 char ni
na Faery Hunt
il	25 33
LI
 wh 39979
CH
 ni 25
 lo 204
 he 100
 lk 4
 at 60
 df 60
MI
 di 3
CO
 li move south
 ar 0 3 39979 0 0 11 41683 0
 st 1
 de 11
 pr 2

83210 char ni
na Faery Hunt
il	25 34
LI
 wh 26554
CH
 ni 25
 lo 204
 he 100
 lk 4
 at 60
 df 60
MI
 di 4
CO
 li move west
 ar 0 4 26554 0 0 11 41803 0
 st 1
 de 11
 pr 2

88056 char ni
na Faery Hunt
il	25 56
LI
 wh 30002
CH
 ni 25
 lo 204
 he 100
 lk 4
 at 60
 df 60
MI
 di 3
CO
 li move south
 ar 0 3 30002 0 0 13 39420 0
 st 1
 de 13
 pr 2

80484 char ni
na Faery Hunt
il	25 41
LI
 wh 20546
CH
 ni 25
 lo 204
 he 100
 lk 4
 at 60
 df 60
MI
 di 4
CO
 li move west
 ar 0 4 20546 0 0 12 37253 0
 st 1
 de 12
 pr 2

92068 char ni
na Faery Hunt
il	25 37
LI
 wh 34957
CH
 ni 25
 lo 204
 he 100
 lk 4
 at 60
 df 60
MI
 di 2
CO
 li move east
 ar 0 2 34957 0 0 11 30500 0
 st 1
 de 11
 pr 2

95562 char ni
na Faery Hunt
il	25 41
LI
 wh 21742
CH
 ni 25
 lo 204
 he 100
 lk 4
 at 60
 df 60
MI
 di 3
CO
 li move south
 ar 0 3 21742 0 0 12 35881 0
 st 1
 de 12
 pr 2

92308 char ni
na Faery Hunt
il	25 56
LI
 wh 25869
CH
 ni 25
 lo 204
 he 100
 lk 4
 at 60
 df 60
MI
 di 1
CO
 li move north
 ar 0 1 25869 0 0 13 36274 0
 st 1
 de 13
 pr 2

82941 char ni
na Faery Hunt
il	25 52
LI
 wh 27415
CH
 ni 25
 lo 204
 he 100
 lk 4
 at 60
 df 60
MI
 di 4
CO
 li move west
 ar 0 4 27415 0 0 13 22417 0
 st 1
 de 13
 pr 2

84549 char ni
na Faery Hunt
il	25 76
LI
 wh 27418
CH
 ni 25
 lo 204
 he 100
 lk 4
 at 60
 df 60
MI
 di 1
CO
 li move north
 ar 0 1 27418 0 0 15 45651 0
 st 1
 de 15
 pr 2

91241 char ni
na Faery Hunt
il	25 73
LI
 wh 29053
CH
 ni 25
 lo 204
 he 100
 lk 4
 at 60
 df 60
MI
 di 4
CO
 li move west
 ar 0 4 29053 0 0 15 26162 0
 st 1
 de 15
 pr 2

88736 char ni
na Faery Hunt
il	25 76
LI
 wh 22611
CH
 ni 25
 lo 204
 he 100
 lk 4
 at 60
 df 60
MI
 di 4
CO
 li move west
 ar 0 4 22611 0 0 15 40252 0
 st 1
 de 15
 pr 2

92795 char ni
na Faery Hunt
il	25 31
LI
 wh 46854
CH
 ni 25
 lo 204
 he 100
 lk 4
 at 60
 df 60
MI
 di 3
CO
 li move south
 ar 0 3 46854 0 0 11 27900 0
 st 1
 de 11
 pr 2

