205 player pl_npc
na King of Hades
PL
 pw noyoudont
 lt 260
 kn 20001 20002 20003 20011 20016 20021 20026 20030 20034 20041 \
	20043 20047 20049 20051 20053 20055 20057 20064 20073 20075 20076 \
	20077 20080 20082 20091 20092 20094 20095 20101 20104 20117 20118 \
	20125 20126 20127 20130 20135 20145 20151 20155 20156 20164 20166 \
	20167 20173 20178 20180 20189 20195 20201 20205 20206 20214 20218 \
	20228 20229 20237 20242 20249 20253 20257 20262 20269 20277 20280 \
	20288 20289 20290 20301 20302 20313 20316 20318 20319 20325 20328 \
	20329 20330 20331 20340 20352 20353 20357 20364 20368 20373 20381 \
	20383 20391 20397 20400 20402 20409 20416 20423 20426 20430 20434 \
	20436 20445 20446 20449 20453 20454 20455 20464 20475 20481 20496 \
	20498 20499 20500 20502 20504 20507 20515 20525 20526 20527 20533 \
	20535 20540 20541 20549 20552 20553 20557 20567 20568 20573 20574 \
	20575 20581 20584 20591 20593 20594 20606 20622 20623 20630 20631 \
	20638 20639 20641 20642 20653 20659 20662 20663 20664 20675 20681 \
	20682 20683 20700 20701 20704 20716 20719 20720 20721 20722 20742 \
	20754 20756 20759 20764 20765 20766 20768 20773 20774 20776 20777 \
	20779 20786 20792 20798 20804 20805 20808 20809 20810 20811 20822 \
	20823 20825 20826 20836 20840 20847 20852 20853 20855 20864 20865 \
	20869 20871 20876 20888 20897 20898 20924 20933 20934 20944 20951 \
	20953 20956 20964 20975 20978 20987 20994 21004 21005 21006 21050 \
	21065 21066 21067 21086 21092 21097 21098 21105 21117 21120 21121 \
	21130 21135 21143 21145 21152 21153 21155 21159 21167 21178 21190 \
	21194 21196 21197 21201 21202 21203 21204 21210 21212 21230 21233 \
	21238 21243 21252 21258 21261 21262 21267 21269 21270 21273 21275 \
	21276 21280 21281 21284 21292 21293 21303 21304 21314 21325 21333 \
	21334 21343 21345 21346 21347 21349 21350 21351 21352 21359 21364 \
	21366 21367 21370 21375 21385 21403 21410 21418 21426 21430 21436 \
	21439 21443 21444 21445 21455 21456 21458 21463 21466 21471 21481 \
	21487 21500 21501 21502 21511 21512 21523 21528 21530 21531 21532 \
	21542 21547 21548 21549 21550 21553 21554 21555 21560 21561 21562 \
	21572 21575 21576 21578 21584 21587 21588 21589 21590 21594 21600 \
	21603 21604 21605 21609 21615 21616 21623 21632 21638 21651 21652 \
	21653 21654 21655 21657 21667 21668 21674 21677 21678 21687 21691 \
	21702 21704 21716 21719 21720 21730 21731 21736 21745 21760 21768 \
	21773 21777 21793 21794 21797 21799 21806 21808 21814 21822 21826 \
	21827 21839 21850 21854 21858 21859 21868 21885 21894 21915 21921 \
	21925 21927 21937 21940 21941 21952 21954 21965 21967 21969 21977 \
	21988 21990 21991 21993 21994 22006 22018 22019 22020 22021 22022 \
	22023 22028 22033 22035 22040 22043 22047 22048 22062 22068 22074 \
	22079 22085 22098 22113 22114 22115 22117 22119 22120 22126 22130 \
	22133 22134 22139 22143 22152 22159 22160 22161 22162 22172 22175 \
	22179 22180 22188 22198 22203 22230 22232 22238 22242 22253 22254 \
	22270 22271 22274 22276 22287 22292 22293 22297 22299 22301 22302 \
	22303 22305 22307 22324 22327 22343 22346 22350 22351 22354 22358 \
	22360 22361 22362 22368 22371 22375 22377 22378 22380 22387 22389 \
	22407 22411 22413 22418 22421 22432 22435 22437 22449 22457 22468 \
	22472 22480 22482 22483 22486 22487 22488 22489 22493 22495 22497 \
	22501 22513 22515 22526 22536 22548 22554 22561 22564 22579 22589 \
	22593 22599 22606 22617 22618 22636 22646 22647 22655 22658 22659 \
	22661 22662 22663 22708 22718 22729 22742 22744 22754 22756 22759 \
	22766 22776 22778 22787 22792 22793 22797 22800 22804 22805 22808 \
	22831 22832 22834 22840 22845 22863 22865 22873 22875 22899 22908 \
	22920 22928 22929 22930 22935 22940 22947 22950 22952 22953 22956 \
	22957 22959 22960 22962 22963 22972 22974 22981 22995 23000 23005 \
	23008 23012 23014 23023 23024 23029 23035 23043 23053 23062 23075 \
	23076 23078 23087 23088 23091 23093 23113 23127 23130 23135 23139 \
	23140 23141 23145 23146 23153 23155 23167 23171 23176 23177 23180 \
	23182 23186 23190 23196 23199 23202 23203 23211 23215 23228 23232 \
	23233 23234 23236 23248 23260 23264 23266 23267 23270 23271 23272 \
	23273 23277 23279 23280 23296 23298 23308 23310 23317 23334 23337 \
	23342 23343 23346 23348 23351 23352 23353 23354 23358 23359 23361 \
	23376 23378 23380 23381 23385 23386 23396 23397 23398 23399 23402 \
	23405 23415 23421 23423 23428 23439 23452 23453 23455 23463 23467 \
	23470 23475 23479 23484 23488 23489 23498 23505 23508 23510 23511 \
	23515 23517 23528 23529 23530 23533 23538 23539 23566 23571 23584 \
	23589 23590 23596 23606 23614 23622 23625 23638 23647 23654 23655 \
	23657 23658 23659 23666 23675 23676 23677 23679 23682 23684 23685 \
	23689 23692 23708 23729 23731 23733 23738 23741 23746 23748 23751 \
	23755 23761 23769 23770 23775 23776 23780 23784 23789 23790 23828 \
	23829 23830 23837 23839 23840 23842 23849 23857 23859 23860 23872 \
	23874 23876 23877 23879 23880 23889 23895 23907 23909 23915 23916 \
	23921 23929 23934 23937 23944 23952 23954 23958 23965 23968 23971 \
	23974 23976 23990 23997 24005 24011 24012 24031 24034 24039 24043 \
	24048 24055 24057 24059 24060 24063 24067 24068 24071 24082 24086 \
	24103 24107 24112 24113 24117 24120 24122 24125 24127 24132 24133 \
	24134 24147 24148 24149 24155 24156 24158 24162 24165 24168 24170 \
	24181 24184 24188 24190 24192 24193 24194 24197 24200 24201 24208 \
	24210 24218 24223 24227 24229 24230 24231 24236 24237 24239 24240 \
	24242 24251 24252 24271 24272 24289 24293 24301 24302 24303 24312 \
	24315 24317 24318 24330 24333 24335 24338 24340 24343 24351 24359 \
	24361 24362 24367 24372 24373 24375 24389 24390 24391 24395 24397 \
	24399 24400 24403 24405 24413 24420 24422 24423 24424 24429 24432 \
	24433 24444 24449 24453 24456 24459 24463 24465 24471 24476 24477 \
	24490 24496 24499 24505 24508 24522 24525 24532 24533 24534 24539 \
	24543 24547 24552 24559 24564 24566 24568 24570 24571 24572 24573 \
	24586 24589 24593 24601 24602 24604 24614 24618 24620 24621 24622 \
	24624 24625 24628 24634 24643 24660 24662 24667 24678 24684 24691 \
	24699 24706 24728 24729 24740 24741 24743 24748 24762 24763 24766 \
	24779 24780 24793 24795 24800 24801 24807 24809 24811 24813 24824 \
	24825 24830 24832 24836 24843 24849 24855 24874 24881 24901 24909 \
	24910 24913 24927 24932 24933 24934 24936 24948 24959 24965 24969 \
	24996 25000 25013 25017 25025 25029 25040 25050 25064 25072 25077 \
	25083 25089 25092 25095 25097 25099 25101 25102 25105 25113 25114 \
	25130 25132 25151 25155 25157 25168 25171 25175 25187 25191 25195 \
	25197 25200 25201 25203 25208 25221 25222 25226 25235 25240 25242 \
	25262 25263 25264 25276 25279 25280 25284 25288 25312 25316 25320 \
	25325 25335 25339 25354 25355 25357 25364 25367 25369 25371 25372 \
	25385 25400 25402 25404 25405 25406 25414 25425 25438 25446 25448 \
	25454 25457 25459 25464 25466 25467 25471 25476 25491 25495 25500 \
	25504 25505 25530 25535 25543 25552 25565 25567 25569 25574 25577 \
	25578 25579 25585 25586 25598 25602 25603 25611 25612 25627 25636 \
	25643 25650 25659 25671 25672 25673 25676 25679 25680 25685 25689 \
	25700 25704 25705 25709 25711 25713 25714 25725 25730 25740 25750 \
	25751 25752 25764 25776 25788 25789 25795 25797 25803 25804 25809 \
	25811 25814 25815 25818 25823 25824 25836 25837 25840 25849 25850 \
	25851 25854 25856 25877 25879 25884 25885 25887 25889 25890 25893 \
	25894 25895 25898 25917 25921 25922 25931 25933 25935 25937 25940 \
	25942 25943 25949 25957 25961 25963 25967 25969 25985 25996 26017 \
	26027 26033 26045 26046 26047 26049 26054 26061 26066 26067 26076 \
	26079 26087 26091 26094 26097 26098 26108 26109 26113 26117 26120 \
	26122 26125 26128 26133 26135 26137 26138 26155 26161 26167 26169 \
	26173 26180 26182 26190 26192 26202 26204 26212 26215 26222 26224 \
	26234 26237 26238 26245 26251 26257 26265 26266 26285 26305 26319 \
	26322 26331 26332 26333 26334 26346 26354 26366 26382 26385 26390 \
	26392 26394 26395 26399 26405 26406 26420 26426 26428 26435 26441 \
	26446 26452 26455 26456 26466 26468 26482 26484 26485 26487 26489 \
	26494 26495 26508 26514 26538 26542 26548 26551 26568 26598 26605 \
	26606 26609 26610 26615 26622 26626 26634 26636 26637 26643 26648 \
	26649 26651 26657 26659 26660 26669 26670 26683 26684 26692 26700 \
	26702 26711 26713 26714 26716 26728 26733 26734 26741 26746 26747 \
	26757 26765 26769 26773 26778 26783 26784 26787 26794 26798 26799 \
	26812 26816 26824 26826 26828 26832 26836 26837 26839 26841 26842 \
	26864 26866 26871 26872 26882 26897 26906 26909 26910 26911 26928 \
	26931 26936 26947 26950 26954 26965 26967 26968 26970 26971 26975 \
	26980 26982 26994 26997 26999 27002 27010 27016 27023 27025 27026 \
	27030 27041 27044 27058 27061 27063 27065 27066 27071 27073 27074 \
	27085 27087 27088 27091 27093 27096 27097 27099 27102 27104 27107 \
	27121 27126 27128 27131 27136 27137 27138 27139 27150 27156 27157 \
	27163 27169 27174 27176 27191 27192 27203 27206 27214 27215 27217 \
	27222 27240 27241 27242 27248 27249 27250 27251 27252 27253 27254 \
	27256 27258 27260 27261 27264 27271 27274 27277 27280 27281 27286 \
	27288 27289 27294 27295 27307 27310 27311 27319 27323 27325 27326 \
	27337 27345 27348 27355 27356 27363 27375 27379 27391 27392 27396 \
	27400 27404 27420 27421 27437 27442 27446 27453 27458 27459 27466 \
	27467 27468 27481 27486 27487 27488 27493 27498 27508 27509 27510 \
	27511 27516 27523 27525 27526 27536 27543 27551 27553 27554 27561 \
	27563 27564 27575 27585 27591 27594 27602 27613 27621 27634 27642 \
	27649 27651 27653 27659 27661 27664 27665 27666 27667 27669 27671 \
	27692 27698 27699 27700 27702 27705 27707 27709 27717 27718 27719 \
	27721 27722 27723 27738 27751 27755 27759 27761 27763 27766 27767 \
	27772 27775 27776 27777 27778 27782 27783 27786 27790 27794 27804 \
	27805 27806 27808 27813 27825 27832 27839 27843 27844 27845 27847 \
	27849 27852 27853 27858 27869 27871 27872 27875 27876 27883 27898 \
	27905 27906 27911 27917 27918 27922 27933 27934 27952 27953 27959 \
	27970 27979 27982 27994 27996 27997 27999 28002 28004 28005 28006 \
	28007 28009 28010 28012 28017 28018 28028 28029 28030 28031 28034 \
	28041 28045 28046 28047 28050 28059 28061 28075 28080 28083 28092 \
	28095 28096 28099 28108 28110 28113 28117 28123 28126 28127 28138 \
	28142 28144 28147 28151 28155 28169 28174 28197 28201 28211 28214 \
	28215 28218 28220 28223 28234 28237 28238 28241 28255 28256 28266 \
	28277 28283 28284 28291 28292 28295 28306 28312 28327 28329 28332 \
	28340 28348 28349 28352 28353 28357 28360 28372 28374 28377 28378 \
	28381 28382 28384 28391 28394 28399 28407 28408 28414 28415 28417 \
	28419 28428 28431 28440 28441 28448 28449 28453 28458 28470 28480 \
	28488 28489 28490 28494 28497 28498 28499 28502 28507 28510 28515 \
	28517 28533 28545 28555 28561 28562 28576 28578 28585 28590 28595 \
	28600 28604 28606 28618 28619 28623 28625 28643 28645 28648 28652 \
	28656 28658 28661 28664 28670 28676 28679 28680 28681 28685 28702 \
	28704 28709 28711 28712 28731 28743 28748 28780 28781 28787 28791 \
	28793 28800 28802 28815 28817 28818 28819 28832 28836 28840 28860 \
	28863 28867 28869 28876 28886 28895 28896 28898 28906 28907 28910 \
	28916 28918 28927 28928 28933 28935 28938 28940 28941 28942 28951 \
	28953 28995 28996 29002 29003 29004 29021 29022 29023 29032 29055 \
	29065 29067 29068 29073 29080 29092 29093 29097 29102 29103 29109 \
	29110 29125 29127 29128 29138 29139 29154 29158 29159 29172 29177 \
	29192 29204 29207 29211 29220 29224 29225 29227 29253 29255 29262 \
	29268 29269 29273 29288 29294 29300 29301 29315 29320 29321 29326 \
	29331 29334 29335 29336 29339 29343 29344 29352 29355 29361 29371 \
	29372 29375 29380 29382 29383 29386 29394 29397 29407 29412 29420 \
	29422 29423 29424 29425 29426 29427 29428 29430 29432 29455 29470 \
	29471 29473 29474 29476 29479 29481 29488 29493 29498 29503 29505 \
	29512 29540 29545 29552 29557 29580 29581 29582 29584 29588 29590 \
	29591 29603 29606 29609 29612 29630 29631 29637 29640 29643 29644 \
	29645 29651 29659 29668 29676 29678 29679 29681 29684 29685 29697 \
	29699 29708 29711 29730 29741 29743 29749 29754 29772 29782 29783 \
	29784 29788 29790 29794 29800 29802 29810 29816 29818 29825 29830 \
	29831 29833 29839 29846 29847 29855 29856 29857 29859 29866 29891 \
	29894 29909 29912 29914 29923 29934 29945 29953 29957 29959 29960 \
	29961 29962 29964 29967 29973 29975 29976 29979 29993 30000 30001 \
	30004 30006 30011 30016 30021 30030 30036 30041 30045 30067 30068 \
	30082 30083 30094 30097 30102 30111 30117 30118 30125 30131 30134 \
	30145 30146 30155 30164 30170 30172 30181 30189 30195 30196 30200 \
	30208 30223 30239 30244 30248 30261 30262 30267 30269 30275 30279 \
	30287 30293 30308 30316 30318 30319 30330 30333 30351 30353 30354 \
	30356 30382 30402 30404 30405 30417 30418 30420 30424 30439 30450 \
	30454 30482 30487 30498 30507 30512 30519 30522 30525 30528 30530 \
	30532 30533 30535 30543 30544 30545 30546 30548 30556 30557 30563 \
	30566 30594 30595 30609 30610 30615 30618 30621 30622 30624 30628 \
	30629 30636 30639 30641 30644 30648 30650 30651 30655 30656 30658 \
	30669 30678 30679 30689 30696 30698 30700 30701 30710 30713 30725 \
	30732 30739 30743 30744 30746 30751 30753 30760 30761 30774 30775 \
	30776 30780 30781 30786 30787 30793 30796 30812 30814 30821 30828 \
	30830 30833 30834 30835 30836 30839 30847 30851 30854 30858 30862 \
	30866 30870 30871 30882 30883 30885 30891 30896 30897 30907 30909 \
	30913 30915 30917 30925 30934 30935 30936 30943 30946 30958 30959 \
	30964 30965 30966 30970 30983 30991 30993 31000 31002 31003 31004 \
	31023 31027 31029 31031 31034 31037 31048 31051 31053 31054 31058 \
	31062 31069 31070 31084 31088 31089 31093 31103 31117 31123 31126 \
	31127 31130 31131 31137 31146 31147 31149 31156 31159 31161 31171 \
	31175 31176 31177 31178 31180 31191 31192 31195 31198 31201 31208 \
	31219 31241 31242 31248 31251 31257 31261 31264 31275 31279 31288 \
	31294 31295 31296 31297 31304 31315 31320 31339 31348 31350 31353 \
	31354 31357 31374 31376 31390 31392 31394 31399 31406 31407 31409 \
	31418 31422 31425 31426 31433 31436 31438 31440 31454 31458 31463 \
	31466 31467 31469 31472 31473 31476 31486 31492 31499 31507 31509 \
	31514 31521 31544 31547 31553 31554 31555 31575 31578 31580 31590 \
	31592 31599 31600 31603 31611 31617 31618 31623 31625 31634 31638 \
	31639 31640 31642 31644 31649 31650 31657 31660 31663 31671 31672 \
	31673 31685 31688 31697 31698 31704 31710 31711 31718 31722 31727 \
	31735 31744 31746 31752 31762 31765 31766 31774 31778 31787 31789 \
	31791 31797 31798 31800 31808 31810 31823 31824 31830 31839 31841 \
	31842 31843 31845 31854 31855 31856 31866 31867 31879 31881 31883 \
	31885 31899 31904 31909 31910 31917 31920 31926 31927 31928 31932 \
	31934 31962 31964 31968 31971 31976 31980 31981 31982 31985 31991 \
	31997 31998 32010 32012 32020 32023 32030 32044 32047 32048 32054 \
	32058 32059 32061 32062 32068 32070 32076 32080 32081 32082 32087 \
	32096 32097 32098 32119 32124 32128 32138 32144 32155 32156 32157 \
	32159 32166 32170 32177 32178 32179 32180 32181 32185 32198 32204 \
	32205 32206 32210 32222 32226 32239 32244 32263 32265 32268 32275 \
	32289 32299 32311 32312 32313 32314 32319 32321 32322 32327 32330 \
	32336 32352 32355 32374 32375 32381 32382 32384 32393 32396 32398 \
	32405 32406 32410 32413 32415 32417 32420 32431 32433 32434 32443 \
	32450 32452 32457 32459 32477 32478 32495 32496 32506 32509 32510 \
	32511 32514 32515 32520 32521 32529 32533 32536 32538 32545 32548 \
	32562 32565 32570 32576 32577 32578 32585 32616 32617 32625 32629 \
	32634 32640 32641 32642 32651 32652 32654 32659 32670 32673 32680 \
	32681 32687 32689 32690 32693 32698 32703 32718 32720 32721 32724 \
	32725 32726 32727 32730 32734 32742 32762 32779 32781 32786 32803 \
	32804 32805 32817 32820 32833 32837 32838 32841 32842 32844 32845 \
	32847 32850 32863 32873 32879 32886 32897 32898 32905 32923 32931 \
	32932 32940 32952 32957 32959 32961 32963 32968 32978 32980 32983 \
	32990 33004 33006 33008 33014 33018 33020 33023 33028 33034 33048 \
	33054 33061 33063 33067 33070 33072 33086 33087 33096 33097 33114 \
	33121 33122 33124 33126 33127 33128 33132 33136 33138 33143 33158 \
	33170 33171 33176 33177 33178 33179 33181 33182 33212 33214 33215 \
	33216 33217 33221 33225 33226 33238 33240 33244 33247 33250 33252 \
	33268 33275 33285 33286 33289 33296 33302 33303 33304 33318 33330 \
	33334 33338 33341 33345 33356 33363 33365 33378 33380 33384 33391 \
	33392 33395 33402 33405 33407 33416 33417 33418 33419 33420 33437 \
	33457 33461 33469 33471 33486 33500 33514 33515 33518 33520 33531 \
	33532 33535 33536 33546 33572 33573 33574 33580 33591 33593 33601 \
	33604 33605 33608 33612 33614 33621 33632 33643 33644 33646 33647 \
	33650 33664 33665 33672 33674 33675 33688 33689 33693 33700 33717 \
	33718 33719 33720 33725 33734 33739 33743 33744 33746 33757 33765 \
	33767 33773 33774 33777 33779 33781 33782 33783 33805 33806 33807 \
	33812 33813 33814 33819 33822 33824 33828 33831 33833 33836 33854 \
	33857 33862 33872 33873 33886 33894 33895 33907 33925 33926 33931 \
	33932 33934 33944 33969 33975 33979 33986 33989 33995 33997 34003 \
	34010 34011 34021 34030 34036 34037 34042 34045 34048 34071 34077 \
	34091 34093 34099 34117 34122 34127 34141 34156 34158 34160 34167 \
	34171 34175 34184 34185 34186 34188 34207 34216 34218 34219 34228 \
	34232 34254 34261 34263 34265 34278 34279 34280 34286 34290 34308 \
	34324 34335 34337 34341 34342 34346 34347 34349 34352 34374 34375 \
	34378 34382 34386 34387 34390 34411 34413 34415 34416 34417 34419 \
	34420 34422 34423 34427 34434 34437 34447 34457 34458 34460 34465 \
	34475 34480 34488 34500 34503 34507 34508 34513 34520 34523 34527 \
	34539 34541 34542 34556 34569 34575 34590 34591 34595 34596 34597 \
	34598 34602 34608 34610 34620 34626 34633 34636 34638 34652 34655 \
	34663 34672 34673 34680 34687 34689 34700 34702 34703 34709 34712 \
	34715 34724 34732 34733 34746 34747 34756 34762 34769 34770 34771 \
	34782 34786 34802 34808 34815 34821 34824 34830 34837 34842 34847 \
	34848 34850 34853 34858 34859 34860 34863 34866 34867 34870 34883 \
	34884 34891 34892 34893 34904 34906 34914 34918 34927 34928 34933 \
	34939 34941 34952 34953 34955 34958 34967 34969 34972 34982 34985 \
	34988 35002 35003 35012 35013 35014 35015 35016 35021 35034 35057 \
	35058 35062 35065 35066 35074 35078 35085 35099 35119 35120 35121 \
	35122 35124 35125 35131 35132 35134 35140 35148 35155 35156 35162 \
	35180 35182 35184 35190 35195 35197 35204 35207 35213 35223 35231 \
	35234 35236 35242 35256 35263 35274 35284 35287 35288 35289 35293 \
	35301 35303 35308 35318 35319 35322 35323 35339 35344 35350 35352 \
	35353 35354 35368 35369 35370 35374 35385 35389 35392 35394 35401 \
	35406 35407 35412 35413 35415 35417 35422 35428 35430 35432 35434 \
	35444 35449 35465 35466 35471 35476 35481 35482 35483 35485 35488 \
	35495 35498 35499 35503 35507 35511 35512 35513 35519 35524 35527 \
	35529 35537 35540 35546 35547 35559 35560 35561 35565 35570 35573 \
	35580 35581 35585 35597 35604 35608 35613 35614 35616 35617 35629 \
	35636 35648 35650 35652 35654 35660 35662 35668 35670 35676 35677 \
	35678 35692 35697 35699 35700 35702 35704 35710 35723 35742 35745 \
	35752 35753 35771 35775 35777 35789 35792 35793 35807 35811 35812 \
	35813 35814 35819 35822 35832 35834 35836 35844 35863 35872 35875 \
	35879 35888 35902 35932 35946 35949 35954 35956 35967 35972 35976 \
	35978 35980 35987 35988 35989 35990 35993 35994 35996 35998 36000 \
	36003 36014 36015 36016 36017 36030 36032 36033 36040 36041 36049 \
	36051 36052 36054 36055 36060 36061 36070 36071 36072 36074 36084 \
	36086 36090 36098 36103 36104 36105 36106 36109 36113 36119 36120 \
	36130 36131 36139 36140 36142 36145 36152 36156 36159 36165 36168 \
	36191 36192 36196 36201 36202 36230 36239 36249 36258 36261 36277 \
	36279 36288 36292 36293 36294 36303 36305 36314 36315 36323 36328 \
	36329 36330 36345 36350 36353 36354 36358 36368 36374 36394 36397 \
	36398 36412 36417 36451 36452 36466 36467 36470 36473 36480 36485 \
	36491 36492 36493 36498 36500 36522 36528 36529 36540 36544 36555 \
	36567 36570 36571 36573 36576 36579 36582 36585 36597 36606 36607 \
	36608 36619 36626 36632 36633 36640 36642 36643 36650 36654 36658 \
	36669 36671 36675 36677 36678 36683 36688 36694 36697 36698 36699 \
	36709 36711 36713 36717 36722 36725 36734 36738 36747 36748 36753 \
	36756 36776 36777 36793 36800 36801 36802 36803 36804 36805 36808 \
	36820 36826 36832 36848 36855 36859 36864 36872 36886 36898 36899 \
	36900 36902 36905 36913 36921 36922 36924 36925 36926 36929 36930 \
	36931 36938 36941 36942 36944 36945 36947 36948 36949 36959 36965 \
	36973 36974 36976 36988 36998 37004 37008 37011 37016 37033 37034 \
	37041 37049 37063 37064 37069 37071 37080 37083 37085 37087 37097 \
	37102 37106 37114 37118 37120 37126 37140 37154 37161 37168 37172 \
	37185 37187 37188 37190 37193 37194 37200 37203 37206 37209 37216 \
	37217 37240 37242 37243 37244 37251 37257 37270 37271 37280 37309 \
	37313 37317 37318 37328 37335 37336 37341 37343 37344 37345 37351 \
	37355 37356 37357 37374 37377 37398 37429 37431 37432 37433 37434 \
	37438 37439 37443 37446 37462 37474 37476 37478 37481 37487 37503 \
	37512 37513 37517 37522 37525 37533 37534 37537 37539 37540 37543 \
	37545 37550 37558 37560 37561 37572 37573 37574 37577 37600 37601 \
	37603 37605 37611 37614 37621 37623 37634 37636 37637 37643 37649 \
	37663 37675 37680 37692 37693 37698 37704 37706 37712 37718 37719 \
	37720 37721 37722 37727 37730 37745 37747 37749 37755 37758 37759 \
	37761 37764 37768 37771 37772 37773 37786 37797 37798 37800 37801 \
	37803 37805 37820 37834 37849 37851 37854 37857 37860 37870 37875 \
	37878 37897 37899 37916 37917 37921 37923 37925 37926 37928 37932 \
	37934 37937 37939 37940 37943 37944 37945 37948 37972 37974 37982 \
	37988 37993 38003 38008 38010 38013 38014 38020 38023 38025 38033 \
	38034 38038 38041 38048 38051 38056 38065 38067 38077 38078 38086 \
	38092 38094 38095 38098 38101 38114 38115 38116 38117 38118 38127 \
	38128 38131 38144 38148 38149 38158 38168 38177 38180 38189 38190 \
	38197 38215 38217 38222 38236 38241 38242 38243 38250 38261 38262 \
	38264 38283 38287 38289 38291 38293 38296 38308 38309 38315 38320 \
	38336 38348 38360 38364 38366 38372 38380 38383 38392 38398 38431 \
	38433 38434 38451 38460 38461 38467 38479 38484 38492 38493 38494 \
	38497 38510 38512 38534 38545 38554 38561 38565 38571 38579 38585 \
	38589 38591 38595 38596 38604 38621 38622 38627 38634 38636 38638 \
	38640 38641 38642 38644 38645 38646 38648 38658 38662 38663 38671 \
	38675 38688 38692 38699 38715 38724 38740 38741 38743 38744 38747 \
	38748 38749 38754 38755 38756 38757 38760 38762 38778 38779 38788 \
	38793 38794 38818 38823 38828 38843 38858 38861 38868 38874 38883 \
	38891 38892 38903 38912 38919 38920 38924 38927 38928 38929 38933 \
	38937 38939 38942 38950 38951 38954 38961 38963 38969 38983 38984 \
	38987 38988 38989 38992 39004 39008 39010 39025 39033 39059 39062 \
	39064 39072 39077 39080 39091 39097 39101 39102 39105 39106 39110 \
	39115 39116 39119 39129 39133 39141 39146 39148 39150 39152 39153 \
	39160 39161 39164 39165 39166 39168 39169 39173 39178 39183 39189 \
	39192 39194 39201 39202 39207 39211 39215 39217 39218 39219 39240 \
	39242 39246 39250 39255 39256 39265 39266 39272 39274 39275 39276 \
	39301 39306 39308 39310 39317 39318 39320 39322 39323 39325 39326 \
	39331 39337 39348 39359 39375 39376 39377 39386 39387 39389 39394 \
	39399 39400 39401 39402 39404 39406 39408 39412 39413 39415 39421 \
	39425 39428 39429 39430 39436 39439 39440 39441 39442 39443 39456 \
	39464 39465 39468 39469 39485 39486 39487 39490 39491 39495 39505 \
	39511 39512 39522 39529 39530 39538 39546 39550 39553 39554 39568 \
	39573 39580 39591 39596 39598 39599 39604 39610 39613 39614 39622 \
	39623 39625 39626 39646 39647 39654 39657 39682 39687 39688 39703 \
	39720 39731 39732 39734 39745 39754 39755 39774 39776 39780 39781 \
	39782 39785 39786 39787 39789 39794 39799 39806 39809 39816 39818 \
	39821 39825 39837 39840 39864 39875 39877 39883 39889 39898 39899 \
	39906 39908 39912 39918 39920 39923 39925 39926 39927 39930 39931 \
	39933 39935 39940 39949 39952 39953 39954 39955 39958 39963 39965 \
	39967 39968 39974 39984 39991 39992 40006 40007 40015 40019 40037 \
	40045 40048 40074 40085 40086 40087 40088 40094 40117 40118 40123 \
	40131 40132 40138 40154 40155 40162 40163 40167 40180 40194 40202 \
	40205 40211 40218 40220 40232 40233 40236 40239 40241 40242 40248 \
	40254 40260 40262 40263 40270 40280 40281 40288 40300 40308 40314 \
	40320 40324 40326 40334 40341 40343 40352 40358 40360 40364 40372 \
	40374 40377 40382 40391 40392 40393 40395 40400 40411 40416 40417 \
	40424 40441 40448 40460 40461 40462 40471 40474 40475 40476 40478 \
	40479 40493 40498 40510 40515 40518 40523 40525 40530 40532 40539 \
	40546 40551 40571 40573 40574 40590 40593 40597 40599 40603 40612 \
	40616 40621 40622 40643 40645 40655 40663 40670 40677 40679 40683 \
	40697 40698 40711 40712 40714 40715 40725 40728 40736 40738 40746 \
	40747 40753 40765 40766 40767 40773 40774 40775 40776 40781 40783 \
	40795 40803 40808 40824 40827 40836 40843 40854 40856 40857 40876 \
	40895 40896 40898 40903 40904 40909 40915 40916 40918 40924 40936 \
	40937 40938 40943 40944 40948 40950 40958 40971 40972 40980 40982 \
	40984 40988 40996 41003 41004 41006 41020 41023 41026 41032 41042 \
	41043 41045 41057 41063 41068 41073 41075 41076 41077 41079 41087 \
	41088 41090 41096 41102 41103 41108 41119 41121 41128 41130 41136 \
	41138 41157 41160 41163 41173 41174 41183 41194 41201 41206 41209 \
	41211 41214 41223 41226 41238 41240 41243 41247 41249 41250 41264 \
	41269 41270 41273 41286 41295 41297 41307 41315 41318 41321 41325 \
	41331 41332 41335 41344 41348 41351 41352 41363 41373 41386 41390 \
	41392 41395 41396 41397 41399 41407 41412 41424 41432 41433 41448 \
	41455 41456 41461 41462 41464 41470 41487 41494 41495 41502 41503 \
	41508 41510 41511 41524 41526 41532 41535 41552 41554 41556 41563 \
	41565 41568 41579 41582 41583 41588 41591 41593 41600 41601 41608 \
	41636 41637 41643 41644 41654 41659 41660 41661 41663 41666 41674 \
	41702 41708 41715 41722 41723 41731 41737 41739 41740 41741 41742 \
	41748 41750 41757 41764 41766 41771 41772 41773 41774 41779 41787 \
	41790 41792 41796 41797 41799 41804 41808 41813 41818 41826 41828 \
	41831 41836 41837 41838 41846 41847 41853 41854 41856 41858 41867 \
	41868 41878 41884 41889 41900 41901 41905 41906 41917 41926 41928 \
	41929 41932 41944 41950 41952 41962 41963 41966 41971 41973 41982 \
	41984 41985 41991 41995 41996 42001 42007 42008 42010 42028 42040 \
	42052 42055 42062 42075 42085 42086 42092 42103 42108 42114 42118 \
	42119 42132 42133 42137 42142 42149 42150 42151 42153 42166 42167 \
	42177 42178 42183 42188 42193 42194 42197 42198 42200 42208 42210 \
	42212 42213 42228 42241 42242 42248 42249 42255 42257 42261 42266 \
	42267 42269 42271 42273 42279 42280 42281 42291 42292 42301 42311 \
	42313 42323 42327 42328 42330 42337 42341 42342 42346 42352 42353 \
	42367 42387 42394 42396 42402 42406 42408 42417 42428 42434 42435 \
	42436 42444 42449 42462 42465 42469 42478 42480 42485 42487 42493 \
	42495 42496 42517 42525 42541 42543 42547 42549 42551 42553 42554 \
	42575 42576 42577 42584 42586 42592 42594 42601 42618 42619 42628 \
	42632 42633 42634 42635 42637 42645 42649 42654 42660 42661 42662 \
	42678 42686 42693 42696 42697 42707 42712 42717 42720 42730 42732 \
	42737 42761 42762 42766 42784 42786 42793 42797 42802 42812 42823 \
	42825 42833 42834 42841 42846 42847 42849 42850 42858 42862 42863 \
	42865 42866 42867 42871 42873 42875 42877 42885 42890 42891 42905 \
	42911 42913 42920 42923 42927 42935 42942 42958 42960 42966 42973 \
	42976 42978 42979 42982 42989 43003 43011 43013 43016 43019 43020 \
	43022 43026 43041 43042 43058 43064 43067 43071 43073 43075 43082 \
	43089 43099 43103 43107 43118 43119 43123 43128 43129 43130 43143 \
	43148 43153 43164 43165 43172 43173 43174 43185 43186 43189 43190 \
	43196 43203 43206 43214 43220 43228 43230 43247 43248 43251 43253 \
	43254 43255 43256 43259 43261 43267 43269 43273 43280 43282 43287 \
	43290 43291 43298 43303 43326 43334 43338 43347 43349 43354 43358 \
	43365 43367 43369 43382 43384 43388 43389 43390 43394 43398 43399 \
	43407 43413 43419 43421 43424 43425 43426 43432 43435 43436 43437 \
	43441 43447 43472 43484 43487 43489 43492 43495 43496 43498 43502 \
	43506 43510 43514 43515 43522 43529 43535 43541 43542 43543 43548 \
	43557 43574 43580 43583 43595 43602 43603 43607 43611 43614 43615 \
	43620 43639 43652 43656 43688 43695 43704 43705 43715 43717 43720 \
	43722 43727 43733 43739 43751 43753 43758 43772 43781 43786 43787 \
	43788 43791 43796 43807 43808 43809 43810 43811 43812 43817 43831 \
	43839 43842 43846 43849 43851 43854 43858 43872 43875 43884 43886 \
	43888 43889 43893 43899 43903 43906 43909 43914 43917 43925 43927 \
	43930 43931 43938 43945 43949 43950 43953 43960 43985 43987 44004 \
	44006 44010 44011 44018 44019 44022 44023 44026 44028 44032 44036 \
	44041 44042 44043 44047 44058 44060 44062 44063 44070 44077 44088 \
	44097 44109 44110 44112 44116 44120 44124 44126 44127 44149 44155 \
	44169 44183 44184 44186 44190 44202 44203 44209 44211 44215 44239 \
	44240 44241 44243 44261 44265 44279 44288 44296 44307 44316 44326 \
	44329 44330 44333 44345 44347 44348 44356 44361 44362 44364 44365 \
	44368 44369 44377 44378 44381 44386 44390 44391 44392 44398 44401 \
	44403 44404 44405 44421 44428 44434 44440 44442 44446 44451 44453 \
	44455 44458 44464 44465 44472 44479 44482 44488 44492 44493 44505 \
	44507 44509 44510 44511 44515 44518 44528 44536 44554 44558 44559 \
	44560 44562 44570 44577 44581 44583 44585 44594 44603 44609 44610 \
	44613 44620 44621 44623 44630 44631 44633 44635 44636 44643 44644 \
	44646 44656 44657 44660 44663 44665 44674 44677 44679 44689 44710 \
	44713 44719 44727 44732 44740 44742 44744 44749 44753 44763 44767 \
	44772 44775 44779 44780 44781 44782 44786 44793 44803 44807 44809 \
	44814 44815 44820 44828 44833 44843 44844 44845 44851 44856 44857 \
	44859 44860 44861 44862 44863 44865 44867 44868 44869 44874 44875 \
	44882 44883 44884 44887 44893 44900 44905 44918 44919 44921 44922 \
	44923 44926 44932 44938 44942 44946 44952 44953 44955 44957 44958 \
	44959 44960 44961 44962 44967 44968 44989 44992 44999 45006 45008 \
	45012 45016 45027 45031 45034 45038 45039 45047 45049 45050 45051 \
	45054 45062 45063 45066 45067 45082 45093 45109 45112 45113 45118 \
	45119 45123 45125 45131 45133 45134 45136 45139 45141 45143 45147 \
	45152 45162 45170 45172 45183 45185 45188 45189 45192 45200 45201 \
	45202 45203 45204 45210 45215 45216 45224 45227 45228 45234 45236 \
	45240 45242 45246 45247 45263 45266 45270 45271 45275 45283 45285 \
	45288 45302 45306 45310 45311 45317 45319 45329 45337 45338 45344 \
	45353 45356 45363 45365 45367 45370 45372 45374 45375 45386 45387 \
	45388 45389 45394 45398 45400 45401 45405 45415 45416 45418 45423 \
	45441 45443 45447 45450 45455 45463 45468 45469 45471 45474 45484 \
	45485 45487 45495 45496 45499 45501 45502 45505 45506 45507 45522 \
	45557 45563 45572 45587 45588 45597 45610 45613 45618 45619 45621 \
	45635 45636 45638 45640 45644 45645 45647 45649 45655 45657 45660 \
	45661 45666 45667 45675 45676 45698 45700 45703 45715 45717 45719 \
	45720 45725 45736 45744 45745 45756 45762 45767 45770 45771 45777 \
	45784 45792 45797 45799 45803 45805 45806 45810 45812 45814 45816 \
	45817 45819 45832 45833 45834 45835 45856 45860 45868 45870 45872 \
	45880 45882 45889 45901 45902 45903 45905 45907 45913 45918 45925 \
	45933 45946 45950 45951 45953 45954 45960 45961 45964 45974 45975 \
	45976 45979 45984 45993 45996 46001 46003 46017 46019 46020 46023 \
	46027 46031 46041 46043 46048 46051 46067 46068 46081 46082 46083 \
	46093 46102 46114 46116 46130 46132 46137 46142 46152 46167 46173 \
	46177 46183 46184 46195 46196 46198 46201 46204 46206 46207 46210 \
	46211 46217 46218 46222 46223 46225 46229 46230 46235 46241 46242 \
	46252 46259 46261 46275 46280 46281 46318 46325 46334 46335 46337 \
	46344 46346 46370 46383 46385 46392 46403 46404 46415 46418 46420 \
	46421 46424 46429 46432 46436 46437 46449 46450 46451 46457 46466 \
	46468 46473 46477 46479 46480 46481 46489 46502 46519 46527 46529 \
	46532 46547 46553 46564 46565 46570 46572 46586 46593 46597 46600 \
	46603 46610 46621 46626 46638 46642 46645 46651 46663 46664 46665 \
	46666 46667 46686 46689 46690 46693 46694 46703 46726 46739 46742 \
	46749 46750 46752 46753 46759 46760 46761 46785 46796 46807 46808 \
	46812 46813 46819 46821 46822 46825 46826 46827 46833 46835 46836 \
	46838 46842 46848 46855 46862 46867 46870 46881 46888 46897 46898 \
	46899 46911 46916 46919 46926 46948 46952 46954 46959 46962 46971 \
	46972 46975 46976 46977 46988 46992 46993 46994 46996 46997 47002 \
	47003 47028 47052 47059 47066 47076 47078 47087 47090 47095 47105 \
	47106 47120 47126 47128 47129 47131 47135 47159 47166 47176 47177 \
	47179 47182 47183 47194 47196 47199 47200 47201 47207 47208 47209 \
	47211 47216 47219 47220 47223 47225 47232 47247 47264 47268 47273 \
	47274 47282 47287 47297 47303 47305 47308 47311 47313 47316 47327 \
	47336 47353 47360 47367 47373 47375 47384 47390 47393 47400 47403 \
	47420 47424 47441 47446 47447 47458 47470 47483 47485 47490 47497 \
	47502 47507 47519 47549 47562 47568 47572 47573 47576 47577 47588 \
	47598 47600 47603 47604 47605 47613 47621 47625 47626 47631 47632 \
	47637 47638 47647 47660 47662 47663 47671 47676 47677 47680 47684 \
	47687 47688 47691 47699 47700 47701 47702 47714 47720 47728 47730 \
	47732 47733 47737 47744 47747 47748 47749 47753 47757 47758 47761 \
	47764 47767 47773 47780 47793 47817 47818 47822 47826 47840 47853 \
	47856 47861 47865 47877 47879 47881 47882 47885 47887 47890 47894 \
	47896 47899 47908 47911 47917 47920 47922 47930 47931 47934 47943 \
	47944 47945 47947 47958 47959 47962 47974 47975 47976 47980 47985 \
	47986 47990 48009 48015 48030 48033 48046 48049 48059 48061 48065 \
	48068 48071 48078 48081 48082 48091 48092 48093 48098 48101 48123 \
	48124 48137 48150 48154 48161 48169 48170 48172 48181 48191 48195 \
	48197 48198 48207 48212 48215 48219 48227 48230 48246 48250 48253 \
	48258 48280 48283 48286 48287 48289 48293 48299 48301 48307 48312 \
	48313 48315 48316 48321 48324 48330 48333 48363 48371 48372 48377 \
	48383 48384 48387 48388 48390 48395 48400 48408 48413 48417 48419 \
	48422 48433 48438 48444 48449 48451 48455 48461 48470 48471 48475 \
	48477 48478 48481 48484 48489 48490 48499 48503 48507 48512 48522 \
	48525 48526 48530 48531 48532 48537 48544 48547 48548 48572 48575 \
	48578 48579 48588 48601 48606 48610 48621 48626 48629 48639 48640 \
	48642 48643 48644 48650 48651 48652 48653 48657 48658 48667 48669 \
	48670 48672 48673 48674 48676 48677 48688 48694 48695 48700 48718 \
	48719 48723 48728 48729 48732 48733 48735 48736 48747 48748 48756 \
	48767 48768 48772 48775 48780 48785 48790 48810 48812 48816 48823 \
	48831 48841 48849 48851 48860 48866 48872 48881 48882 48888 48898 \
	48902 48909 48914 48918 48931 48942 48947 48953 48954 48965 48973 \
	48975 48978 48982 48988 48989 48994 48995 48996 48998 49002 49008 \
	49011 49018 49036 49041 49046 49047 49048 49052 49053 49067 49068 \
	49069 49073 49075 49089 49100 49107 49118 49120 49126 49129 49130 \
	49143 49144 49150 49151 49160 49177 49178 49185 49191 49193 49214 \
	49216 49220 49225 49226 49233 49234 49249 49251 49257 49258 49261 \
	49272 49274 49278 49290 49293 49294 49313 49320 49321 49322 49323 \
	49325 49330 49337 49339 49341 49350 49369 49370 49376 49378 49386 \
	49402 49407 49408 49409 49410 49419 49430 49432 49450 49454 49460 \
	49464 49466 49470 49471 49474 49483 49485 49486 49489 49493 49523 \
	49529 49534 49544 49548 49550 49560 49578 49598 49599 49600 49601 \
	49602 49603 49610 49626 49633 49634 49643 49661 49662 49672 49686 \
	49687 49688 49689 49690 49708 49709 49712 49718 49733 49739 49742 \
	49760 49761 49762 49765 49769 49779 49785 49788 49791 49792 49793 \
	49796 49798 49809 49820 49826 49833 49836 49858 49866 49877 49878 \
	49884 49885 49888 49893 49902 49904 49907 49910 49913 49916 49918 \
	49922 49927 49943 49944 49950 49953 49960 49966 49979 49984 49987 \
	49994 49997 58590 59022 59095 59114 59121 59148 59168 59209 59229 \
	59251 59252 59334 59342 59450 59468 59474 59493 59519 59543 59549 \
	59587 59647 59653 59665 59708 59717 59761 59772 59819 59821 59828 \
	59857 59898 59916 59929 59930 59968 60046 60059 60072 60092 60134 \
	60142 60166 60169 60269 60301 60314 60320 60321 60384 60392 60403 \
	60450 60453 60480 60483 60550 60576 60579 60595 60649 60666 60674 \
	60684 60722 60785 60797 60808 60818 60827 60838 60860 60910 60930 \
	60979 61061 61157 61164 61166 61167 61197 61200 61292 61315 61316 \
	61317 61326 61342 61351 61484 61486 61516 61535 61617 61660 61718 \
	61733 61754 61801 61872 61885 61912 61914 61927 62005 62006 62037 \
	62105 62112 62115 62133 62147 62215 62231 62246 62249 62296 62321 \
	62326 62348 62414 62419 62470 62492 62496 62535 62572 62613 62632 \
	62671 62679 62685 62708 62718 62744 62757 62758 62760 62792 62881 \
	62957 62963 62965 63015 63020 63081 63113 63154 63165 63187 63196 \
	63216 63276 63284 63323 63347 63354 63355 63372 63393 63406 63408 \
	63434 63473 63500 63517 63526 63545 63553 63587 63614 63615 63694 \
	63735 63754 63803 63833 63914 63984 64044 64051 64058 64070 64082 \
	64085 64169 64178 64243 64319 64321 64385 64409 64436 64513 64612 \
	64656 64776 64792 64793 64831 64888 64903 64917 64920 64931 64950 \
	64973 64987 65027 65117 65161 65170 65337 65377 65394 65432 65434 \
	65455 65457 65553 65567 65580 65672 65708 65799 65809 65880 65903 \
	66009 66038 66084 66134 66140 66165 66190 66204 66215 66218 66241 \
	66258 66275 66288 66296 66347 66373 66471 66590 66671 66702 66729 \
	66732 66762 66764 66792 66805 66882 66889 66890 66920 66935 66940 \
	66941 67009 67018 67083 67182 67183 67192 67211 67223 67227 67264 \
	67323 67331 67343 67345 67396 67413 67446 67456 67514 67570 67587 \
	67637 67644 67650 67675 67724 67739 67831 67904 67925 68015 68108 \
	68121 68146 68183 68191 68220 68227 68266 68278 68283 68284 68306 \
	68315 68322 68335 68341 68404 68415 68428 68446 68475 68541 68557 \
	68579 68663 68706 68750 68769 68856 68906 68980 68993 69057 69114 \
	69194 69220 69227 69234 69252 69327 69339 69449 69479 69494 69526 \
	69545 69617 69651 69670 69673 69676 69677 69699 69721 69738 69824 \
	69837 69838 69862 69892 69894 69929 69946 70011 70012 70054 70065 \
	70084 70091 70110 70128 70149 70154 70156 70175 70193 70229 70244 \
	70279 70318 70359 70368 70372 70397 70402 70412 70444 70556 70632 \
	70654 70671 70676 70693 70753 70771 70774 70786 70836 70866 70894 \
	70902 70904 70990 70996 71007 71035 71159 71201 71203 71269 71303 \
	71314 71353 71359 71416 71422 71431 71468 71507 71514 71534 71537 \
	71576 71592 71609 71615 71638 71678 71688 71690 71704 71712 71760 \
	71761 71772 71785 71854 71871 71883 71892 71990 72044 72056 72110 \
	72148 72169 72180 72181 72226 72245 72277 72288 72321 72378 72392 \
	72473 72484 72499 72571 72639 72642 72677 72688 72694 72722 72736 \
	72752 72802 72824 72828 72980 73014 73060 73092 73143 73150 73179 \
	73180 73188 73213 73254 73270 73300 73301 73318 73333 73428 73473 \
	73584 73585 73595 73610 73642 73653 73655 73667 73685 73819 73826 \
	73832 73845 73858 73869 73922 74049 74094 74144 74147 74148 74157 \
	74206 74279 74350 74420 74468 74521 74679 74717 74738 74772 74873 \
	74899 75018 75038 75041 75096 75110 75136 75146 75166 75190 75202 \
	75204 75212 75213 75244 75341 75421 75424 75430 75436 75479 75487 \
	75520 75542 75567 75572 75616 75658 75685 75712 75717 75759 75783 \
	75856 75860 75861 75871 75902 75912 75953 75958 76096 76118 76198 \
	76234 76264 76296 76315 76397 76453 76516 76580 76584 76655 76656 \
	76709 76711 76784 76870 76892 76905 76910 76917 76942 76963 76969 \
	76989 77012 77046 77050 77074 77104 77106 77127 77143 77179 77197 \
	77211 77244 77268 77281 77328 77330 77381 77383 77433 77444 77473 \
	77490 77497 77530 77589 77642 77678 77721 77743 77771 77779 77922 \
	77923 77991 78031 78043 78053 78061 78106 78110 78187 78196 78292 \
	78334 78408 78429 78476 78516 78529 78538 78541 78542 78606 78616 \
	78743 78755 78772 78864 78877 78923 78924 78939 78976 78979 
 un 1031 6169 5589 4261 9550 85948 3785 3000 95996 \
	9043 80412 5480 1026 81441 4700 4949 9265 6947 8279 5020 \
	92055 6284 9420 85672 5038 
 uf 2090 6210 9831 4420 7789 

1031 char 0
na Ghostly presence
LI
 wh 46703
CH
 lo 205
 he 100
 lk 4
 at 100
 df 100
MI
 di 2
CO
 li move east
 ar 0 2 46703 0 1 7 30006 1
 st 1
 de 7
 pr 2

6169 char 0
na Lesser Demon
il	26 140
LI
 wh 21921
CH
 lo 205
 he 100
 lk 4
 at 250
 df 250
MI
 di 4
CO
 li move west
 ar 0 4 21921 0 1 21 27979 1
 st 1
 de 21
 pr 2

5589 char 0
na Lesser Demon
il	26 52
LI
 wh 48390
CH
 lo 205
 he 100
 lk 4
 at 250
 df 250
MI
 di 4
CO
 li move west
 ar 0 4 48390 0 1 12 28399 1
 st 1
 de 12
 pr 2

4261 char 0
na Greater Demon
il	26 235
LI
 wh 34378
CH
 lo 205
 he 100
 lk 4
 mo 7783
 at 500
 df 500
MI
 di 1
CO
 li move north
 ar 0 1 42228 0 1 21 34378 1
 cs 2
 wa 3
 st 1
 de 18
 pr 2

9550 char 0
na Ghostly presence
LI
 wh 26828
CH
 lo 205
 he 100
 lk 4
 at 100
 df 100
MI
 di 3
CO
 li move south
 ar 0 3 26828 0 1 7 47446 1
 st 1
 de 7
 pr 2

85948 char ni
na Tortured spirits
il	26 61
LI
 wh 22253
CH
 ni 26
 lo 205
 he 100
 lk 4
 at 60
 df 60
MI
 di 4
CO
 li move west
 ar 0 4 22253 0 1 13 27999 1
 st 1
 de 13
 pr 2

3785 char 0
na Greater Demon
il	26 228
LI
 wh 20638
CH
 lo 205
 he 100
 lk 4
 at 500
 df 500
MI
 di 4
CO
 li move west
 ar 0 4 20638 0 1 21 25339 1
 st 1
 de 21
 pr 2

3000 char 0
na Greater Demon
il	26 159
LI
 wh 48033
CH
 lo 205
 he 100
 lk 4
 mo 7783
 at 500
 df 500
MI
 di 1
CO
 li move north
 ar 0 1 20584 0 1 21 48033 1
 cs 2
 wa 3
 st 1
 de 18
 pr 2

95996 char ni
na Tortured spirits
il	26 47
LI
 wh 33122
CH
 ni 26
 lo 205
 he 100
 lk 4
 at 60
 df 60
MI
 di 3
CO
 li move south
 ar 0 3 33122 0 1 11 35565 1
 st 1
 de 11
 pr 2

9043 char 0
na Lesser Demon
il	26 96
LI
 wh 24909
CH
 lo 205
 he 100
 lk 4
 at 250
 df 250
MI
 di 2
CO
 li move east
 ar 0 2 24909 0 1 16 28110 1
 st 1
 de 16
 pr 2

80412 char ni
na Tortured spirits
il	26 51
LI
 wh 35284
CH
 ni 26
 lo 205
 he 100
 lk 4
 at 60
 df 60
MI
 di 4
CO
 li move west
 ar 0 4 35284 0 1 12 38236 1
 st 1
 de 12
 pr 2

5480 char 0
na Greater Demon
il	26 204
LI
 wh 49769
CH
 lo 205
 he 100
 lk 4
 mo 7792
 at 500
 df 500
MI
 di 4
CO
 li move west
 ar 0 4 44803 0 1 21 49769 1
 cs 2
 wa 12
 st 1
 de 9
 pr 2

1026 char 0
na Lesser Demon
il	26 150
LI
 wh 42707
CH
 lo 205
 he 100
 lk 4
 mo 7792
 at 250
 df 250
MI
 di 1
CO
 li move north
 ar 0 1 25385 0 1 21 42707 1
 cs 2
 wa 12
 st 1
 de 9
 pr 2

81441 char ni
na Tortured spirits
il	26 52
LI
 wh 49408
CH
 ni 26
 lo 205
 he 100
 lk 4
 at 60
 df 60
MI
 di 1
CO
 li move north
 ar 0 1 49408 0 1 12 20526 1
 st 1
 de 12
 pr 2

4700 char 0
na Greater Demon
il	26 151
LI
 wh 26769
CH
 lo 205
 he 100
 lk 4
 at 500
 df 500
MI
 di 1
CO
 li move north
 ar 0 1 26769 0 1 21 26538 1
 st 1
 de 21
 pr 2

4949 char 0
na Ghostly presence
LI
 wh 32898
CH
 lo 205
 he 100
 lk 4
 at 100
 df 100
MI
 di 4
CO
 li attack 7568
 ar 7568 0 0 0 0 0 0 0
 wa 1
 pr 3

9265 char 0
na Lesser Demon
il	26 124
LI
 wh 28832
CH
 lo 205
 he 100
 lk 4
 mo 7790
 at 250
 df 250
MI
 di 4
CO
 li move west
 ar 0 4 34542 0 1 19 28832 1
 cs 2
 wa 8
 st 1
 de 11
 pr 2

6947 char 0
na Ghostly presence
LI
 wh 29993
CH
 lo 205
 he 100
 lk 4
 at 100
 df 100
MI
 di 3
CO
 li move south
 ar 0 3 29993 0 1 7 36650 1
 st 1
 de 7
 pr 2

8279 char 0
na Ghostly presence
LI
 wh 24231
CH
 lo 205
 he 100
 lk 4
 at 100
 df 100
MI
 di 3
CO
 li move south
 ar 0 3 24231 0 1 7 37357 1
 st 1
 de 7
 pr 2

5020 char 0
na Lesser Demon
il	26 137
LI
 wh 44938
CH
 lo 205
 he 100
 lk 4
 at 250
 df 250
MI
 di 3
CO
 li move south
 ar 0 3 44938 0 1 20 47135 1
 st 1
 de 20
 pr 2

92055 char ni
na Tortured spirits
il	26 29
LI
 wh 20453
CH
 ni 26
 lo 205
 he 100
 lk 4
 at 60
 df 60
MI
 di 4
CO
 li move west
 ar 0 4 20453 0 1 9 47976 1
 st 1
 de 9
 pr 2

6284 char 0
na Greater Demon
il	26 169
LI
 wh 29093
CH
 lo 205
 he 100
 lk 4
 mo 7783
 at 500
 df 500
MI
 di 3
CO
 li move south
 ar 0 3 42353 0 1 21 29093 1
 cs 2
 wa 3
 st 1
 de 18
 pr 2

9420 char 0
na Lesser Demon
il	26 60
LI
 wh 36948
CH
 lo 205
 he 100
 lk 4
 at 250
 df 250
MI
 di 2
CO
 li move east
 ar 0 2 36948 0 1 13 34158 1
 st 1
 de 13
 pr 2

85672 char ni
na Tortured spirits
il	26 39
LI
 wh 31241
CH
 ni 26
 lo 205
 he 100
 lk 4
 at 60
 df 60
MI
 di 1
CO
 li move north
 ar 0 1 31241 0 1 10 34188 1
 st 1
 de 10
 pr 2

5038 char 0
na Ghostly presence
LI
 wh 33395
CH
 lo 205
 he 100
 lk 4
 at 100
 df 100
MI
 di 1
CO
 li move north
 ar 0 1 33395 0 1 7 35293 1
 st 1
 de 7
 pr 2

