50106 player pl_regular
na Villains By Necessity
il	1 1700
CH
PL
 fn Benjamin Wu
 em lucky@umich.edu
 pw breakdown!
 np 4
 fs 43
 ft 2
 so 1
 lt 260
 kn 69 600 601 602 603 610 611 612 613 614 \
	615 616 617 630 631 632 633 634 635 636 637 \
	639 641 650 651 652 653 654 655 656 657 659 \
	661 670 671 672 673 674 675 676 680 681 682 \
	690 691 692 693 694 695 696 697 700 701 702 \
	703 704 705 706 720 721 722 723 730 731 732 \
	733 750 751 752 753 754 755 756 800 801 802 \
	803 804 805 806 807 808 809 811 812 813 814 \
	820 821 822 823 824 825 826 827 828 829 831 \
	832 833 840 841 842 843 844 845 846 847 848 \
	849 851 852 860 861 862 863 864 865 866 867 \
	868 869 871 872 880 881 882 883 884 885 886 \
	887 888 889 891 892 893 894 900 901 902 903 \
	904 905 906 907 908 909 911 920 921 922 1111 \
	1331 2321 2524 2619 3003 3413 3969 5102 5677 6026 6484 \
	7341 7389 7857 7941 8411 8534 8845 9228 9708 10162 10163 \
	10164 10165 10166 10167 10168 10169 10170 10172 10260 10261 10262 \
	10263 10264 10265 10266 10267 10268 10269 10270 10271 10272 10273 \
	10274 10339 10340 10341 10357 10358 10359 10360 10361 10362 10363 \
	10369 10370 10371 10372 10373 10374 10375 10376 10441 10459 10460 \
	10461 10462 10463 10464 10465 10466 10467 10468 10469 10470 10471 \
	10472 10473 10474 10541 10557 10558 10559 10561 10562 10569 10570 \
	10571 10572 10573 10574 10575 10576 10645 10646 10647 10648 10649 \
	10650 10651 10652 10653 10654 10655 10656 10657 10658 10659 10660 \
	10661 10662 10663 10664 10665 10666 10667 10668 10669 10670 10671 \
	10673 10676 10677 10746 10747 10748 10749 10750 10751 10753 10757 \
	10758 10759 10761 10771 10773 10774 10777 10778 10851 10852 10853 \
	10856 10857 10858 10859 10860 10861 10871 10874 10875 10878 10879 \
	10946 10947 10948 10949 10950 10951 10952 10953 10956 10957 10959 \
	10960 10961 10962 10963 10964 10965 10966 10967 10968 10969 10970 \
	10971 10972 10973 10974 10975 10979 10980 10981 11029 11046 11047 \
	11048 11049 11050 11051 11052 11053 11054 11055 11056 11057 11058 \
	11059 11060 11067 11071 11081 11129 11149 11150 11151 11152 11153 \
	11154 11155 11156 11157 11158 11159 11160 11161 11162 11163 11167 \
	11171 11181 11229 11253 11254 11255 11256 11257 11258 11259 11260 \
	11261 11262 11263 11264 11265 11266 11267 11268 11269 11270 11271 \
	11272 11281 11329 11330 11331 11332 11333 11352 11353 11354 11355 \
	11356 11357 11359 11360 11361 11362 11363 11364 11365 11366 11367 \
	11368 11369 11370 11371 11381 11382 11429 11430 11431 11432 11433 \
	11434 11435 11452 11453 11454 11455 11456 11457 11458 11459 11460 \
	11461 11462 11463 11464 11465 11466 11467 11468 11469 11471 11482 \
	11529 11530 11531 11533 11558 11559 11560 11561 11562 11563 11564 \
	11565 11571 11582 11633 11659 11662 11663 11664 11665 11671 11682 \
	11683 11684 11733 11734 11735 11736 11737 11738 11739 11740 11741 \
	11742 11758 11759 11760 11761 11762 11771 11784 11842 11855 11858 \
	11859 11860 11861 11862 11871 11884 11942 11955 11956 11957 11958 \
	11959 11960 11961 11962 11963 11964 11965 11971 11984 11985 11986 \
	11987 12042 12059 12060 12061 12071 12074 12075 12087 12142 12143 \
	12144 12145 12146 12147 12148 12149 12150 12151 12152 12153 12154 \
	12155 12156 12157 12158 12159 12160 12161 12171 12174 12187 12259 \
	12260 12261 12271 12272 12273 12274 12275 12276 12277 12278 12279 \
	12280 12281 12282 12283 12284 12285 12286 12287 12288 12289 12290 \
	12291 12292 12293 12359 12360 12361 12374 12386 12387 12388 12389 \
	12390 12391 12392 12393 12394 12459 12460 12461 12462 12463 12464 \
	12465 12466 12467 12468 12469 12470 12471 12472 12473 12474 12475 \
	12476 12477 12478 12479 12480 12481 12482 12483 12484 12485 12486 \
	12487 12488 12489 12490 12491 12492 12493 12494 12495 12560 12561 \
	12568 12569 12570 12571 12572 12573 12574 12575 12576 12586 12587 \
	12588 12590 12591 12592 12593 12594 12595 12596 12669 12670 12671 \
	12672 12673 12674 12675 12676 12677 12678 12679 12680 12681 12682 \
	12683 12684 12685 12686 12687 12688 12689 12690 12691 12692 12693 \
	12694 12695 12696 12769 12770 12771 12772 12773 12774 12775 12776 \
	12777 12778 12779 12780 12781 12784 12785 12786 12787 12788 12789 \
	12790 12791 12792 12793 12794 12795 12796 12869 12870 12871 12872 \
	12873 12874 12875 12876 12877 12878 12879 12880 12881 12882 12883 \
	12884 12885 12886 12887 12888 12889 12890 12891 12892 12893 12894 \
	12895 12896 12974 12975 12976 12977 12978 12979 12980 12981 12982 \
	12983 12984 12985 12986 12987 12988 12989 12990 12991 12992 12993 \
	12994 13078 13082 13084 13085 13086 13087 13088 13089 13090 13091 \
	13092 13093 13094 13095 13182 13183 13184 13185 13186 13187 13188 \
	13189 13190 13191 13192 13193 13194 13195 13277 13278 13279 13280 \
	13281 13282 13283 13284 13285 13286 13287 13288 13289 13290 13291 \
	13292 13293 13379 13380 13381 13382 13386 13387 13388 13389 13390 \
	13391 13392 13393 13484 13485 13486 13487 13488 13489 13490 13491 \
	13492 13493 13586 13587 13588 13589 13590 13686 13689 13737 13738 \
	13739 13740 13782 13783 13784 13785 13786 13789 13840 13882 13885 \
	13886 13889 13911 13912 13913 13914 13940 13941 13942 13980 13981 \
	13982 13986 13989 14014 14015 14016 14017 14018 14042 14077 14078 \
	14079 14080 14086 14089 14090 14091 14118 14142 14176 14177 14186 \
	14189 14190 14191 14217 14218 14222 14242 14273 14274 14275 14276 \
	14286 14289 14290 14291 14316 14317 14318 14319 14320 14321 14322 \
	14342 14386 14390 14391 14392 14393 14394 14421 14422 14442 14486 \
	14490 14491 14492 14493 14494 14495 14496 14522 14542 14586 14587 \
	14588 14589 14590 14591 14594 14596 14618 14619 14620 14621 14622 \
	14642 14690 14694 14718 14742 14790 14794 14818 14842 14890 14894 \
	14918 14942 14950 14951 14952 14953 14954 14955 14956 14957 14958 \
	14959 14960 14961 14962 14963 14964 14965 14966 14967 14968 14969 \
	14970 14971 14972 14973 14990 14992 14993 14994 15018 15042 15050 \
	15051 15054 15073 15088 15089 15090 15091 15092 15118 15142 15150 \
	15151 15154 15173 15187 15188 15189 15190 15218 15242 15247 15248 \
	15249 15250 15251 15254 15258 15259 15260 15261 15273 15288 15289 \
	15290 15318 15342 15346 15347 15348 15349 15350 15351 15352 15353 \
	15354 15355 15356 15357 15358 15359 15360 15361 15362 15363 15372 \
	15373 15388 15418 15442 15443 15444 15445 15446 15447 15448 15450 \
	15451 15457 15461 15462 15463 15464 15465 15466 15467 15468 15472 \
	15473 15474 15475 15476 15477 15488 15518 15545 15546 15548 15557 \
	15561 15568 15569 15570 15571 15577 15578 15579 15588 15616 15617 \
	15618 15645 15648 15657 15661 15662 15663 15664 15665 15666 15667 \
	15668 15671 15672 15673 15674 15679 15680 15681 15682 15683 15684 \
	15685 15686 15687 15688 15740 15745 15748 15757 15763 15766 15767 \
	15768 15774 15779 15780 15781 15782 15783 15784 15785 15786 15787 \
	15788 15845 15848 15855 15856 15857 15863 15866 15874 15878 15879 \
	15945 15946 15947 15948 15949 15950 15951 15954 15955 15963 15966 \
	15974 15975 15976 15977 15978 16046 16047 16048 16051 16052 16053 \
	16054 16063 16066 16163 16164 16165 16166 16167 16168 16169 16170 \
	16171 16172 16173 16174 16175 16176 16177 16178 16278 16378 16478 \
	16575 16578 19123 19124 19125 19126 19223 19226 19322 19323 19326 \
	20049 20135 20180 20237 20249 20420 20446 20449 20455 20496 20504 \
	20526 20541 20663 20700 20777 20804 20871 20964 21065 21178 21194 \
	21276 21500 21523 21578 21600 21632 21655 21773 21894 21922 21954 \
	21988 22126 22143 22198 22238 22302 22377 22495 22515 22548 22613 \
	22647 22661 22863 22953 23075 23078 23155 23232 23264 23270 23317 \
	23352 23380 23511 23909 23934 23944 23952 24031 24059 24162 24223 \
	24239 24333 24395 24399 24403 24477 24534 24552 24684 24779 24793 \
	24800 24836 25013 25025 25092 25201 25276 25312 25448 25471 25495 \
	25577 25611 25659 25714 25837 25854 25894 25922 25961 26079 26097 \
	26155 26245 26251 26399 26466 26487 26683 26787 26842 26928 26967 \
	26970 27023 27026 27058 27107 27138 27157 27251 27281 27289 27594 \
	27669 27718 27738 27755 27786 27996 28005 28012 28256 28283 28306 \
	28332 28353 28360 28372 28394 28399 28428 28449 28453 28497 28498 \
	28555 28604 28780 28787 28832 28863 28907 29211 29326 29352 29432 \
	29488 29545 29590 29741 29934 29957 29967 29976 30083 30097 30170 \
	30284 30382 30404 30418 30420 30535 30566 30760 30776 30814 30828 \
	30862 30909 30934 30991 31004 31053 31084 31146 31156 31279 31294 \
	31390 31600 31603 31672 31710 31735 31746 31765 31778 31787 31823 \
	31904 31927 31971 31981 32010 32023 32030 32070 32185 32263 32319 \
	32321 32431 32443 32510 32538 32625 32670 32673 32720 32803 32805 \
	32847 32898 32932 32983 32990 33096 33122 33136 33244 33286 33302 \
	33304 33363 33500 33601 33757 33781 33782 33857 33907 33925 33934 \
	34011 34156 34279 34324 34374 34375 34378 34413 34516 34542 34557 \
	34689 34715 34770 34782 34863 34982 35002 35034 35078 35121 35148 \
	35180 35207 35288 35422 35432 35434 35449 35565 35608 35676 35710 \
	35723 35742 35745 35752 35753 35775 35879 35954 35976 35988 35993 \
	36288 36305 36353 36498 36579 36608 36654 36658 36677 36688 36900 \
	36924 37004 37240 37377 37478 37503 37539 37550 37600 37680 37722 \
	37727 37747 37803 37805 37875 37921 38041 38048 38072 38675 38715 \
	38743 38788 38950 38969 39064 39183 39194 39202 39275 39348 39375 \
	39378 39469 39486 39490 39568 39599 39647 39781 39799 39889 39908 \
	39984 39992 40065 40087 40131 40233 40260 40372 40377 40391 40424 \
	40474 40612 40715 40765 40876 41057 41096 41214 41243 41318 41330 \
	41335 41644 41748 41773 41846 41856 41889 42166 42210 42228 42281 \
	42402 42435 42444 42449 42576 42871 43067 43196 43229 43247 43251 \
	43273 43303 43413 43472 43580 43639 43705 43717 43788 43810 43813 \
	43846 43903 43909 43930 43949 43960 44058 44063 44149 44183 44243 \
	44390 44507 44554 44623 44630 44635 44820 44860 44868 44882 44900 \
	44921 44959 44967 44989 45008 45063 45066 45067 45162 45183 45188 \
	45405 45418 45468 45587 45635 45644 45649 45666 45918 46114 46201 \
	46217 46252 46335 46424 46437 46489 46519 46570 46796 46833 46954 \
	46959 47066 47120 47196 47367 47384 47390 47447 47502 47568 47573 \
	47600 47603 47637 47700 47899 47917 47920 47934 48092 48181 48195 \
	48307 48390 48404 48422 48672 48694 48718 48768 48882 48898 48996 \
	49216 49233 49234 49376 49388 49408 49409 49489 49534 49548 49661 \
	49708 49709 49765 49943 49950 56806 56861 56938 56995 57031 57047 \
	57134 57143 57200 57249 57263 57264 57352 57422 57540 57547 57553 \
	57652 57658 57675 57712 57731 57743 57748 57757 57882 57893 57904 \
	57934 57948 58014 58031 58074 58110 58138 58250 58351 58364 58424 \
	58447 58485 58520 58548 58565 58589 58590 58643 58644 58678 58699 \
	58736 58738 58755 59119 59168 59378 59402 59514 59702 59735 59824 \
	60362 60501 60523 60672 60674 60699 60727 60756 60805 60834 60838 \
	61068 61616 61885 61930 61976 61982 62217 62296 62610 62744 63075 \
	63473 63845 64059 64090 64182 64243 64301 64340 64384 64436 64438 \
	64610 64929 65050 65170 65205 65276 65334 65337 65376 65382 65566 \
	65731 65785 65796 65809 65846 65866 65994 66297 66566 66677 66687 \
	66704 66785 66854 67026 67037 67224 67413 67466 67673 67722 67723 \
	67739 68051 68053 68283 68306 68321 68420 68515 68550 68586 69035 \
	69526 69680 69915 69972 70009 70110 70128 70176 70447 70589 70744 \
	70774 70847 71037 71068 71163 71165 71363 71398 71593 71594 72169 \
	72264 72433 72472 72742 72896 72900 72992 73094 73137 73264 73385 \
	73657 73993 74148 74629 74738 74890 75440 75599 75878 75955 76118 \
	77045 77046 77179 77268 77448 77490 77766 77919 78009 78110 78429 \
	78538 82880 
 un 1764 3464 1580 8460 6055 96404 5090 80343 84697 \
	2312 2117 9376 7808 2885 123111 1763 3435 
 uf 4782 7829 112692 113459 105244 
 am 1763 0 51305 56754 51176 55976 
 am 2117 0 51305 56754 51176 55976 
 am 2312 0 51305 56754 51176 55976 
 am 2321 0 51305 56754 51176 55976 
 am 2885 0 51305 56754 51176 55976 
 am 3435 0 55976 51176 55985 51167 56406 56183 
 am 3464 0 51305 56754 51176 55976 
 am 3969 0 51176 
 am 5090 0 51305 56754 51176 55976 
 am 6055 0 7643 1088 3148 8611 2085 6299 3275 \
	5408 7643 1088 3148 8611 2085 6299 3275 5408 
 am 6484 0 105404 
 am 7808 0 77195 
 am 8460 0 61651 63217 149315 137129 63934 
 am 9376 0 51305 56754 51176 55976 
 am 50106 0 51305 56754 51176 55985 55976 51896 51516 \
	52586 51632 55749 51167 56406 56183 53436 
 am 70009 0 55976 55985 51176 51167 56406 56183 
 am 82880 0 51167 56406 56183 51167 56183 56406 
 am 84081 0 93772 
 am 123111 0 9918 
CO
 li accept 0 0
 ar 0 0 0 0 0 0 0 0
 st 1

1764 char 0
na Keiren O Neil
il	1 136 \
	54 5
tl	2 94 972 4 0 0 0 0
LI
 wh 10966
CH
 lo 50106
 pl 55166
 he 100
 lk 2
 lr 1
 sl	610 2 21 0 0 \
	614 2 14 12 0 \
	611 2 28 0 0 \
	612 2 28 0 0 \
	630 2 28 0 0 \
	635 2 28 0 0 \
	636 2 14 0 0 \
	639 2 21 0 0 \
	637 1 13 0 0 \
	641 2 28 1 0 \
	700 2 21 0 0 \
	670 1 14 0 0
 mo 7799
 bp 50
 at 80
 df 117
 dt 164 14 4904
CM
 hs 1
CO
 li fly am65 w
 ar 10965 4 10965 0 0 4 10966 0
 cs 2
 wa 2
 st 1
 ue 1
 de 2
 pr 2

3464 char 0
na Joan
il	1 764 \
	54 3 \
	84 2
tl	2 94 65 4 0 0 0 0
LI
 wh 11271
CH
 lo 50106
 he 100
 lk 3
 lr 823
 sl	610 2 21 14 0 \
	630 2 28 0 0 \
	612 2 28 1 0 \
	631 2 14 29 0 \
	617 2 14 11 0 \
	615 2 21 6 0 \
	614 2 14 6 0 \
	670 2 28 0 0 \
	671 2 14 0 0 \
	616 2 14 7 0 \
	672 2 21 0 0 \
	673 2 14 0 0 \
	674 2 21 0 0 \
	636 2 14 0 0 \
	680 2 21 1 0 \
	641 2 28 1 0 \
	637 2 21 0 0 \
	639 2 21 0 0 \
	690 2 28 11 0 \
	695 2 21 22 0 \
	682 2 14 3 0 \
	611 2 28 0 0 \
	681 2 14 0 0 \
	635 2 28 0 0
 at 80
 df 137
 mi 50
CM
 hs 1
MI
 ds Blessed
CO
 li seek
 ar 0 0 0 0 0 0 0 0
 cs 2
 wa 5
 st 1
 ue 2
 de 2
 po 1
 pr 3

1580 char 0
na Brooke
il	1 5885 \
	54 19 \
	74 6 \
	98 1 \
	285 94 \
	65700 1 \
	112921 1
tl	2 94 836 4 0 0 0 0
LI
 wh 12483
 hl 8460 96404 
CH
 lo 50106
 he 100
 lk 2
 lr 1
 sl	610 2 21 3 0 \
	611 2 28 0 0 \
	720 2 21 0 0 \
	723 2 14 0 0 \
	650 2 28 0 0 \
	654 2 28 118 0 \
	612 2 28 1 0 \
	661 2 21 2 0 \
	657 2 21 9 0 \
	653 2 28 0 0 \
	652 2 28 0 0 \
	630 2 28 0 0 \
	641 2 28 2 0 \
	635 2 28 0 0 \
	900 2 42 0 0 \
	911 2 21 0 0
 mo 7799
 at 80
 df 80
CM
 im 1
 ma 2
 ca 2
 hs 1
 pl 8226
CO
 li fly bf82 w
 ar 12482 4 12482 0 0 7 12483 0
 cs 2
 wa 5
 st 1
 ue 1
 de 2
 pr 2

8460 char 0
na Bitt
il	1 17595 \
	54 81 \
	98 2 \
	285 29 \
	131613 1
tl	2 94 48 4 0 0 0 0
ah 4648 
LI
 wh 1580
 hl 6055 
CH
 lo 50106
 he 100
 lk 2
 lr 1
 sl	650 2 28 0 0 \
	610 2 21 16 0 \
	654 2 28 134 0 \
	655 2 14 18 0 \
	656 2 14 14 0 \
	652 2 28 0 0 \
	653 2 28 0 0 \
	612 2 28 1 0 \
	661 2 21 1 0 \
	657 2 21 30 0 \
	651 2 21 0 0 \
	659 2 21 0 0 \
	630 2 28 0 0 \
	690 2 28 1 0 \
	695 2 21 8 0 \
	611 2 28 0 0 \
	696 2 14 0 0 \
	616 2 14 4 0 \
	641 2 28 0 0 \
	637 2 21 0 0 \
	635 2 28 0 0
 mo 7799
 at 80
 df 80
CM
 vp 4
MI
 ds I don't want the world, I just want your half!
CO
 li breed 285 285
 ar 285 285 0 0 0 0 0 0
 wa 7
 st 1
 ue 2
 pr 3

6055 char 0
na Carey
il	1 16276 \
	54 8 \
	64 3 \
	69 1 \
	285 27 \
	70296 1 \
	77279 1
ah 1606 
LI
 wh 8460
CH
 lo 50106
 he 100
 lk 2
 lr 1
 sl	610 2 21 44 0 \
	630 2 28 0 0 \
	612 2 28 1 0 \
	641 2 28 0 0 \
	615 2 21 18 0 \
	611 2 28 0 0 \
	635 2 28 0 0 \
	700 2 21 0 0 \
	702 2 14 6 0 \
	680 2 21 1 0 \
	703 2 14 16 0 \
	617 2 14 22 0 \
	616 2 14 7 0 \
	682 2 14 0 0 \
	704 2 14 1 0 \
	633 2 14 0 0 \
	720 2 21 0 0 \
	650 2 28 0 0 \
	721 2 14 3 0 \
	653 2 28 0 0 \
	654 2 28 54 0 \
	652 2 28 0 0
 mo 7799
 ra 70
 at 80
 df 80
 mi 50
CM
 pl 3148
MI
 ds The Outsider
CO
 li breed 285 285
 ar 285 285 0 0 0 0 0 0
 wa 7
 st 1
 ue 1
 pr 3

96404 char ni
LI
 wh 1580
CH
 ni 33
 lo 50106
 he -1
 lk 4
 mo 7799
 at 60
 df 60
CM
 ot 65700
MI
 ca r
CO
 li stack 1580
 ar 1580 0 0 0 0 0 0 0
 st 1
 pr 1

5090 char 0
na Jolie
il	1 38445 \
	10 30 \
	11 89 \
	12 141 \
	18 177 \
	22 30 \
	51 4 \
	52 6 \
	72 160 \
	73 108 \
	74 108 \
	76 65 \
	81 298 \
	82 8 \
	83 1 \
	98 5 \
	271 40 \
	278 18 \
	279 4 \
	280 78 \
	285 63
tl	2 94 80 4 0 0 0 0
LI
 wh 2321
CH
 lo 50106
 he 100
 lk 2
 lr 1
 sl	680 2 21 1 0 \
	682 2 14 5 0 \
	610 2 21 3 0 \
	612 2 28 1 0 \
	900 2 42 0 0 \
	911 2 21 3 0 \
	909 2 21 1 0 \
	905 2 21 0 0 \
	906 2 21 0 0 \
	903 2 21 0 0 \
	902 2 21 7 0 \
	908 2 28 0 0 \
	907 2 21 0 0 \
	904 2 21 0 0 \
	700 2 21 0 0 \
	704 2 14 4 0 \
	690 2 28 4 0 \
	691 2 21 2 0 \
	611 2 28 0 0 \
	695 2 21 0 0 \
	650 2 28 0 0 \
	654 2 28 149 0 \
	661 2 21 0 0 \
	696 2 14 0 0 \
	653 2 28 0 0 \
	652 2 28 0 0 \
	616 2 14 2 0 \
	615 2 21 0 0 \
	630 2 28 0 0 \
	633 2 14 2 0
 ra 70
 at 80
 df 80
 mi 50
CM
 im 1
 ma 10
 ca 10
 rb 1
 vp 6
 pl 1850
CO
 li breed 280 280
 ar 280 280 0 0 0 0 0 0
 cs 2
 wa 10
 st 1
 ue 1
 de 3
 pr 3

80343 char ni
il	54 50 \
	285 18
LI
 wh 47568
 hl 84697 
CH
 ni 33
 lo 50106
 pl 56406
 he -1
 lk 4
 mo 7799
 bh 9
 at 60
 df 60
CM
 ot 66007
MI
 ca r
CO
 li move e s
 ar 0 3 49408 0 1 4 47568 1
 cs 2
 wa 2
 st 1
 de 2
 pr 2

84697 char ni
na Bones
LI
 wh 80343
CH
 ni 33
 lo 50106
 pl 56406
 he -1
 lk 4
 mo 7799
 at 60
 df 60
CM
 ot 72556
MI
 ca r
CO
 li stack 80343
 ar 80343 0 0 0 0 0 0 0
 st 1
 pr 1

2312 char 0
na Kathleen
il	1 811 \
	54 97 \
	98 2 \
	285 43 \
	66007 1 \
	72556 1
tl	2 94 84 4 0 0 0 0
LI
 wh 58590
CH
 lo 50106
 he 100
 lk 2
 lr 1
 sl	700 2 21 0 0 \
	702 2 14 16 0 \
	705 2 14 0 0 \
	630 2 28 0 0 \
	704 2 14 35 0 \
	610 2 21 44 0 \
	612 2 28 1 0 \
	631 2 14 2 0 \
	615 2 21 8 0 \
	703 2 14 11 0 \
	613 2 14 0 0 \
	690 2 28 2 0 \
	617 2 14 10 0 \
	641 2 28 2 0 \
	693 2 21 5 0 \
	639 2 21 0 0 \
	691 2 21 0 0 \
	616 2 14 3 0 \
	692 2 21 0 0 \
	650 2 28 0 0 \
	654 2 28 80 0 \
	661 2 21 2 0 \
	653 2 28 0 0 \
	670 2 28 0 0 \
	671 2 14 0 0
 at 80
 df 80
 mi 50
CM
 hs 1
CO
 li breed 285 285
 ar 285 285 0 0 0 0 0 0
 cs 2
 wa 10
 st 1
 ue 1
 de 3
 pr 3

2117 char 0
na Katy
il	1 337 \
	54 18 \
	82 5 \
	98 5 \
	285 28
tl	2 94 52 4 0 0 0 0
LI
 wh 58590
CH
 lo 50106
 he 100
 lk 3
 lr 826
 sl	610 2 21 42 0 \
	616 2 14 10 0 \
	720 2 21 0 0 \
	722 2 14 41 0 \
	721 2 14 43 0 \
	612 2 28 1 0 \
	617 2 14 25 0 \
	723 2 14 10 0 \
	613 2 14 0 0 \
	680 2 21 8 0 \
	630 2 28 0 0 \
	682 2 14 1 0 \
	641 2 28 2 0 \
	690 2 28 2 0 \
	695 2 21 2 0 \
	611 2 28 0 0 \
	700 2 21 0 0 \
	702 2 14 6 0 \
	637 2 21 0 0 \
	636 2 14 0 0 \
	639 2 21 0 0 \
	615 2 21 2 0 \
	694 2 21 0 0 \
	704 2 14 0 0 \
	633 2 14 0 0 \
	635 2 28 0 0 \
	634 2 14 0 0 \
	650 2 28 0 0 \
	654 2 28 49 0 \
	670 2 28 0 0 \
	671 2 14 0 0
 at 80
 df 80
 mi 50
CM
 hs 1
 vp 3
CO
 li breed 285 285
 ar 285 285 0 0 0 0 0 0
 wa 7
 st 1
 ue 2
 pr 3

9376 char 0
na Tracey
il	1 513 \
	54 22 \
	69 1 \
	285 23
tl	2 94 155 4 0 0 0 0
LI
 wh 58590
CH
 lo 50106
 he 100
 lk 3
 lr 847
 sl	610 2 21 6 0 \
	615 2 21 0 0 \
	650 2 28 0 0 \
	690 2 28 3 0 \
	612 2 28 1 0 \
	696 2 14 0 0 \
	654 2 28 168 0 \
	694 2 21 0 0 \
	655 2 14 22 0 \
	653 2 28 0 0 \
	652 2 28 0 0 \
	700 2 21 0 0 \
	630 2 28 0 0 \
	695 2 21 0 0 \
	641 2 28 1 0 \
	657 2 21 21 0 \
	616 2 14 0 0 \
	670 2 28 0 0 \
	671 2 14 0 0
 at 80
 df 80
 mi 50
CM
 hs 1
 vp 5
CO
 li breed 285 285
 ar 285 285 0 0 0 0 0 0
 cs 2
 wa 12
 st 1
 ue 1
 de 1
 pr 3

7808 char 0
na Stephanie
il	1 235 \
	54 19 \
	72 100 \
	74 81 \
	98 1 \
	285 27 \
	61068 1
tl	2 94 928 4 0 0 0 0
ah 76529 
LI
 wh 58590
CH
 lo 50106
 he 100
 lk 3
 lr 822
 sl	730 2 21 0 0 \
	700 2 21 0 0 \
	600 2 21 0 0 \
	601 2 14 14 0 \
	603 2 14 2 0 \
	704 2 14 10 0 \
	732 2 14 2 0 \
	733 2 14 0 0 \
	731 2 14 0 0 \
	703 2 14 11 0 \
	701 2 14 0 0 \
	630 2 28 0 0 \
	610 2 21 56 0 \
	612 2 28 1 0 \
	602 2 14 1 0 \
	635 2 28 0 0 \
	634 2 14 0 0 \
	632 2 14 0 0 \
	633 2 14 0 0 \
	680 2 21 0 0 \
	702 2 14 7 0 \
	631 2 14 5 0 \
	617 2 14 9 0 \
	615 2 21 20 0 \
	613 2 14 8 0 \
	639 2 21 0 0 \
	611 2 28 0 0 \
	682 2 14 0 0 \
	720 2 21 0 0 \
	636 2 14 0 0 \
	637 2 21 0 0 \
	641 2 28 1 0 \
	721 2 14 0 0 \
	616 2 14 7 0 \
	690 2 28 0 0 \
	650 2 28 0 0 \
	654 2 28 33 0
 at 80
 df 80
 mi 50
CM
 hs 1
 pl 5408
MI
 ds Better Blue Than Red
CO
 li breed 285 285
 ar 285 285 0 0 0 0 0 0
 wa 7
 st 1
 ue 1
 pr 3

2885 char 0
na Elaine
il	1 307 \
	54 20 \
	72 3 \
	83 1 \
	285 26 \
	59702 1 \
	66612 1 \
	66996 1 \
	70767 1 \
	77006 1
tl	2 94 981 4 0 0 0 0
LI
 wh 58590
CH
 lo 50106
 he 100
 lk 3
 lr 848
 sl	610 2 21 37 0 \
	612 2 28 1 0 \
	617 2 14 20 0 \
	615 2 21 11 0 \
	616 2 14 23 0 \
	630 2 28 0 0 \
	641 2 28 1 0 \
	720 2 21 0 0 \
	722 2 14 8 0 \
	721 2 14 1 0 \
	611 2 28 0 0 \
	639 2 21 0 0 \
	700 2 21 0 0 \
	704 2 14 2 0 \
	706 2 14 0 0 \
	690 2 28 0 0 \
	693 2 21 2 0 \
	694 2 21 0 0 \
	697 2 28 0 0 \
	696 2 14 0 0 \
	695 2 21 0 0 \
	637 2 21 0 0 \
	636 2 14 0 0 \
	723 2 14 0 0 \
	702 2 14 0 0 \
	703 2 14 0 0 \
	650 2 28 0 0 \
	654 2 28 63 0 \
	653 2 28 0 0 \
	652 2 28 0 0 \
	655 2 14 8 0 \
	656 2 14 5 0 \
	680 2 21 0 0 \
	614 2 14 0 0 \
	635 2 28 0 0 \
	682 1 10 0 0
 at 118
 df 80
 mi 50
CM
 hs 1
MI
 ds Free At Last
CO
 li breed 285 285
 ar 285 285 0 0 0 0 0 0
 wa 7
 st 1
 ue 4
 pr 3

123111 char ni
il	1 3148 \
	53 72 \
	54 1 \
	98 9 \
	74488 1
ah 65419 76529 
LI
 wh 58590
CH
 ni 31
 lo 50106
 pl 51176
 he -1
 lk 4
 at 60
 df 60
CM
 vp 2
 ot 62374
MI
 ca r
 ds Property of a Lady
CO
 li seek
 ar 0 0 0 0 0 0 0 0
 cs 2
 wa 5
 st 1
 de 2
 po 1
 pr 3

1763 char 0
na Him
il	1 4844 \
	54 1 \
	98 1
tl	2 94 54 4 0 0 0 0
LI
 wh 58590
CH
 lo 50106
 he 100
 lk 3
 lr 832
 sl	680 2 21 6 0 \
	682 2 14 19 0 \
	681 2 14 0 0 \
	750 2 35 0 0 \
	751 2 28 11 0 \
	753 2 21 13 0 \
	754 2 28 5 0 \
	610 2 21 15 0 \
	752 2 28 3 0 \
	612 2 28 1 0 \
	755 2 28 0 0 \
	756 2 28 60 0 \
	670 2 28 0 0 \
	720 2 21 0 0 \
	721 2 14 13 0 \
	722 2 14 3 0 \
	617 2 14 15 0 \
	616 2 14 16 0 \
	611 2 28 0 0 \
	675 2 21 0 0 \
	676 2 14 0 0 \
	723 2 14 0 0 \
	671 2 14 0 0 \
	630 2 28 0 0 \
	641 2 28 1 0 \
	615 2 21 1 0 \
	672 2 21 28 0 \
	650 2 28 0 0 \
	654 2 28 15 0
 bh 9
 ra 70
 at 80
 df 80
 mi 50
 ct 148380 
CM
 hs 1
 vp 22
 pl 59064
 vi 4020 7214 57658 58150 58548 66305 
MI
 ds Flickering Lights
CO
 li use 756 1763
 ar 1763 0 0 0 0 0 0 756
 cs 2
 wa 7
 st 1
 us 756
 ue 5
 de 1
 pr 3

3435 char 0
na Her
il	1 72612 \
	54 3 \
	69 1 \
	82 5 \
	59046 1 \
	59363 1 \
	59790 1 \
	60237 1 \
	61074 1 \
	61418 1 \
	62374 1 \
	63490 1 \
	64661 1 \
	65877 1 \
	66081 1 \
	68624 1 \
	68999 1 \
	69850 1 \
	71122 1 \
	72874 1 \
	74164 1 \
	75388 1 \
	77174 1 \
	77913 1 \
	78438 1 \
	78576 1 \
	84111 1 \
	85994 1 \
	96538 1 \
	114463 1 \
	132760 1 \
	141863 1 \
	145158 1
tl	2 94 78 4 0 0 0 0
LI
 wh 24477
CH
 lo 50106
 he 100
 lk 2
 lr 1
 sl	860 2 35 0 0 \
	800 2 28 0 0 \
	690 2 28 5 0 \
	802 2 14 22 0 \
	693 2 21 10 0 \
	862 2 14 7 0 \
	801 2 14 0 0 \
	861 2 14 1 0 \
	803 2 14 0 0 \
	840 2 35 0 0 \
	841 2 21 2 0 \
	610 2 21 7 0 \
	813 2 21 72 0 \
	809 2 21 0 0 \
	814 2 21 0 0 \
	807 2 21 2 0 \
	811 2 21 0 0 \
	868 2 21 19 0 \
	871 2 21 11 0 \
	864 2 14 0 0 \
	863 2 14 26 0 \
	869 2 14 0 0 \
	866 2 14 0 0 \
	872 2 21 26 0 \
	865 2 14 0 0 \
	867 2 21 0 0 \
	805 2 14 0 0 \
	804 2 21 0 0 \
	808 2 21 1 0 \
	847 2 21 0 0 \
	820 2 35 0 0 \
	844 2 21 0 0 \
	842 2 14 0 0 \
	880 2 42 0 0 \
	825 2 21 0 0 \
	826 2 21 0 0 \
	827 2 21 0 0 \
	828 2 21 0 0 \
	829 2 21 0 0 \
	812 2 21 0 0 \
	806 2 21 0 0 \
	831 2 28 0 0 \
	832 2 21 0 0 \
	833 2 21 0 0 \
	843 2 21 0 0 \
	845 2 21 4 0 \
	846 2 21 2 0 \
	848 2 21 0 0 \
	849 2 21 15 0 \
	851 2 21 10 0 \
	852 2 21 0 0 \
	885 2 14 0 0 \
	886 2 14 0 0 \
	887 2 21 0 0 \
	893 2 21 0 0 \
	888 2 21 0 0 \
	889 2 21 0 0 \
	891 2 21 0 0 \
	884 2 28 0 0 \
	892 2 21 0 0 \
	894 2 21 0 0 \
	900 2 42 0 0 \
	908 2 28 0 0 \
	906 2 21 0 0 \
	904 2 21 0 0 \
	907 2 21 0 0 \
	911 2 21 2 0 \
	909 2 21 1 0 \
	905 2 21 0 0 \
	881 2 14 1 0 \
	823 2 21 0 0 \
	821 2 21 0 0 \
	824 2 21 0 0 \
	822 2 21 0 0 \
	882 2 14 0 0 \
	883 2 14 0 0 \
	902 2 21 2 0 \
	903 2 21 0 0 \
	901 2 28 0 0 \
	612 2 28 1 0 \
	920 2 0 0 0 \
	611 2 28 0 0 \
	921 2 28 2 0 \
	922 2 28 31 0 \
	691 2 21 2 0 \
	615 2 21 0 0 \
	630 2 28 0 0 \
	616 2 14 0 0 \
	692 2 21 0 0 \
	641 2 28 4 0 \
	635 2 28 0 0
 bh 9
 ra 70
 at 80
 df 80
 mi 50
CM
 im 1
 ma 3
 ca 155
 hs 1
 kw 1
 vp 21
 pl 59483
 ar 78438
MI
 ds Hell knows no fury than a woman's scorn
CO
 li explore
 ar 0 0 0 0 0 0 0 0
 cs 2
 wa 1
 st 1
 ue 1
 de 6
 pr 3

