50278 player pl_regular
na tall trees
il	1 929 \
	77 50 \
	78 100
an 50278 
CH
PL
 fn joseph blake
 em drassan_consortium@hotmail.com
 ve jblake@c-4.org
 pw nevermore
 np 3
 fs 3
 ft 52
 so 1
 lt 260
 kn 610 611 612 614 616 630 641 650 653 654 \
	800 801 802 803 804 805 806 807 808 809 811 \
	812 813 814 820 821 822 823 824 825 826 827 \
	828 829 831 832 833 840 841 842 843 844 845 \
	846 847 848 849 851 852 860 861 862 863 864 \
	865 866 867 868 869 871 872 880 881 882 883 \
	884 885 886 887 888 889 891 892 893 894 900 \
	902 903 904 905 906 907 908 909 911 14223 14323 \
	14423 14523 14623 14723 14823 14923 15023 15123 15223 15323 15423 \
	15523 15623 15723 15823 15828 15923 15924 15925 15926 15927 15928 \
	32289 38048 57435 57618 65434 
 un 100713 8259 124616 126846 102453 130482 6679 80581 102158 \
	133664 85639 142656 100912 105397 103783 
 uf 100289 96726 130511 79091 7405 
 am 8194 0 50229 50278 50353 51372 55245 
CO
 li accept 0 0
 ar 0 0 0 0 0 0 0 0
 st 1

100713 char 0
na New noble
il	1 4500 \
	54 4 \
	82809 1 \
	132301 1
LI
 wh 15928
CH
 lo 50278
 pl 55245
 he 100
 lk 3
 lr 996
 sl	900 2 42 0 0 \
	903 2 21 2 0 \
	902 2 21 0 0 \
	908 2 28 1 0 \
	911 2 21 0 0 \
	610 2 21 0 0 \
	800 2 0 0 0 \
	840 2 0 0 0 \
	630 2 0 0 0 \
	820 2 0 0 0 \
	860 2 0 0 0 \
	880 2 0 0 0 \
	616 2 0 0 0 \
	802 2 0 0 0 \
	841 2 0 0 0 \
	801 2 0 0 0 \
	803 2 0 0 0 \
	804 2 0 0 0 \
	805 2 0 0 0 \
	849 2 0 0 0 \
	847 2 0 0 0 \
	844 2 0 0 0 \
	848 2 0 0 0 \
	846 2 0 0 0 \
	842 2 0 0 0 \
	851 2 0 0 0 \
	852 2 0 0 0 \
	807 2 0 0 0 \
	806 2 0 0 0 \
	813 2 0 2 0 \
	812 2 0 0 0 \
	809 2 0 0 0 \
	641 2 0 1 0 \
	811 2 0 0 0 \
	808 2 0 0 0 \
	614 2 0 0 0 \
	814 2 0 0 0 \
	843 2 0 0 0 \
	845 2 0 0 0 \
	821 2 0 0 0 \
	822 2 0 0 0 \
	823 2 0 0 0 \
	825 2 0 0 0 \
	826 2 0 0 0 \
	827 2 0 0 0 \
	828 2 0 0 0 \
	829 2 0 0 0 \
	831 2 0 0 0 \
	832 2 0 0 0 \
	824 2 0 0 0 \
	833 2 0 0 0 \
	863 2 0 0 0 \
	864 2 0 0 0 \
	865 2 0 0 0 \
	866 2 0 0 0 \
	867 2 0 0 0 \
	868 2 0 0 0 \
	869 2 0 0 0 \
	871 2 0 0 0 \
	872 2 0 0 0 \
	881 2 0 0 0 \
	882 2 0 0 0 \
	883 2 0 0 0 \
	862 2 0 0 0 \
	861 2 0 0 0 \
	884 2 0 0 0 \
	885 2 0 0 0 \
	886 2 0 0 0 \
	887 2 21 0 0 \
	888 2 21 0 0 \
	889 2 21 0 0 \
	891 2 21 0 0 \
	892 2 21 0 0 \
	893 2 21 0 0 \
	894 2 21 0 0 \
	905 2 21 0 0 \
	906 2 21 0 0 \
	907 2 21 0 0 \
	611 2 28 0 0 \
	909 2 21 0 0 \
	904 2 21 0 0
 bp 50
 at 80
 df 80
 ct 51478 51695 55207 56754 50353 50278 51695 51478 51372 \
	55245 50229 55207 56754 
CM
 im 1
 ma 75
 ca 75
 hs 1
 kw 1
CO
 li study 904 15
 ar 904 15 0 0 0 0 0 0
 st 1
 ue 1
 po 1
 pr 3
 if 1

8259 char 0
na New noble
il	1 600
LI
 wh 99167
 hl 124616 126846 102453 130482 6679 80581 102158 133664 85639 \
	142656 100912 105397 103783 
CH
 lo 50278
 he 100
 lk 2
 lr 1
 sl	650 2 28 0 0 \
	654 2 28 25 0 \
	610 2 21 1 0 \
	653 2 28 0 0 \
	611 2 28 0 0 \
	612 2 28 1 0
 at 80
 df 80
CO
 li give 99167 16
 ar 99167 16 0 0 0 0 0 0
 st 1
 ue 1
 pr 1

124616 char 0
na New noble
LI
 wh 8259
CH
 lo 50278
 he 100
 lk 3
 lr 84
 sl	650 2 28 0 0 \
	654 2 28 24 0 \
	610 2 21 1 0
 bh 3
 bp 50
 at 80
 df 80
CO
 li give 99167 16
 ar 99167 16 0 0 0 0 0 0
 st 1
 pr 1

126846 char 0
na New noble
LI
 wh 8259
CH
 lo 50278
 he 100
 lk 3
 lr 84
 sl	650 2 28 0 0 \
	654 2 28 24 0 \
	610 2 21 1 0
 bh 3
 bp 50
 at 80
 df 80
CO
 li give 99167 16
 ar 99167 16 0 0 0 0 0 0
 st 1
 pr 1

102453 char 0
na New noble
LI
 wh 8259
CH
 lo 50278
 he 100
 lk 3
 lr 84
 sl	650 2 28 0 0 \
	654 2 28 23 0 \
	610 2 21 1 0
 bh 3
 bp 50
 at 80
 df 80
CO
 li give 99167 16
 ar 99167 16 0 0 0 0 0 0
 st 1
 pr 1

130482 char 0
na New noble
LI
 wh 8259
CH
 lo 50278
 he 100
 lk 3
 lr 84
 sl	650 2 28 0 0 \
	654 2 28 24 0 \
	610 2 21 1 0
 bh 3
 bp 50
 at 80
 df 80
CO
 li give 99167 16
 ar 99167 16 0 0 0 0 0 0
 st 1
 pr 1

6679 char 0
na New noble
tl	2 95 994 7 0 0 0 0
LI
 wh 8259
CH
 lo 50278
 he 100
 lk 3
 lr 84
 sl	650 2 28 0 0 \
	654 2 28 23 0 \
	610 2 21 1 0
 bh 3
 bp 50
 at 80
 df 80
CO
 li give 99167 16
 ar 99167 16 0 0 0 0 0 0
 st 1
 pr 1

80581 char 0
na New noble
LI
 wh 8259
CH
 lo 50278
 he 100
 lk 3
 lr 84
 sl	650 2 28 0 0 \
	654 2 28 23 0 \
	610 2 21 1 0
 bh 3
 bp 50
 at 80
 df 80
CO
 li give 99167 16
 ar 99167 16 0 0 0 0 0 0
 st 1
 pr 1

102158 char 0
na New noble
LI
 wh 8259
CH
 lo 50278
 he 100
 lk 3
 lr 84
 sl	650 2 28 0 0 \
	654 2 28 23 0 \
	610 2 21 1 0
 bh 3
 bp 50
 at 80
 df 80
CO
 li give 99167 16
 ar 99167 16 0 0 0 0 0 0
 st 1
 pr 1

133664 char 0
na New noble
LI
 wh 8259
CH
 lo 50278
 he 100
 lk 3
 lr 84
 sl	650 2 28 0 0 \
	654 2 28 23 0 \
	610 2 21 1 0
 bh 3
 bp 50
 at 80
 df 80
CO
 li give 99167 16
 ar 99167 16 0 0 0 0 0 0
 st 1
 pr 1

85639 char 0
na New noble
LI
 wh 8259
CH
 lo 50278
 he 100
 lk 3
 lr 84
 sl	650 2 28 0 0 \
	654 2 28 21 0 \
	610 2 21 1 0
 bh 3
 bp 50
 at 80
 df 80
CO
 li give 99167 16
 ar 99167 16 0 0 0 0 0 0
 st 1
 pr 1

142656 char 0
na New noble
LI
 wh 8259
CH
 lo 50278
 he 100
 lk 3
 lr 84
 sl	650 2 28 0 0 \
	654 2 28 23 0 \
	610 2 21 1 0
 bh 3
 bp 50
 at 80
 df 80
CO
 li give 99167 16
 ar 99167 16 0 0 0 0 0 0
 st 1
 pr 1

100912 char 0
na New noble
LI
 wh 8259
CH
 lo 50278
 he 100
 lk 3
 lr 84
 sl	650 2 28 0 0 \
	654 2 28 21 0 \
	610 2 21 1 0
 bh 3
 bp 50
 at 80
 df 80
CO
 li give 99167 16
 ar 99167 16 0 0 0 0 0 0
 st 1
 pr 1

105397 char 0
na New noble
LI
 wh 8259
CH
 lo 50278
 he 100
 lk 3
 lr 84
 sl	650 2 28 0 0 \
	654 2 28 21 0 \
	610 2 21 1 0
 bh 3
 bp 50
 at 80
 df 80
CO
 li give 99167 16
 ar 99167 16 0 0 0 0 0 0
 st 1
 pr 1

103783 char 0
na New noble
LI
 wh 8259
CH
 lo 50278
 he 100
 lk 3
 lr 84
 sl	650 2 28 0 0 \
	654 2 28 23 0 \
	610 2 21 1 0
 bh 3
 bp 50
 at 80
 df 80
CO
 li give 99167 16
 ar 99167 16 0 0 0 0 0 0
 st 1
 pr 1

