50333 player pl_regular
na Aeolians
il	1 650
ad 50333 51853 53513 53627 54948 55115 55705 56223 56309 \
	56363 
CH
PL
 fn Peter J.M. Beerepoot
 em humakt2@hotmail.com,mordred@attglobal.net
 ve mordred@attglobal.net
 pw radical22
 np 8
 ft 82
 so 1
 lt 260
 kn 69 600 601 602 603 610 611 612 613 614 \
	615 616 617 630 631 632 633 634 635 636 637 \
	639 641 650 651 652 653 654 655 656 657 680 \
	681 682 690 691 692 693 695 696 697 700 701 \
	702 703 704 705 706 707 720 721 722 723 730 \
	731 732 733 750 751 752 753 754 755 756 800 \
	801 802 803 804 805 806 807 808 809 811 812 \
	813 814 820 821 822 823 824 825 826 827 828 \
	829 831 832 833 840 841 842 843 844 845 846 \
	847 848 849 851 852 860 861 880 881 882 883 \
	884 885 886 887 888 889 891 892 893 894 900 \
	902 903 904 905 906 907 908 909 911 1987 2042 \
	2578 2935 2977 4144 6416 7238 7468 7976 8124 8533 9088 \
	9897 9998 10331 10332 10431 10432 10433 10530 10531 10532 10533 \
	10534 10625 10630 10632 10634 10635 10636 10637 10725 10726 10727 \
	10728 10729 10730 10731 10732 10733 10734 10735 10736 10737 10738 \
	10832 10838 10839 10840 10932 10940 11040 11140 11141 11142 11240 \
	11241 11242 11243 11244 11339 11340 11344 11439 11440 11444 11445 \
	11468 11539 11540 11541 11545 11632 11633 11639 11641 11645 11732 \
	11733 11739 11741 11745 11831 11832 11833 11834 11835 11836 11838 \
	11839 11841 11845 11927 11928 11929 11930 11931 11936 11937 11938 \
	11939 11940 11941 11945 12027 12028 12029 12030 12031 12032 12033 \
	12034 12035 12036 12037 12038 12039 12040 12041 12044 12045 12129 \
	12134 12135 12136 12137 12138 12139 12140 12143 12144 12235 12236 \
	12237 12238 12239 12240 12242 12243 12335 12336 12337 12338 12339 \
	12340 12341 12342 12435 12436 12437 12438 12439 12534 12535 12536 \
	12537 12538 12539 12634 12638 12639 12734 12738 12739 12838 12839 \
	12938 12939 13038 13039 13138 13139 13140 13141 13142 13143 13144 \
	13145 13146 13147 13148 13149 13150 13151 13152 13153 13154 13155 \
	13156 13157 13158 13159 13238 13239 13240 13241 13242 13243 13244 \
	13245 13246 13247 13248 13249 13250 13251 13252 13253 13254 13255 \
	13256 13257 13258 13259 13260 13261 13262 13263 13264 13265 13266 \
	13267 13268 13269 13270 13271 13272 13273 13274 13275 13276 13336 \
	13337 13338 13339 13340 13345 13346 13347 13350 13351 13376 13430 \
	13431 13432 13433 13434 13435 13436 13437 13438 13439 13440 13441 \
	13445 13447 13448 13449 13450 13451 13452 13453 13476 13477 13527 \
	13528 13529 13530 13531 13532 13533 13534 13535 13536 13538 13539 \
	13541 13542 13543 13544 13545 13547 13548 13549 13550 13551 13552 \
	13577 13627 13630 13634 13635 13637 13638 13639 13640 13641 13642 \
	13643 13644 13645 13646 13647 13648 13649 13650 13651 13677 13724 \
	13725 13726 13727 13728 13729 13730 13739 13740 13741 13743 13744 \
	13746 13747 13748 13749 13750 13751 13777 13823 13824 13825 13826 \
	13827 13839 13840 13841 13842 13843 13844 13847 13848 13849 13850 \
	13851 13877 13918 13919 13920 13921 13922 13923 13924 13925 13926 \
	13927 13939 13940 13941 13942 13943 13944 13947 13948 13949 13950 \
	13951 13977 14018 14023 14024 14039 14040 14041 14047 14048 14049 \
	14050 14077 14089 14090 14118 14119 14120 14121 14122 14123 14124 \
	14139 14140 14141 14147 14148 14177 14183 14184 14185 14186 14187 \
	14188 14189 14190 14218 14219 14220 14221 14222 14238 14239 14240 \
	14241 14242 14243 14244 14245 14246 14247 14248 14276 14277 14278 \
	14289 14318 14338 14339 14340 14341 14342 14343 14344 14345 14346 \
	14347 14348 14349 14378 14389 14407 14408 14418 14439 14441 14442 \
	14444 14445 14447 14478 14488 14489 14490 14491 14507 14508 14509 \
	14510 14512 14513 14514 14515 14516 14517 14518 14539 14541 14542 \
	14544 14547 14578 14579 14580 14581 14582 14588 14589 14607 14608 \
	14612 14613 14614 14615 14616 14617 14639 14641 14642 14643 14644 \
	14647 14682 14688 14689 14712 14714 14739 14741 14742 14747 14782 \
	14788 14806 14809 14810 14811 14812 14813 14814 14839 14840 14841 \
	14842 14843 14844 14845 14846 14847 14882 14888 14906 14907 14908 \
	14909 14910 14911 14912 14914 14941 14942 14943 14946 14947 14982 \
	14988 15006 15009 15041 15046 15047 15082 15088 15106 15107 15108 \
	15109 15141 15142 15143 15144 15145 15146 15147 15182 15188 15206 \
	15242 15243 15247 15282 15288 15306 15347 15348 15349 15350 15351 \
	15352 15353 15382 15406 15447 15448 15449 15450 15451 15482 15483 \
	15484 15485 15486 15506 15586 15587 15588 15589 15590 15606 15690 \
	15706 15790 15806 15890 15906 15990 16006 16090 16106 16190 16191 \
	16200 16201 16202 16203 16204 16205 16206 16207 16208 16209 16291 \
	16292 16293 16294 16295 16296 16297 16298 16299 16306 16307 16308 \
	16309 16310 16410 16510 16603 16604 16605 16606 16607 16608 16609 \
	16610 16703 16710 16803 16810 16811 16812 16813 16814 16815 16816 \
	16817 16818 16819 16820 16821 16903 16910 16911 16912 16913 16914 \
	16915 16916 16917 16918 16919 16920 16921 16922 16923 16924 17003 \
	17024 17025 17026 17027 17103 17124 17127 17128 17129 17130 17203 \
	17224 17230 17303 17324 17330 17403 17424 17430 17502 17503 17524 \
	17530 17602 17624 17630 17702 17724 17730 17802 17824 17830 17902 \
	17924 17930 18002 18024 18025 18030 18102 18124 18125 18130 18131 \
	18132 18133 18202 18203 18204 18205 18206 18207 18208 18209 18224 \
	18225 18233 18309 18310 18311 18312 18313 18314 18315 18316 18317 \
	18318 18319 18320 18321 18322 18323 18324 18325 18326 18327 18328 \
	18329 18333 18415 18429 18430 18431 18432 18433 18529 18530 18531 \
	18532 18533 18534 18535 18536 18632 18633 18636 18637 18733 18734 \
	18735 18736 18737 18738 18739 18740 18741 18833 18838 18839 18933 \
	18938 18939 19033 19038 19039 19133 19139 19225 19226 19233 19239 \
	19325 19326 19327 19333 19339 19427 19428 19432 19433 19434 19435 \
	19436 19437 19438 19439 19440 19441 19526 19527 19528 19532 19533 \
	19534 19535 19536 19537 19540 19541 19626 19631 19632 19633 19640 \
	19726 19727 19728 19729 19730 19731 20145 20229 20352 20496 20597 \
	20719 20721 20774 20897 20975 21065 21066 21121 21194 21230 21261 \
	21276 21345 21439 21463 21528 21559 21575 21652 21839 21993 22043 \
	22122 22143 22172 22198 22203 22554 22564 22756 23139 23199 23277 \
	23428 23479 23492 23529 23622 23659 23675 23828 23829 23840 23929 \
	23958 24055 24059 24063 24156 24420 24552 24662 24699 24766 24780 \
	24934 25013 25025 25235 25276 25371 25552 25578 25776 25884 25922 \
	25942 26067 26331 26385 26394 26426 26487 26643 26711 26714 26733 \
	26911 26936 27025 27191 27240 27252 27498 27516 27559 27563 27642 \
	27755 27775 27811 27813 27853 27997 28005 28041 28083 28108 28126 \
	28211 28407 28449 29109 29288 29581 29678 29684 29847 29938 29961 \
	29975 30016 30111 30145 30196 30289 30293 30353 30418 30482 30544 \
	30548 30556 30609 30639 30650 30669 30828 30909 31031 31131 31149 \
	31191 31279 31294 31469 31473 31509 31638 31746 31762 31765 31971 \
	31981 32098 32128 32190 32205 32311 32313 32510 32511 32659 32673 \
	32680 32820 32841 32863 32886 32990 33008 33054 33061 33067 33122 \
	33136 33365 33591 33601 33813 33975 33995 34122 34286 34769 34821 \
	34842 34863 34883 34892 35076 35101 35120 35197 35284 35287 35303 \
	35565 35668 35670 35742 35745 35753 35980 36051 36278 36315 36328 \
	36473 36544 36626 36675 36747 36805 37034 37041 37064 37261 37513 \
	37522 37534 37560 37675 37758 37803 37805 37940 37943 37993 38003 \
	38065 38114 38236 38291 38392 38579 38757 39097 39266 39421 39440 \
	39599 39688 39781 39806 39974 40118 40220 40461 40474 40518 40765 \
	40918 41057 41076 41206 41223 41226 41240 41321 41424 41468 41532 \
	41582 41737 41774 41847 41926 42075 42103 42132 42200 42330 42341 \
	42346 42449 42517 42551 42586 42762 42838 42846 42941 43013 43119 \
	43128 43143 43153 43251 43255 43273 43303 43354 43425 43541 43556 \
	43607 43659 43807 43810 43909 43950 43960 44219 44221 44299 44316 \
	44348 44356 44377 44440 44482 44646 44719 44763 44780 44782 44820 \
	44884 44900 44959 45008 45047 45049 45067 45082 45123 45125 45147 \
	45188 45224 45248 45441 45522 45587 45621 45667 45758 45770 45797 \
	45856 46003 46023 46201 46259 46403 46424 46437 46739 46994 47128 \
	47176 47199 47384 47467 47506 47600 47626 47637 47761 47764 47868 \
	47908 47917 47922 47947 47959 47980 48170 48395 48489 48578 48587 \
	48588 48626 48642 48810 48812 48841 48965 48989 49068 49073 49089 \
	49178 49378 49470 49866 56827 56857 56896 56990 57019 57081 57121 \
	57140 57212 57246 57268 57380 57396 57532 57625 57646 57679 57748 \
	57757 57877 57904 57948 58008 58033 58057 58225 58318 58374 58407 \
	58423 58575 58589 58599 58687 58707 58736 58751 59533 59858 60050 \
	60364 60384 60827 61544 61831 62112 62146 62402 62566 62573 63371 \
	63374 63806 64135 64319 64436 64823 64865 65337 65425 65553 65940 \
	66128 66152 66271 66275 66439 66508 66690 66713 66938 67160 67196 \
	67340 67668 68121 68425 68668 68767 69140 69170 69239 69343 69419 \
	69457 69642 69673 69684 69894 70124 70805 71201 71316 71355 71420 \
	71576 71712 71763 71883 72267 73119 73245 73473 73653 73869 74114 \
	74118 74449 74511 74637 74717 74893 74976 75125 75177 75190 75311 \
	75499 75592 75938 75958 76007 76225 76274 76580 76656 77310 77922 \
	78257 78478 85172 85985 100008 102528 105897 106872 113565 116188 126639 \
	135221 136481 138595 149987 149995 
 un 75277 60957 65615 68003 64584 82438 89804 127077 102979 \
	93015 66328 59072 77329 66701 
 uf 135505 136593 134237 147413 83232 
 am 2042 0 50333 55115 54948 51665 50797 53513 56309 \
	56223 56363 51853 55705 53627 50535 50837 51323 53249 54172 54295 \
	54404 54587 54597 54935 55263 55275 56297 56455 56746 
 am 2578 0 50333 54948 55115 
 am 2977 0 54948 55115 50333 
 am 50333 0 54948 55115 
 am 59072 0 55115 54948 
 am 61046 0 50333 54948 55115 56309 51665 
 am 62566 0 55115 54948 
 am 64584 0 55115 54948 
 am 65615 0 55115 54948 
 am 66328 0 68477 50333 54948 55115 51665 53627 56309 \
	56363 55705 51853 53513 56223 
 am 66701 0 8584 
 am 68003 0 50333 54948 55115 56309 53627 56363 55705 \
	51853 53513 56223 
 am 68121 0 54948 50333 55115 
 am 69140 0 54948 55115 
 am 69684 0 54948 55115 
 am 70124 0 54948 55115 
 am 72267 0 50333 55115 54948 51665 56309 53513 51853 \
	55705 56363 53627 
 am 75177 0 54948 55115 
 am 75592 0 50333 55115 54948 51665 56309 53513 51853 \
	56363 55705 53627 
 am 76294 0 50333 54948 55115 51665 56309 60608 59116 \
	59499 
 am 77922 0 50797 
 am 102528 0 54948 55115 
CO
 li acept 0 0
 ar 0 0 0 0 0 0 0 0
 st 1

75277 char 0
na Bedivere
il	1 6784 \
	11 2 \
	16 65 \
	19 10 \
	75 27 \
	85 100 \
	94 16 \
	261 5
tl	2 104269 556 71 0 0 0 0
LI
 wh 9088
CH
 lo 50333
 he 100
 lk 1
 lr 450
 sl	600 2 21 0 0 \
	601 2 14 106 0 \
	603 2 14 7 0 \
	730 2 21 0 0 \
	733 2 14 5 0 \
	732 2 14 7 0 \
	610 2 21 11 0 \
	611 2 28 0 0 \
	612 2 28 0 0 \
	617 2 14 33 0 \
	700 2 21 0 0 \
	701 2 14 0 0 \
	703 2 14 0 0 \
	613 2 14 0 0 \
	614 2 14 2 0 \
	706 2 14 0 0 \
	615 2 21 0 0 \
	616 2 14 0 0 \
	702 2 14 1 0 \
	704 2 14 0 0 \
	705 2 14 0 0 \
	731 2 14 0 0 \
	630 2 28 0 0 \
	602 2 14 0 0 \
	680 2 21 0 0 \
	681 2 14 0 0 \
	682 2 14 0 0 \
	636 2 14 0 0 \
	637 2 21 0 0 \
	707 2 14 0 0 \
	631 2 14 0 0 \
	632 2 14 0 0 \
	633 2 14 0 0
 bp 50
 at 80
 df 94
 mi 50
CO
 li explore
 ar 0 0 0 0 0 0 0 0
 cs 2
 wa 3
 st 1
 ue 2
 de 4
 pr 3

60957 char 0
na Cunedda
il	1 18226 \
	10 10 \
	11 5 \
	16 40 \
	19 10 \
	261 3
tl	2 78709 799 78 0 0 0 0 \
	2 104269 803 71 0 0 0 0
LI
 wh 2935
CH
 lo 50333
 he 100
 lk 1
 lr 300
 sl	610 2 21 1 0 \
	700 2 21 0 0 \
	600 2 21 0 0 \
	601 2 14 28 0 \
	630 2 28 0 0 \
	680 2 21 0 0 \
	611 2 28 0 0 \
	614 2 14 4 0 \
	612 2 28 0 0 \
	602 2 14 0 0 \
	603 2 14 0 0
 bp 50
 at 80
 df 110
CO
 li explore
 ar 0 0 0 0 0 0 0 0
 wa 7
 ue 1
 pr 3

65615 char 0
na Ambrosius
il	1 350 \
	54 2 \
	119925 1
tl	1 137762 68 30 0 0 0 0 \
	2 139767 27 113 0 0 0 0
LI
 wh 13644
CH
 lo 50333
 he 100
 lk 3
 lr 77
 sl	750 2 35 0 0 \
	751 2 28 33 0 \
	754 2 28 4 0 \
	756 2 28 51 0 \
	753 2 21 29 0 \
	755 2 28 0 0 \
	690 2 28 0 0 \
	752 2 28 0 0 \
	695 2 21 3 0 \
	610 2 21 0 0 \
	691 2 21 3 0 \
	730 2 21 0 0 \
	733 2 14 1 0 \
	693 2 21 7 0 \
	692 2 21 0 0 \
	732 2 14 1 0 \
	696 2 14 0 0 \
	697 2 28 0 0 \
	612 2 28 0 0 \
	614 2 14 6 0 \
	611 2 28 0 0
 bp 50
 at 80
 df 117
CM
 pr 1
 vp 18
 pl 59379
 vi 2458 2881 6609 12541 16845 18530 18621 18719 18723 18728 \
	18822 18920 18927 18929 19007 19023 19121 19128 19130 19222 19323 \
	19421 19523 19620 19622 19708 56799 56827 57246 57571 57865 59148 \
	65727 69894 70824 70949 72040 72473 99866 
CO
 li fly n
 ar 0 1 13644 0 0 4 13744 0
 st 1
 ue 2
 de 4
 pr 2

68003 char 0
na Perceval
il	1 16578 \
	12 224 \
	16 330 \
	18 175 \
	20 14 \
	51 16 \
	54 41 \
	64 3 \
	65 2 \
	68 10 \
	73 70 \
	74 115 \
	75 493 \
	76 24 \
	77 145 \
	78 60 \
	79 138 \
	82 36 \
	84 1 \
	271 118 \
	282 154 \
	295 1 \
	65456 1 \
	65998 1 \
	66250 1 \
	66712 1 \
	71527 1 \
	71738 1 \
	73304 1 \
	76367 1 \
	76380 1 \
	76469 64 \
	76794 1 \
	76800 1 \
	115311 1 \
	116152 1 \
	133456 1
tl	2 87 90 2 0 0 0 0
LI
 wh 2042
 hl 64584 82438 89804 127077 102979 
CH
 lo 50333
 he 100
 lk 2
 lr 2
 sl	600 2 21 0 0 \
	602 2 14 4 0 \
	601 2 14 47 0 \
	680 2 21 1 0 \
	603 2 14 2 0 \
	681 2 14 0 0 \
	682 2 14 0 0 \
	610 2 21 18 0 \
	630 2 28 0 0 \
	900 2 42 0 0 \
	650 2 28 0 0 \
	611 2 28 0 0 \
	612 2 28 1 0 \
	615 2 21 6 0 \
	902 2 21 0 0 \
	909 2 21 0 0 \
	911 2 21 0 0 \
	657 2 21 0 0 \
	654 2 28 74 0 \
	651 2 21 0 0 \
	613 2 14 0 0 \
	614 2 14 2 0 \
	904 2 21 0 0 \
	617 2 14 1 0 \
	906 2 21 0 0 \
	905 2 21 0 0 \
	903 2 21 5 0 \
	907 2 21 0 0 \
	652 2 28 0 0 \
	653 2 28 0 0 \
	908 2 28 0 0 \
	655 2 14 0 0 \
	616 2 14 0 0 \
	641 2 28 0 0 \
	800 2 28 0 0 \
	812 2 21 0 0 \
	813 2 21 1 0 \
	809 2 21 0 0 \
	814 2 21 0 0 \
	806 2 21 0 0 \
	807 2 21 0 0 \
	811 2 21 0 0 \
	808 2 21 0 0 \
	801 2 14 0 0 \
	802 2 14 0 0 \
	803 2 14 0 0
 ra 70
 at 80
 df 89
 mi 50
CM
 im 1
 ma 22
 ca 2
 vp 12
 pl 3475
MI
 ds Greyfell Lord
CO
 li breed 282 282
 ar 282 282 0 0 0 0 0 0
 wa 7
 st 1
 ue 1
 pr 3

64584 char 0
na Galahad
il	10 8 \
	11 47 \
	13 8 \
	21 400 \
	61 93 \
	72 91 \
	77 131 \
	85 338
LI
 wh 68003
CH
 lo 50333
 he 100
 lk 3
 lr 72
 sl	700 2 21 0 0 \
	702 2 14 13 0 \
	703 2 14 31 0 \
	704 2 14 2 0 \
	705 2 14 0 0 \
	701 2 14 0 0 \
	610 2 21 15 0 \
	612 2 28 1 0 \
	630 2 28 0 0 \
	641 2 28 2 0 \
	680 2 21 15 0 \
	682 2 14 25 0 \
	617 2 14 19 0 \
	615 2 21 3 0 \
	614 2 14 0 0 \
	720 2 21 0 0 \
	721 2 14 8 0 \
	722 2 14 7 0 \
	681 2 14 0 0 \
	613 2 14 21 0 \
	723 2 14 1 0 \
	616 2 14 1 0 \
	631 1 13 0 0 \
	611 2 28 0 0
 bh 5
 at 80
 df 80
 mi 92
CM
 hs 1
 vp 10
MI
 ds Royal Archer
CO
 li use 613
 ar 0 0 0 0 0 0 0 613
 cs 2
 wa 3
 st 1
 us 613
 ue 4
 de 8
 pr 3

82438 char 0
na Nix
il	54 2 \
	282 2
LI
 wh 68003
CH
 lo 50333
 he 100
 lk 3
 lr 95
 sl	610 2 21 0 0 \
	650 2 28 0 0 \
	654 2 28 3 0 \
	611 2 28 0 0
 bp 50
 at 80
 df 80
MI
 ds Greyfell Lord
CO
 li breed 282 282
 ar 282 282 0 0 0 0 0 0
 cs 2
 wa 2
 st 1
 de 5
 pr 3

89804 char 0
na Gea
il	64 3 \
	282 2
LI
 wh 68003
CH
 lo 50333
 he 100
 lk 3
 lr 95
 sl	610 2 21 0 0 \
	650 2 28 0 0 \
	654 2 28 3 0 \
	611 2 28 0 0
 bp 50
 at 80
 df 80
MI
 ds Greyfell Lord
CO
 li breed 282 282
 ar 282 282 0 0 0 0 0 0
 cs 2
 wa 6
 st 1
 de 1
 pr 3

127077 char 0
na Scarlet Witch
il	1 500 \
	54 4
LI
 wh 68003
CH
 lo 50333
 he 100
 lk 3
 lr 98
 sl	610 2 21 0 0 \
	650 2 28 0 0 \
	654 2 28 1 0 \
	611 1 7 0 0
 bp 50
 at 80
 df 80
CO
 li breed 54 54
 ar 54 54 0 0 0 0 0 0
 cs 2
 wa 5
 st 1
 de 2
 pr 3

102979 char 0
na Damien
il	1 500 \
	54 5
LI
 wh 68003
CH
 lo 50333
 he 100
 lk 3
 lr 98
 sl	610 2 21 0 0 \
	650 2 28 0 0 \
	654 2 28 1 0 \
	611 1 7 0 0
 bp 50
 at 80
 df 80
CO
 li breed 54 54
 ar 54 54 0 0 0 0 0 0
 cs 2
 wa 5
 st 1
 de 2
 pr 3

93015 char 0
na Arnulf
il	1 528 \
	10 4 \
	11 5 \
	16 10 \
	20 10 \
	76 10
LI
 wh 13647
CH
 lo 50333
 pl 100
 he 100
 lk 3
 lr 1974
 sl	610 2 21 2 0 \
	611 2 28 0 0 \
	630 2 28 0 0 \
	641 2 28 0 0 \
	637 2 21 0 0 \
	612 2 28 0 0 \
	613 2 14 3 0 \
	700 2 21 0 0 \
	702 2 14 3 0
 mo 7800
 bp 50
 at 80
 df 80
CO
 li move s
 ar 0 3 13747 0 0 10 13647 0
 cs 2
 wa 9
 st 1
 ue 1
 de 1
 pr 2

66328 char 0
na Ulruth
il	1 1245 \
	54 2 \
	282 72 \
	65965 1 \
	116033 1
LI
 wh 15142
CH
 lo 50333
 he 100
 lk 3
 lr 72
 sl	630 2 28 0 0 \
	680 2 21 4 0 \
	682 2 14 10 0 \
	639 2 21 0 0 \
	631 2 14 0 0 \
	636 2 14 0 0 \
	641 2 28 2 0 \
	610 2 21 24 0 \
	617 2 14 16 0 \
	615 2 21 7 0 \
	612 2 28 1 0 \
	614 2 14 3 0 \
	616 2 14 2 0 \
	720 2 21 0 0 \
	721 2 14 10 0 \
	722 2 14 14 0 \
	723 2 14 9 0 \
	681 2 14 0 0 \
	613 2 14 0 0 \
	632 2 14 0 0 \
	611 2 28 0 0 \
	600 2 21 0 0 \
	601 2 14 0 0 \
	602 2 14 0 0 \
	603 2 14 0 0
 at 84
 df 96
 mi 109
CM
 vp 5
MI
 ds Greyfell Lord
CO
 li explore
 ar 0 0 0 0 0 0 0 0
 cs 2
 wa 2
 st 1
 ue 1
 de 5
 pr 3

59072 char 0
na Cosimo I, Duke of Greyfell
il	1 728 \
	54 3
LI
 wh 14491
CH
 lo 50333
 he 100
 lk 2
 lr 1
 sl	730 2 21 0 0 \
	733 2 14 4 0 \
	732 2 14 7 0 \
	630 2 28 0 0 \
	631 2 14 6 0 \
	731 2 14 0 0 \
	610 2 21 6 0 \
	617 2 14 9 0 \
	611 2 28 0 0 \
	612 2 28 1 0 \
	615 2 21 5 0 \
	613 2 14 0 0 \
	614 2 14 2 0 \
	641 2 28 1 0
 ra 70
 at 80
 df 94
 mi 56
CM
 hs 1
 vp 2
MI
 ds Greyfell Lord
CO
 li seek
 ar 0 0 0 0 0 0 0 0
 st 1
 ue 1
 de 7
 po 1
 pr 3

77329 char 0
na Mordred
il	1 1079 \
	52 2
LI
 wh 36328
CH
 lo 50333
 he 100
 lk 2
 lr 1
 sl	630 2 28 0 0 \
	610 2 21 0 0 \
	612 2 28 0 0 \
	611 2 28 0 0 \
	680 2 21 2 0 \
	682 2 14 6 0 \
	639 0 0 0 0 \
	637 0 0 0 0 \
	641 2 28 1 0 \
	720 2 21 0 0 \
	723 0 0 0 0 \
	721 2 14 0 0
 bp 50
 ra 70
 at 80
 df 80
CM
 hs 1
 pl 8584
CO
 li explore
 ar 0 0 0 0 0 0 0 0
 cs 2
 wa 5
 st 1
 ue 1
 de 2
 pr 3

66701 char 0
na Gawain
il	1 350
ad 9545 
LI
 wh 27811
CH
 lo 50333
 he 100
 lk 2
 lr 1
 sl	610 2 21 16 0 \
	611 2 28 0 0 \
	612 2 28 0 0 \
	617 2 14 4 0 \
	630 2 28 0 0 \
	639 2 21 0 0 \
	637 2 21 0 0 \
	641 2 28 1 0 \
	636 2 14 0 0
 bp 50
 at 80
 df 80
CM
 hs 1
CO
 li explore
 ar 0 0 0 0 0 0 0 0
 cs 2
 wa 6
 st 1
 ue 1
 de 1
 pr 3

