50535 player pl_regular
na Wicca
il	1 2659
an 50535 
CH
PL
 fn Edith Barbour
 em dakafalb@hotmail.com,EMQB@aol.com
 ve EMQB@aol.com
 pw that old black magic~love
 ft 23
 so 1
 lt 260
 kn 610 611 612 613 614 615 616 617 630 631 \
	632 633 634 635 639 641 650 651 652 653 654 \
	655 656 657 670 671 672 680 682 700 701 702 \
	703 704 705 720 721 722 730 731 732 733 800 \
	801 802 803 804 805 806 807 808 809 811 812 \
	813 814 820 821 822 823 824 825 826 827 828 \
	829 831 832 833 840 841 842 843 844 845 846 \
	847 848 849 851 852 860 861 862 863 864 865 \
	866 867 868 869 871 872 880 881 882 883 884 \
	885 886 887 888 889 891 892 893 894 900 901 \
	902 903 904 905 906 907 908 909 911 920 921 \
	922 1685 1714 2068 3084 3839 4495 5532 6160 6852 7769 \
	8170 9482 9549 13261 13262 13263 13264 13265 13266 13267 13268 \
	13269 13270 13271 13371 13471 13571 13671 13771 13858 13859 13860 \
	13863 13871 13953 13954 13955 13956 13957 13958 13959 13960 13961 \
	13962 13963 13971 14051 14052 14053 14054 14061 14062 14071 14153 \
	14154 14156 14157 14158 14159 14160 14161 14162 14163 14164 14165 \
	14166 14167 14168 14169 14170 14171 14172 14173 14174 14175 14252 \
	14253 14254 14255 14256 14257 14258 14259 14260 14261 14262 14263 \
	14264 14265 14266 14267 14268 14269 14270 14271 14272 14273 14274 \
	14275 14352 14353 14354 14355 14356 14359 14361 14362 14363 14364 \
	14365 14366 14367 14368 14369 14370 14371 14372 14373 14375 14452 \
	14459 14460 14461 14462 14463 14464 14465 14466 14467 14468 14469 \
	14470 14471 14472 14473 14475 14559 14560 14561 14562 14563 14564 \
	14565 14566 14567 14568 14569 14570 14571 14572 14573 14574 14575 \
	14576 14577 14659 14660 14661 14662 14663 14664 14665 14666 14667 \
	14668 14669 14670 14671 14672 14673 14674 14675 14676 14677 14678 \
	14758 14759 14760 14761 14765 14766 14767 14768 14769 14770 14771 \
	14772 14773 14774 14775 14776 14778 14858 14859 14860 14861 14862 \
	14863 14864 14865 14866 14867 14868 14869 14871 14872 14873 14874 \
	14875 14876 14877 14878 14958 14959 14960 14961 14963 14964 14965 \
	14966 14967 14968 14969 14970 14971 14972 14973 14974 14976 14977 \
	14978 15059 15060 15061 15062 15063 15064 15065 15066 15067 15068 \
	15069 15070 15071 15072 15073 15074 15075 15076 15077 15078 15159 \
	15160 15161 15164 15165 15166 15167 15168 15169 15170 15171 15172 \
	15173 15174 15175 15176 15177 15178 15259 15260 15261 15262 15263 \
	15264 15265 15266 15267 15268 15269 15270 15271 15272 15273 15274 \
	15275 15276 15277 15278 15359 15360 15361 15364 15365 15366 15367 \
	15368 15369 15370 15371 15372 15373 15374 15375 15376 15377 15459 \
	15460 15461 15463 15464 15465 15466 15468 15469 15470 15471 15472 \
	15473 15474 15475 15476 15477 15478 15479 15558 15559 15560 15561 \
	15562 15563 15564 15565 15566 15567 15568 15569 15570 15571 15572 \
	15573 15574 15575 15576 15577 15578 15579 15580 15581 15582 15658 \
	15659 15660 15661 15662 15663 15664 15665 15666 15667 15668 15669 \
	15670 15671 15672 15673 15674 15675 15676 15677 15679 15682 15760 \
	15761 15762 15769 15771 15772 15773 15774 15775 15776 15777 15779 \
	15782 15860 15869 15873 15874 15875 15876 15877 15879 15882 15960 \
	15969 15974 15975 15977 15979 15982 16060 16069 16074 16075 16077 \
	16079 16082 16158 16159 16160 16161 16162 16163 16164 16165 16166 \
	16167 16168 16169 16170 16171 16172 16173 16174 16175 16176 16177 \
	16178 16179 16180 16181 16182 16258 16260 16269 16270 16274 16275 \
	16277 16279 16280 16281 16282 16283 16284 16358 16360 16369 16370 \
	16371 16372 16373 16374 16375 16377 16378 16379 16380 16381 16382 \
	16383 16384 16450 16451 16452 16453 16454 16455 16456 16457 16458 \
	16460 16471 16474 16550 16560 16571 16574 16650 16660 16671 16672 \
	16673 16674 16750 16760 16771 16848 16849 16850 16860 16948 16949 \
	16950 16951 16952 16953 16954 16955 16956 16957 16958 16959 16960 \
	20210 21177 21417 21817 21966 21987 22538 23550 23636 23763 23882 \
	24154 24296 25423 26009 26112 26506 27290 27916 28740 31733 32404 \
	33697 34018 35135 35891 35930 37364 37626 39918 42018 43481 44334 \
	44427 44906 46194 46239 47181 47215 48051 49049 49431 57060 57294 \
	57331 57368 57401 57422 57675 57686 57704 57731 57754 57812 57826 \
	57870 57933 58006 58073 58259 58335 58427 58493 58600 58615 58643 \
	58736 59045 59101 59768 59791 59882 60483 61096 61438 62115 62345 \
	62449 62508 62796 62870 64306 65432 65881 66084 66609 66759 68281 \
	68330 68575 68708 69174 69415 69646 69668 69979 70255 70385 71567 \
	71778 71882 72081 72979 73104 73454 73747 74101 74853 74858 75090 \
	75428 76013 76066 77081 77244 77258 77433 77570 78747 125522 
 un 5461 6686 3282 6971 66144 77262 6048 9856 1321 
 uf 64727 64470 77635 96208 88089 
 am 1055 0 50535 50837 51323 53249 54295 54172 54935 \
	55263 55275 56297 56309 56455 56746 
 am 1071 1 
 am 1127 0 50535 50837 51323 53249 54295 54172 54935 \
	55263 55275 56297 56309 56455 56746 
 am 1152 1 
 am 1200 1 
 am 1206 1 
 am 1208 1 
 am 1267 1 
 am 1362 1 
 am 1400 1 
 am 1585 1 
 am 1685 0 50535 50837 51323 53249 54295 54172 54935 \
	55263 55275 56297 56309 56455 56746 
 am 1712 0 50535 50837 51323 53249 54172 54295 54404 \
	54597 54587 54935 55263 55275 56297 56309 56455 56746 
 am 1714 1 
 am 1742 1 
 am 1761 1 
 am 1843 1 
 am 1856 1 
 am 1920 1 
 am 2068 1 
 am 2069 1 
 am 2136 1 
 am 2342 1 
 am 2391 1 
 am 2444 1 
 am 2468 0 50535 50837 51323 53249 54172 54295 54404 \
	54597 54587 54935 55263 55275 56297 56309 56455 56746 
 am 2509 1 
 am 2886 0 50535 50837 51323 53249 54172 54295 54587 \
	54935 55263 55275 56297 56309 56455 56746 
 am 3070 1 
 am 3084 1 
 am 3282 0 50535 50837 51323 53249 54172 54295 54587 \
	54935 55263 55275 56297 56309 56455 56746 
 am 3287 0 50535 50837 51323 53249 54172 54295 54404 \
	54597 54587 54935 55263 55275 56297 56309 56455 56746 
 am 3430 1 
 am 3733 1 
 am 3852 1 
 am 3869 1 
 am 4036 1 
 am 4215 1 
 am 4279 0 50535 50837 51323 53249 54172 54295 54587 \
	54935 55263 55275 56297 56309 56455 56746 
 am 4303 1 
 am 4399 1 
 am 4681 0 50535 50837 51323 53249 54172 54295 54404 \
	54597 54587 54935 55263 55275 56297 56309 56455 56746 
 am 4768 1 
 am 4933 1 
 am 5013 1 
 am 5353 1 
 am 5461 0 50535 50837 51323 53249 54172 54295 54587 \
	54935 55263 55275 56297 56309 56455 56746 
 am 5532 1 
 am 5739 1 
 am 5787 1 
 am 5895 0 50535 50837 51323 53249 54172 54295 54404 \
	54597 54587 54935 55263 55275 56297 56309 56455 56746 
 am 5927 1 
 am 6048 0 50535 50837 51323 53249 54172 54295 54587 \
	54935 55263 55275 56297 56309 56455 56746 
 am 6074 1 
 am 6134 1 
 am 6138 1 
 am 6160 0 50535 50837 51323 53249 54172 54295 54404 \
	54597 54587 54935 55263 55275 56297 56309 56455 56746 
 am 6247 1 
 am 6543 1 
 am 6575 1 
 am 6686 0 50535 50837 51323 53249 54172 54295 54587 \
	54935 55263 55275 56297 56309 56455 56746 
 am 6821 1 
 am 6852 1 
 am 6971 0 50535 50837 51323 53249 54172 54295 54587 \
	54935 55263 55275 56297 56309 56455 56746 
 am 7169 1 
 am 7301 1 
 am 7539 1 
 am 7699 1 
 am 7769 1 
 am 7879 1 
 am 7911 1 
 am 8130 1 
 am 8831 0 50535 50837 51323 53249 54172 54295 54404 \
	54597 54587 54935 55263 55275 56297 56309 56455 56746 
 am 8904 1 
 am 8951 1 
 am 9022 1 
 am 9310 1 
 am 9353 1 
 am 9516 1 
 am 9549 0 50535 50837 51323 53249 54172 54295 54404 \
	54597 54587 54935 55263 55275 56297 56309 56455 56746 
 am 9711 0 50535 51323 53249 54295 54172 54935 55263 \
	55275 56297 56309 56455 56746 
 am 9714 1 
 am 9835 1 
 am 9856 0 50535 50837 51323 53249 54172 54295 54587 \
	54935 55263 55275 56297 56309 56455 56746 
 am 9896 1 
 am 56814 1 
 am 57165 0 50535 50837 51323 53249 54295 54172 54935 \
	55263 55275 56297 56309 56455 56746 
 am 57266 1 
 am 57294 1 
 am 57345 1 
 am 57477 1 
 am 57496 1 
 am 57539 1 
 am 57686 1 
 am 57731 0 50535 50837 51323 53249 54295 54172 54935 \
	55263 55275 56297 56309 56455 56746 
 am 57798 1 
 am 57826 1 
 am 57870 1 
 am 57874 1 
 am 57885 1 
 am 58006 1 
 am 58073 1 
 am 58270 1 
 am 58315 1 
 am 58323 1 
 am 58349 1 
 am 58493 1 
 am 58615 1 
 am 58643 1 
 am 58716 1 
 am 58736 0 50535 50837 51323 54172 54935 55263 55275 \
	56297 56309 56455 
 am 58755 1 
 am 59101 1 
 am 59516 1 
 am 59552 1 
 am 60286 0 50535 50837 51323 53249 54172 54295 54587 \
	54935 55263 55275 56297 56309 56455 56746 
 am 60621 1 
 am 61096 1 
 am 62019 1 
 am 62345 1 
 am 62449 1 
 am 62492 1 
 am 62497 1 
 am 62796 1 
 am 63021 1 
 am 63602 1 
 am 63667 1 
 am 64121 1 
 am 64596 0 50535 50837 51323 53249 54295 54172 54935 \
	55263 55275 56297 56309 56455 56746 
 am 64812 1 
 am 65369 1 
 am 65374 1 
 am 65403 1 
 am 66048 1 
 am 66084 1 
 am 66105 1 
 am 66185 1 
 am 66262 1 
 am 66303 1 
 am 66520 1 
 am 66688 1 
 am 66791 1 
 am 66799 1 
 am 67383 1 
 am 67471 1 
 am 68095 1 
 am 68147 1 
 am 68249 1 
 am 68334 1 
 am 68488 1 
 am 68708 1 
 am 68776 0 50535 50837 51323 53249 54172 54295 54587 \
	54935 55263 55275 56297 56309 56455 56746 
 am 69593 1 
 am 70102 0 50535 50837 51323 53249 54295 54172 54935 \
	55263 55275 56297 56309 56455 56746 
 am 70123 1 
 am 70190 1 
 am 70255 1 
 am 70266 1 
 am 70370 1 
 am 70385 1 
 am 70782 1 
 am 70883 1 
 am 71068 1 
 am 71147 0 50535 50837 51323 53249 54295 54172 54935 \
	55263 55275 56297 56309 56455 56746 
 am 71228 1 
 am 71882 0 50535 50837 51323 53249 54295 54172 54935 \
	55263 55275 56297 56309 56455 56746 
 am 72081 0 50535 50837 51323 53249 54295 54172 54935 \
	55263 55275 56297 56309 56455 56746 
 am 72124 1 
 am 72149 0 50535 50837 51323 53249 54172 54295 54404 \
	54597 54587 54935 55263 55275 56297 56309 56455 56746 
 am 72380 0 50535 50837 51323 53249 54295 54172 54935 \
	55263 55275 56297 56309 56455 56746 
 am 72588 1 
 am 72727 1 
 am 72824 1 
 am 73102 1 
 am 73104 0 50535 50837 51323 53249 54172 54295 54404 \
	54597 54587 54935 55263 55275 56297 56309 56455 56746 
 am 73454 1 
 am 74237 1 
 am 74441 1 
 am 74490 0 50535 50837 51323 53249 54172 54295 54404 \
	54597 54587 54935 55263 55275 56297 56309 56455 56746 
 am 74578 0 50535 50837 51323 53249 54295 54172 54935 \
	55263 55275 56297 56309 56455 56746 
 am 74786 1 
 am 75926 1 
 am 76353 1 
 am 76425 0 50535 50837 51323 53249 54295 54172 54935 \
	55263 55275 56297 56309 56455 56746 
 am 77285 0 50535 50837 51323 53249 54295 54172 54935 \
	55263 55275 56297 56309 56455 56746 
 am 77698 1 
 am 77895 0 50535 50837 51323 53249 54295 54172 54935 \
	55263 55275 56297 56309 56455 56746 
 am 78217 1 
 am 78462 1 
 am 78554 1 
 am 78682 1 
 am 78701 1 
 am 78832 0 50535 50837 51323 53249 54295 54172 54935 \
	55263 55275 56297 56309 56455 56746 
 am 78835 1 
 am 78890 1 
 am 78954 1 
 am 125522 0 50535 50837 51323 53249 54172 54295 54404 \
	54597 54587 54935 55263 55275 56297 56309 56455 56746 
CO
 li accept zy6 0
 ar 56746 0 0 0 0 0 0 0
 st 1

5461 char 0
na Madame Rue
il	1 5258 \
	31 100 \
	54 2
tl	2 95 10 7 0 0 0 0 \
	2 94 96 4 0 0 0 0
an 50535 
LI
 wh 60483
CH
 lo 50535
 he 100
 si 1
 lk 3
 lr 819
 sl	800 2 28 0 0 \
	680 2 21 8 0 \
	630 2 28 0 0 \
	802 2 14 31 0 \
	631 2 14 3 0 \
	682 2 14 34 0 \
	634 2 14 0 0 \
	632 2 14 0 0 \
	801 2 14 1 0 \
	700 2 21 0 0 \
	702 2 14 7 0 \
	610 2 21 34 0 \
	612 2 28 1 0 \
	614 2 14 44 0 \
	803 2 14 0 0 \
	804 2 21 0 0 \
	805 2 14 0 0 \
	615 2 21 32 0 \
	616 2 14 1 0 \
	617 2 14 27 0 \
	633 2 14 0 0 \
	635 2 28 0 0 \
	704 2 14 0 0 \
	703 2 14 1 0 \
	720 2 21 0 0 \
	806 2 21 0 0 \
	721 2 14 27 0 \
	722 2 14 22 0 \
	670 2 28 0 0 \
	641 2 28 1 0 \
	807 2 21 1 0 \
	808 2 21 0 0 \
	809 2 21 0 0 \
	811 2 21 0 0 \
	812 2 21 0 0 \
	813 2 21 0 0 \
	814 2 21 0 0 \
	639 2 21 0 0 \
	611 2 28 0 0 \
	671 2 14 0 0 \
	672 2 21 0 0 \
	613 2 14 0 0 \
	900 2 42 0 0 \
	903 2 21 22 0 \
	902 2 21 0 0 \
	904 2 21 0 0 \
	905 2 21 0 0 \
	906 2 21 0 0 \
	907 2 21 0 0 \
	908 2 28 1 0 \
	909 2 21 0 0 \
	911 2 21 0 0 \
	820 2 0 0 0 \
	821 2 0 0 0 \
	825 2 0 0 0 \
	826 2 0 0 0 \
	827 2 0 0 0 \
	828 2 0 0 0 \
	829 2 0 0 0 \
	831 2 0 0 0 \
	832 2 0 0 0 \
	833 2 0 0 0 \
	822 2 0 0 0 \
	823 2 0 0 0 \
	824 2 0 0 0 \
	840 2 35 0 0 \
	841 2 21 0 0 \
	842 2 14 0 0 \
	843 2 21 0 0 \
	844 2 21 0 0 \
	845 2 21 0 0 \
	846 2 21 0 0 \
	847 1 14 0 0 \
	848 1 0 0 0 \
	849 1 0 0 0 \
	851 1 0 0 0 \
	852 1 0 0 0
 bh 4
 at 80
 df 276
 mi 185
 ct 50333 50535 50797 50837 51323 51665 51853 53249 53513 \
	53627 54172 54295 54404 54587 54597 54935 54948 55115 55263 55275 \
	55705 56223 56297 56309 56363 56455 56746 50333 50535 50797 50837 \
	51323 51665 51853 53249 53513 53627 54172 54295 54404 54587 54597 \
	54935 54948 55115 55263 55275 55705 56223 56297 56309 56363 56455 \
	56746 50333 50535 50797 50837 51323 51665 51853 53249 53513 53627 \
	54172 54295 54404 54587 54597 54935 54948 55115 55263 55275 55705 \
	56223 56297 56309 56363 56455 56746 50333 50535 50797 50837 51323 \
	51665 51853 53249 53513 53627 54172 54295 54404 54587 54597 54935 \
	54948 55115 55263 55275 55705 56223 56297 56309 56363 56455 56746 \
	50333 50535 50797 50837 51323 51665 51853 53249 53513 53627 54172 \
	54295 54404 54587 54597 54935 54948 55115 55263 55275 55705 56223 \
	56297 56309 56363 56455 56746 50333 50535 50797 50837 51323 51665 \
	51853 53249 53513 53627 54172 54295 54404 54587 54597 54935 54948 \
	55115 55263 55275 55705 56223 56297 56309 56363 56455 56746 50333 \
	50535 50797 50837 51323 51665 51853 53249 53513 53627 54172 54295 \
	54404 54587 54597 54935 54948 55115 55263 55275 55705 56223 56297 \
	56309 56363 56455 56746 50333 50535 50797 50837 51323 51665 51853 \
	53249 53513 53627 54172 54295 54404 54587 54597 54935 54948 55115 \
	55263 55275 55705 56223 56297 56309 56363 56455 56746 
CM
 im 1
 ma 44
 ca 44
 hs 1
 kw 1
 pl 4972
CO
 li use 614
 ar 0 0 0 0 0 0 0 614
 cs 2
 wa 5
 st 1
 us 614
 ue 5
 de 1
 pr 3

6686 char 0
na Marie LaVaux
il	1 749 \
	18 15 \
	54 1 \
	74843 1
tl	2 95 22 7 0 0 0 0 \
	2 94 90 4 0 0 0 0
LI
 wh 125522
 hl 3282 6971 66144 77262 144752 
CH
 lo 50535
 he 100
 lk 2
 lr 1
 sl	860 2 35 0 0 \
	630 2 28 0 0 \
	700 2 21 0 0 \
	610 2 21 31 0 \
	862 2 14 6 0 \
	702 2 14 20 0 \
	614 2 14 13 0 \
	680 2 21 1 0 \
	682 2 14 6 0 \
	612 2 28 1 0 \
	800 2 28 0 0 \
	802 2 14 13 0 \
	861 2 14 0 0 \
	801 2 14 0 0 \
	803 2 14 0 0 \
	804 2 21 0 0 \
	805 2 14 0 0 \
	704 2 14 0 0 \
	616 2 14 4 0 \
	617 2 14 48 0 \
	703 2 14 0 0 \
	705 2 14 0 0 \
	615 2 21 3 0 \
	635 2 28 0 0 \
	631 2 14 0 0 \
	613 2 14 5 0 \
	670 2 28 0 0 \
	869 2 14 0 0 \
	871 2 21 0 0 \
	872 2 21 0 0 \
	806 2 21 10 0 \
	807 2 21 3 0 \
	808 2 21 0 0 \
	809 2 21 0 0 \
	811 2 21 0 0 \
	812 2 21 0 0 \
	813 2 21 33 0 \
	814 2 21 0 0 \
	639 2 21 0 0 \
	641 2 28 1 0 \
	864 2 14 0 0 \
	865 2 14 0 0 \
	866 2 14 0 0 \
	863 2 14 0 0 \
	867 2 21 0 0 \
	868 2 21 0 0 \
	900 2 42 0 0 \
	908 2 28 5 0 \
	909 2 21 2 0 \
	911 2 21 0 0 \
	903 2 21 20 0 \
	902 2 21 0 0 \
	840 2 0 0 0 \
	841 2 0 0 0 \
	842 2 0 0 0 \
	843 2 0 0 0 \
	844 2 0 0 0 \
	845 2 0 3 0 \
	846 2 0 0 0 \
	847 2 0 0 0 \
	848 2 0 0 0 \
	849 2 0 1 0 \
	851 2 0 0 0 \
	852 2 0 0 0 \
	904 2 21 0 0 \
	905 2 21 0 0 \
	906 2 21 0 0 \
	907 2 21 0 0 \
	901 2 28 0 0 \
	880 2 0 0 0 \
	920 2 0 0 0 \
	881 2 0 1 0 \
	882 2 0 0 0 \
	883 2 0 0 0 \
	884 2 0 0 0 \
	885 2 0 0 0 \
	886 2 0 0 0 \
	887 2 0 0 0 \
	888 2 0 0 0 \
	889 2 0 0 0 \
	891 2 0 0 0 \
	892 2 0 0 0 \
	893 2 0 0 0 \
	894 2 0 0 0 \
	922 2 0 16 0 \
	921 2 0 3 0 \
	820 2 0 0 0 \
	821 2 0 0 0 \
	822 2 0 0 0 \
	823 2 0 0 0 \
	825 2 0 0 0 \
	826 2 0 0 0 \
	827 2 0 26 0 \
	828 2 0 0 0 \
	829 2 0 1 0 \
	831 2 0 0 0 \
	832 2 0 1 0 \
	833 2 0 0 0 \
	824 2 0 0 0 \
	611 2 28 0 0
 bh 3
 ra 30
 at 84
 df 103
 mi 53
 ct 50535 50837 51323 53249 54295 54172 54404 54587 54597 \
	54935 55263 55275 56297 56309 56455 56746 50535 50837 51323 53249 \
	54295 54172 54404 54587 54597 54935 55263 55275 56297 56309 56455 \
	56746 50535 50837 51323 53249 54295 54172 54404 54587 54597 54935 \
	55263 55275 56297 56309 56455 56746 50333 50535 50797 50837 51323 \
	51853 53249 53513 53627 54172 54295 54404 54587 54597 54935 54948 \
	55115 55263 55275 55705 56223 56297 56309 56363 56455 56746 50333 \
	50535 50797 50837 51323 51853 53249 53513 53627 54172 54295 54404 \
	54587 54597 54935 54948 55115 55263 55275 55705 56223 56297 56309 \
	56363 56455 56746 50333 50535 50797 50837 51323 51853 53249 53513 \
	53627 54172 54295 54404 54587 54597 54935 54948 55115 55263 55275 \
	55705 56223 56297 56309 56363 56455 56746 50333 50535 50797 50837 \
	51323 51853 53249 53513 53627 54172 54295 54404 54587 54597 54935 \
	54948 55115 55263 55275 55705 56223 56297 56309 56363 56455 56746 \
	50333 50535 50797 50837 51323 51853 53249 53513 53627 54172 54295 \
	54404 54587 54597 54935 54948 55115 55263 55275 55705 56223 56297 \
	56309 56363 56455 56746 50333 50535 50797 50837 51323 51853 53249 \
	53513 53627 54172 54295 54404 54587 54597 54935 54948 55115 55263 \
	55275 55705 56223 56297 56309 56363 56455 56746 50333 50535 50797 \
	50837 51323 51853 53249 53513 53627 54172 54295 54404 54587 54597 \
	54935 54948 55115 55263 55275 55705 56223 56297 56309 56363 56455 \
	56746 50333 50535 50797 50837 51323 51665 51853 53249 53513 53627 \
	54172 54295 54404 54587 54597 54935 54948 55115 55263 55275 55705 \
	56223 56297 56309 56363 56455 56746 50333 50535 50797 50837 51323 \
	51665 51853 53249 53513 53627 54172 54295 54404 54587 54597 54935 \
	54948 55115 55263 55275 55705 56223 56297 56309 56363 56455 56746 \
	50333 50535 50797 50837 51323 51665 51853 53249 53513 53627 54172 \
	54295 54404 54587 54597 54935 54948 55115 55263 55275 55705 56223 \
	56297 56309 56363 56455 56746 50333 50535 50797 50837 51323 51665 \
	51853 53249 53513 53627 54172 54295 54404 54587 54597 54935 54948 \
	55115 55263 55275 55705 56223 56297 56309 56363 56455 56746 50333 \
	50535 50797 50837 51323 51665 51853 53249 53513 53627 54172 54295 \
	54404 54587 54597 54935 54948 55115 55263 55275 55705 56223 56297 \
	56309 56363 56455 56746 50333 50535 50797 50837 51323 51665 51853 \
	53249 53513 53627 54172 54295 54404 54587 54597 54935 54948 55115 \
	55263 55275 55705 56223 56297 56309 56363 56455 56746 50333 50535 \
	50797 50837 51323 51665 51853 53249 53513 53627 54172 54295 54404 \
	54587 54597 54935 54948 55115 55263 55275 55705 56223 56297 56309 \
	56363 56455 56746 50333 50535 50797 50837 51323 51665 51853 53249 \
	53513 53627 54172 54295 54404 54587 54597 54935 54948 55115 55263 \
	55275 55705 56223 56297 56309 56363 56455 56746 50333 50535 50797 \
	50837 51323 51665 51853 53249 53513 53627 54172 54295 54404 54587 \
	54597 54935 54948 55115 55263 55275 55705 56223 56297 56309 56363 \
	56455 56746 50333 50535 50797 50837 51323 51665 51853 53249 53513 \
	53627 54172 54295 54404 54587 54597 54935 54948 55115 55263 55275 \
	55705 56223 56297 56309 56363 56455 56746 50333 50535 50797 50837 \
	51323 51665 51853 53249 53513 53627 54172 54295 54404 54587 54597 \
	54935 54948 55115 55263 55275 55705 56223 56297 56309 56363 56455 \
	56746 50333 50535 50797 50837 51323 51665 51853 53249 53513 53627 \
	54172 54295 54404 54587 54597 54935 54948 55115 55263 55275 55705 \
	56223 56297 56309 56363 56455 56746 50333 50535 50797 50837 51323 \
	51665 51853 53249 53513 53627 54172 54295 54404 54587 54597 54935 \
	54948 55115 55263 55275 55705 56223 56297 56309 56363 56455 56746 \
	50333 50535 50797 50837 51323 51665 51853 53249 53513 53627 54172 \
	54295 54404 54587 54597 54935 54948 55115 55263 55275 55705 56223 \
	56297 56309 56363 56455 56746 50333 50535 50797 50837 51323 51665 \
	51853 53249 53513 53627 54172 54295 54404 54587 54597 54935 54948 \
	55115 55263 55275 55705 56223 56297 56309 56363 56455 56746 50333 \
	50535 50797 50837 51323 51665 51853 53249 53513 53627 54172 54295 \
	54404 54587 54597 54935 54948 55115 55263 55275 55705 56223 56297 \
	56309 56363 56455 56746 50333 50535 50797 50837 51323 51665 51853 \
	53249 53513 53627 54172 54295 54404 54587 54597 54935 54948 55115 \
	55263 55275 55705 56223 56297 56309 56363 56455 56746 50333 50535 \
	50797 50837 51323 51665 51853 53249 53513 53627 54172 54295 54404 \
	54587 54597 54935 54948 55115 55263 55275 55705 56223 56297 56309 \
	56363 56455 56746 50333 50535 50797 50837 51323 51665 51853 53249 \
	53513 53627 54172 54295 54404 54587 54597 54935 54948 55115 55263 \
	55275 55705 56223 56297 56309 56363 56455 56746 50333 50535 50797 \
	50837 51323 51665 51853 53249 53513 53627 54172 54295 54404 54587 \
	54597 54935 54948 55115 55263 55275 55705 56223 56297 56309 56363 \
	56455 56746 50333 50535 50797 50837 51323 51665 51853 53249 53513 \
	53627 54172 54295 54404 54587 54597 54935 54948 55115 55263 55275 \
	55705 56223 56297 56309 56363 56455 56746 50333 50535 50797 50837 \
	51323 51665 51853 53249 53513 53627 54172 54295 54404 54587 54597 \
	54935 54948 55115 55263 55275 55705 56223 56297 56309 56363 56455 \
	56746 50333 50535 50797 50837 51323 51665 51853 53249 53513 53627 \
	54172 54295 54404 54587 54597 54935 54948 55115 55263 55275 55705 \
	56223 56297 56309 56363 56455 56746 50333 50535 50797 50837 51323 \
	51665 51853 53249 53513 53627 54172 54295 54404 54587 54597 54935 \
	54948 55115 55263 55275 55705 56223 56297 56309 56363 56455 56746 \
	50333 50535 50797 50837 51323 51665 51853 53249 53513 53627 54172 \
	54295 54404 54587 54597 54935 54948 55115 55263 55275 55705 56223 \
	56297 56309 56363 56455 56746 50333 50535 50797 50837 51323 51665 \
	51853 53249 53513 53627 54172 54295 54404 54587 54597 54935 54948 \
	55115 55263 55275 55705 56223 56297 56309 56363 56455 56746 50333 \
	50535 50797 50837 51323 51665 51853 53249 53513 53627 54172 54295 \
	54404 54587 54597 54935 54948 55115 55263 55275 55705 56223 56297 \
	56309 56363 56455 56746 
 dt 95 4 2824
CM
 im 1
 ma 5
 ca 119
 hs 1
 kw 1
 vp 2
 pl 3475
 ar 74843
CO
 li make 18 18
 ar 18 18 18 8 0 0 0 0
 cs 2
 wa -1
 st 1
 ue 4
 de 8
 po 1
 pr 3

3282 char 0
na Edythe, Queen of  Light
il	1 19289 \
	10 798 \
	11 28 \
	12 313 \
	18 580 \
	52 5 \
	54 4 \
	282 220 \
	285 4 \
	63993 1 \
	64640 1 \
	65757 1 \
	148844 1
tl	2 95 5 7 0 0 0 0 \
	2 94 94 4 0 0 0 0
an 4339 5632 6200 66791 70266 77433 81857 129203 
LI
 wh 6686
 hl 70196 66493 5423 
CH
 lo 50535
 he 100
 lk 2
 lr 2
 sl	800 2 28 0 0 \
	630 2 28 0 0 \
	610 2 21 13 0 \
	614 2 14 14 0 \
	802 2 14 54 0 \
	631 2 14 19 0 \
	700 2 21 0 0 \
	702 2 14 24 0 \
	680 2 21 1 0 \
	682 2 14 0 0 \
	612 2 28 1 0 \
	801 2 14 0 0 \
	803 2 14 0 0 \
	804 2 21 0 0 \
	617 2 14 8 0 \
	805 2 14 0 0 \
	704 2 14 0 0 \
	703 2 14 0 0 \
	615 2 21 17 0 \
	616 2 14 3 0 \
	730 2 21 0 0 \
	732 2 14 1 0 \
	733 2 14 0 0 \
	731 2 14 0 0 \
	705 2 14 0 0 \
	633 2 14 0 0 \
	900 2 42 0 0 \
	806 2 21 12 0 \
	808 2 21 0 0 \
	911 2 21 0 0 \
	641 2 28 1 0 \
	807 2 21 7 0 \
	809 2 21 0 0 \
	811 2 21 0 0 \
	812 2 21 0 0 \
	813 2 21 31 0 \
	814 2 21 0 0 \
	909 2 21 6 0 \
	902 2 21 0 0 \
	903 2 21 21 0 \
	904 2 21 0 0 \
	905 2 21 0 0 \
	906 2 21 0 0 \
	907 2 21 0 0 \
	908 2 28 8 0 \
	639 2 21 0 0 \
	901 2 28 0 0 \
	840 2 0 0 0 \
	841 2 0 0 0 \
	842 2 0 0 0 \
	843 2 0 0 0 \
	844 2 0 0 0 \
	845 2 0 2 0 \
	846 2 0 2 0 \
	847 2 0 9 0 \
	848 2 0 0 0 \
	849 2 0 2 0 \
	851 2 0 0 0 \
	852 2 0 0 0 \
	860 2 0 0 0 \
	861 2 0 0 0 \
	862 2 0 0 0 \
	863 2 0 0 0 \
	864 2 0 0 0 \
	865 2 0 0 0 \
	866 2 0 0 0 \
	867 2 0 0 0 \
	868 2 0 0 0 \
	869 2 0 0 0 \
	871 2 0 0 0 \
	872 2 0 0 0 \
	611 2 28 0 0 \
	650 2 0 0 0 \
	654 2 0 27 0 \
	653 2 0 0 0 \
	652 2 28 0 0 \
	880 2 0 0 0 \
	920 2 0 0 0 \
	881 2 0 1 0 \
	882 2 0 0 0 \
	883 2 0 0 0 \
	884 2 0 0 0 \
	885 2 0 0 0 \
	886 2 0 0 0 \
	887 2 0 0 0 \
	888 2 0 0 0 \
	889 2 0 0 0 \
	891 2 0 0 0 \
	892 2 0 0 0 \
	893 2 0 0 0 \
	894 2 0 0 0 \
	922 2 0 19 0 \
	921 2 28 2 0 \
	820 2 0 0 0 \
	821 2 0 0 0 \
	822 2 0 0 0 \
	823 2 0 0 0 \
	825 2 0 0 0 \
	826 2 0 0 0 \
	827 2 0 0 0 \
	828 2 0 0 0 \
	829 2 0 0 0 \
	831 2 0 0 0 \
	832 2 0 0 0 \
	833 2 0 0 0 \
	824 2 0 0 0
 ra 70
 at 80
 df 103
 mi 53
 ct 50535 50837 51323 53249 54295 54172 54404 54587 54597 \
	54935 55263 55275 56297 56309 56455 56746 50535 50837 51323 53249 \
	54295 54172 54404 54587 54597 54935 55263 55275 56297 56309 56455 \
	56746 50535 50837 51323 53249 54295 54172 54404 54587 54597 54935 \
	55263 55275 56297 56309 56455 56746 50535 50837 51323 53249 54295 \
	54172 54404 54587 54597 54935 55263 55275 56297 56309 56455 56746 \
	50535 50837 51323 53249 54295 54172 54404 54587 54597 54935 55263 \
	55275 56297 56309 56455 56746 50535 50837 51323 53249 54295 54172 \
	54404 54587 54597 54935 55263 55275 56297 56309 56455 56746 
 dt 95 5 2825
CM
 im 1
 ma 6
 ca 154
 hs 1
 kw 1
 pl 120508
 ar 148844
CO
 li breed 282 282
 ar 282 282 0 0 0 0 0 0
 cs 2
 wa 5
 st 1
 ue 4
 de 1
 pr 3

6971 char 0
na Morgana LaFey
il	1 256 \
	54 3 \
	76 1 \
	78 120 \
	95 18 \
	98 1 \
	282 3
LI
 wh 6686
CH
 lo 50535
 he 100
 lk 3
 lr 820
 sl	610 2 21 18 0 \
	650 2 28 0 0 \
	655 2 14 14 0 \
	656 2 14 12 0 \
	614 2 14 1 0 \
	615 2 21 8 0 \
	652 2 28 0 0 \
	612 2 28 1 0 \
	653 2 28 0 0 \
	654 2 28 186 0 \
	651 2 21 0 0 \
	616 2 14 1 0 \
	617 2 14 1 0 \
	630 2 28 0 0 \
	730 2 21 0 0 \
	732 2 14 0 0 \
	733 2 14 0 0 \
	631 2 14 0 0 \
	634 2 14 0 0 \
	680 2 21 0 0 \
	682 2 14 0 0 \
	635 2 28 0 0 \
	731 2 14 0 0 \
	670 2 28 0 0 \
	720 1 7 0 0 \
	639 2 21 0 0 \
	641 2 28 1 0 \
	672 2 21 0 0 \
	657 2 21 10 0 \
	611 2 28 0 0
 at 80
 df 83
 mi 54
 ct 50535 50837 51323 53249 54295 54172 54404 54587 54597 \
	54935 55263 55275 56297 56309 56455 56746 50535 50837 51323 53249 \
	54295 54172 54404 54587 54597 54935 55263 55275 56297 56309 56455 \
	56746 50535 50837 51323 53249 54295 54172 54404 54587 54597 54935 \
	55263 55275 56297 56309 56455 56746 50333 50535 50797 50837 51323 \
	51853 53249 53513 53627 54172 54295 54404 54587 54597 54935 54948 \
	55115 55263 55275 55705 56223 56297 56309 56363 56455 56746 50333 \
	50535 50797 50837 51323 51853 53249 53513 53627 54172 54295 54404 \
	54587 54597 54935 54948 55115 55263 55275 55705 56223 56297 56309 \
	56363 56455 56746 50333 50535 50797 50837 51323 51853 53249 53513 \
	53627 54172 54295 54404 54587 54597 54935 54948 55115 55263 55275 \
	55705 56223 56297 56309 56363 56455 56746 50333 50535 50797 50837 \
	51323 51853 53249 53513 53627 54172 54295 54404 54587 54597 54935 \
	54948 55115 55263 55275 55705 56223 56297 56309 56363 56455 56746 \
	50333 50535 50797 50837 51323 51853 53249 53513 53627 54172 54295 \
	54404 54587 54597 54935 54948 55115 55263 55275 55705 56223 56297 \
	56309 56363 56455 56746 50333 50535 50797 50837 51323 51853 53249 \
	53513 53627 54172 54295 54404 54587 54597 54935 54948 55115 55263 \
	55275 55705 56223 56297 56309 56363 56455 56746 50333 50535 50797 \
	50837 51323 51853 53249 53513 53627 54172 54295 54404 54587 54597 \
	54935 54948 55115 55263 55275 55705 56223 56297 56309 56363 56455 \
	56746 50333 50535 50797 50837 51323 51665 51853 53249 53513 53627 \
	54172 54295 54404 54587 54597 54935 54948 55115 55263 55275 55705 \
	56223 56297 56309 56363 56455 56746 50333 50535 50797 50837 51323 \
	51665 51853 53249 53513 53627 54172 54295 54404 54587 54597 54935 \
	54948 55115 55263 55275 55705 56223 56297 56309 56363 56455 56746 \
	50333 50535 50797 50837 51323 51665 51853 53249 53513 53627 54172 \
	54295 54404 54587 54597 54935 54948 55115 55263 55275 55705 56223 \
	56297 56309 56363 56455 56746 50333 50535 50797 50837 51323 51665 \
	51853 53249 53513 53627 54172 54295 54404 54587 54597 54935 54948 \
	55115 55263 55275 55705 56223 56297 56309 56363 56455 56746 50333 \
	50535 50797 50837 51323 51665 51853 53249 53513 53627 54172 54295 \
	54404 54587 54597 54935 54948 55115 55263 55275 55705 56223 56297 \
	56309 56363 56455 56746 50333 50535 50797 50837 51323 51665 51853 \
	53249 53513 53627 54172 54295 54404 54587 54597 54935 54948 55115 \
	55263 55275 55705 56223 56297 56309 56363 56455 56746 50333 50535 \
	50797 50837 51323 51665 51853 53249 53513 53627 54172 54295 54404 \
	54587 54597 54935 54948 55115 55263 55275 55705 56223 56297 56309 \
	56363 56455 56746 50333 50535 50797 50837 51323 51665 51853 53249 \
	53513 53627 54172 54295 54404 54587 54597 54935 54948 55115 55263 \
	55275 55705 56223 56297 56309 56363 56455 56746 50333 50535 50797 \
	50837 51323 51665 51853 53249 53513 53627 54172 54295 54404 54587 \
	54597 54935 54948 55115 55263 55275 55705 56223 56297 56309 56363 \
	56455 56746 50333 50535 50797 50837 51323 51665 51853 53249 53513 \
	53627 54172 54295 54404 54587 54597 54935 54948 55115 55263 55275 \
	55705 56223 56297 56309 56363 56455 56746 50333 50535 50797 50837 \
	51323 51665 51853 53249 53513 53627 54172 54295 54404 54587 54597 \
	54935 54948 55115 55263 55275 55705 56223 56297 56309 56363 56455 \
	56746 50333 50535 50797 50837 51323 51665 51853 53249 53513 53627 \
	54172 54295 54404 54587 54597 54935 54948 55115 55263 55275 55705 \
	56223 56297 56309 56363 56455 56746 50333 50535 50797 50837 51323 \
	51665 51853 53249 53513 53627 54172 54295 54404 54587 54597 54935 \
	54948 55115 55263 55275 55705 56223 56297 56309 56363 56455 56746 \
	50333 50535 50797 50837 51323 51665 51853 53249 53513 53627 54172 \
	54295 54404 54587 54597 54935 54948 55115 55263 55275 55705 56223 \
	56297 56309 56363 56455 56746 50333 50535 50797 50837 51323 51665 \
	51853 53249 53513 53627 54172 54295 54404 54587 54597 54935 54948 \
	55115 55263 55275 55705 56223 56297 56309 56363 56455 56746 50333 \
	50535 50797 50837 51323 51665 51853 53249 53513 53627 54172 54295 \
	54404 54587 54597 54935 54948 55115 55263 55275 55705 56223 56297 \
	56309 56363 56455 56746 50333 50535 50797 50837 51323 51665 51853 \
	53249 53513 53627 54172 54295 54404 54587 54597 54935 54948 55115 \
	55263 55275 55705 56223 56297 56309 56363 56455 56746 50333 50535 \
	50797 50837 51323 51665 51853 53249 53513 53627 54172 54295 54404 \
	54587 54597 54935 54948 55115 55263 55275 55705 56223 56297 56309 \
	56363 56455 56746 50333 50535 50797 50837 51323 51665 51853 53249 \
	53513 53627 54172 54295 54404 54587 54597 54935 54948 55115 55263 \
	55275 55705 56223 56297 56309 56363 56455 56746 50333 50535 50797 \
	50837 51323 51665 51853 53249 53513 53627 54172 54295 54404 54587 \
	54597 54935 54948 55115 55263 55275 55705 56223 56297 56309 56363 \
	56455 56746 50333 50535 50797 50837 51323 51665 51853 53249 53513 \
	53627 54172 54295 54404 54587 54597 54935 54948 55115 55263 55275 \
	55705 56223 56297 56309 56363 56455 56746 50333 50535 50797 50837 \
	51323 51665 51853 53249 53513 53627 54172 54295 54404 54587 54597 \
	54935 54948 55115 55263 55275 55705 56223 56297 56309 56363 56455 \
	56746 50333 50535 50797 50837 51323 51665 51853 53249 53513 53627 \
	54172 54295 54404 54587 54597 54935 54948 55115 55263 55275 55705 \
	56223 56297 56309 56363 56455 56746 50333 50535 50797 50837 51323 \
	51665 51853 53249 53513 53627 54172 54295 54404 54587 54597 54935 \
	54948 55115 55263 55275 55705 56223 56297 56309 56363 56455 56746 \
	50333 50535 50797 50837 51323 51665 51853 53249 53513 53627 54172 \
	54295 54404 54587 54597 54935 54948 55115 55263 55275 55705 56223 \
	56297 56309 56363 56455 56746 50333 50535 50797 50837 51323 51665 \
	51853 53249 53513 53627 54172 54295 54404 54587 54597 54935 54948 \
	55115 55263 55275 55705 56223 56297 56309 56363 56455 56746 50333 \
	50535 50797 50837 51323 51665 51853 53249 53513 53627 54172 54295 \
	54404 54587 54597 54935 54948 55115 55263 55275 55705 56223 56297 \
	56309 56363 56455 56746 
CM
 hs 1
 vp 3
 pl 4972
CO
 li give 3282 282 0
 ar 3282 282 0 0 0 0 0 0
 st 1
 ue 2
 pr 1

66144 char 0
na flameweaver
il	282 2
tl	2 94 172 4 0 0 0 0 \
	2 75086 464 76 0 0 0 0
LI
 wh 6686
CH
 lo 50535
 pl 51323
 he 100
 lk 3
 lr 995
 sl	610 2 21 4 0 \
	650 2 28 0 0 \
	655 2 14 28 0 \
	656 2 14 25 0 \
	654 2 28 102 0 \
	653 2 28 0 0 \
	630 2 28 0 0 \
	641 2 28 1 0 \
	657 2 21 0 0 \
	652 2 28 0 0 \
	611 2 28 0 0 \
	612 2 28 1 0
 at 80
 df 80
CM
 hs 1
CO
 li breed 282 282
 ar 282 282 0 0 0 0 0 0
 cs 2
 wa 1
 st 1
 ue 1
 de 5
 pr 3

77262 char 0
na Firetongue
il	282 2
LI
 wh 6686
CH
 lo 50535
 pl 51323
 he 100
 lk 3
 lr 996
 sl	610 2 21 3 0 \
	730 2 21 0 0 \
	731 2 14 0 0 \
	732 2 14 2 0 \
	733 2 14 2 0 \
	630 2 28 0 0 \
	641 2 28 1 0 \
	617 2 14 2 0 \
	612 2 28 5 0 \
	616 2 14 1 0 \
	615 2 21 0 0 \
	650 2 28 0 0 \
	654 2 28 93 0 \
	653 2 28 0 0 \
	652 2 28 0 0 \
	611 2 28 0 0
 bh 3
 at 86
 df 80
 mi 50
CM
 hs 1
 vp 1
MI
 ds Musketeer
CO
 li breed 282 282
 ar 282 282 0 0 0 0 0 0
 cs 2
 wa 5
 st 1
 ue 1
 de 1
 pr 3

6048 char 0
na Tituba
il	1 2991 \
	18 5 \
	54 2 \
	138726 1
tl	2 95 94 7 0 0 0 0 \
	2 94 71 4 0 0 0 0
LI
 wh 8083
CH
 lo 50535
 he 100
 lk 2
 lr 1
 sl	800 2 28 0 0 \
	730 2 21 0 0 \
	630 2 28 0 0 \
	802 2 14 44 0 \
	801 2 14 1 0 \
	631 2 14 10 0 \
	732 2 14 0 0 \
	610 2 21 30 0 \
	680 2 21 5 0 \
	682 2 14 28 0 \
	700 2 21 0 0 \
	702 2 14 17 0 \
	614 2 14 15 0 \
	612 2 28 1 0 \
	615 2 21 13 0 \
	616 2 14 1 0 \
	617 2 14 30 0 \
	803 2 14 0 0 \
	804 2 21 0 0 \
	805 2 14 0 0 \
	704 2 14 0 0 \
	703 2 14 11 0 \
	733 2 14 0 0 \
	705 2 14 0 0 \
	632 2 14 0 0 \
	635 2 28 0 0 \
	720 2 21 0 0 \
	641 2 28 1 0 \
	806 2 21 0 0 \
	807 2 21 1 0 \
	639 2 21 0 0 \
	808 2 21 0 0 \
	809 2 21 0 0 \
	811 2 21 0 0 \
	812 2 21 0 0 \
	813 2 21 21 0 \
	814 2 21 0 0 \
	721 2 14 12 0 \
	611 2 28 0 0 \
	840 2 35 0 0 \
	842 2 14 0 0 \
	843 2 21 0 0 \
	844 2 21 0 0 \
	845 2 21 0 0 \
	846 2 21 0 0 \
	847 2 21 4 0 \
	848 2 21 0 0 \
	849 2 21 0 0 \
	851 2 21 0 0 \
	852 2 21 0 0 \
	841 2 21 1 0 \
	613 2 14 0 0 \
	900 2 42 0 0 \
	902 2 21 0 0 \
	904 2 21 0 0 \
	905 2 21 0 0 \
	906 2 21 0 0 \
	907 2 21 0 0 \
	908 2 28 3 0 \
	909 2 21 1 0 \
	911 2 21 0 0 \
	880 2 0 0 0 \
	920 2 0 0 0 \
	881 2 0 1 0 \
	884 2 0 0 0 \
	885 2 0 0 0 \
	886 2 0 0 0 \
	887 2 0 0 0 \
	888 2 0 0 0 \
	889 2 0 0 0 \
	891 2 0 0 0 \
	892 2 0 0 0 \
	893 2 0 0 0 \
	894 2 0 0 0 \
	882 2 0 0 0 \
	883 2 0 0 0 \
	922 2 0 9 0 \
	921 2 0 0 0 \
	860 2 0 0 0 \
	861 2 0 0 0 \
	862 2 0 0 0 \
	863 2 0 0 0 \
	864 2 0 0 0 \
	865 2 0 0 0 \
	866 2 0 0 0 \
	867 2 0 0 0 \
	868 2 0 0 0 \
	869 2 0 0 0 \
	871 2 0 0 0 \
	872 2 0 0 0 \
	820 2 0 0 0 \
	821 2 0 0 0 \
	822 2 0 0 0 \
	823 2 0 0 0 \
	824 2 0 0 0 \
	825 2 0 0 0 \
	826 2 0 0 0 \
	827 2 0 0 0 \
	828 2 0 0 0 \
	829 2 0 0 0 \
	831 2 0 0 0 \
	832 2 0 0 0 \
	833 2 0 0 0 \
	903 2 21 11 0
 bh 3
 at 80
 df 115
 mi 101
 ct 50333 50535 50797 50837 51323 51665 51853 53249 53513 \
	53627 54172 54295 54404 54587 54597 54935 54948 55115 55263 55275 \
	55705 56223 56297 56309 56363 56455 56746 50333 50535 50797 50837 \
	51323 51665 51853 53249 53513 53627 54172 54295 54404 54587 54597 \
	54935 54948 55115 55263 55275 55705 56223 56297 56309 56363 56455 \
	56746 50333 50535 50797 50837 51323 51665 51853 53249 53513 53627 \
	54172 54295 54404 54587 54597 54935 54948 55115 55263 55275 55705 \
	56223 56297 56309 56363 56455 56746 50333 50535 50797 50837 51323 \
	51665 51853 53249 53513 53627 54172 54295 54404 54587 54597 54935 \
	54948 55115 55263 55275 55705 56223 56297 56309 56363 56455 56746 \
	50333 50535 50797 50837 51323 51665 51853 53249 53513 53627 54172 \
	54295 54404 54587 54597 54935 54948 55115 55263 55275 55705 56223 \
	56297 56309 56363 56455 56746 50333 50535 50797 50837 51323 51665 \
	51853 53249 53513 53627 54172 54295 54404 54587 54597 54935 54948 \
	55115 55263 55275 55705 56223 56297 56309 56363 56455 56746 50333 \
	50535 50797 50837 51323 51665 51853 53249 53513 53627 54172 54295 \
	54404 54587 54597 54935 54948 55115 55263 55275 55705 56223 56297 \
	56309 56363 56455 56746 50333 50535 50797 50837 51323 51665 51853 \
	53249 53513 53627 54172 54295 54404 54587 54597 54935 54948 55115 \
	55263 55275 55705 56223 56297 56309 56363 56455 56746 50333 50535 \
	50797 50837 51323 51665 51853 53249 53513 53627 54172 54295 54404 \
	54587 54597 54935 54948 55115 55263 55275 55705 56223 56297 56309 \
	56363 56455 56746 50333 50535 50797 50837 51323 51665 51853 53249 \
	53513 53627 54172 54295 54404 54587 54597 54935 54948 55115 55263 \
	55275 55705 56223 56297 56309 56363 56455 56746 50333 50535 50797 \
	50837 51323 51665 51853 53249 53513 53627 54172 54295 54404 54587 \
	54597 54935 54948 55115 55263 55275 55705 56223 56297 56309 56363 \
	56455 56746 50333 50535 50797 50837 51323 51665 51853 53249 53513 \
	53627 54172 54295 54404 54587 54597 54935 54948 55115 55263 55275 \
	55705 56223 56297 56309 56363 56455 56746 50333 50535 50797 50837 \
	51323 51665 51853 53249 53513 53627 54172 54295 54404 54587 54597 \
	54935 54948 55115 55263 55275 55705 56223 56297 56309 56363 56455 \
	56746 50333 50535 50797 50837 51323 51665 51853 53249 53513 53627 \
	54172 54295 54404 54587 54597 54935 54948 55115 55263 55275 55705 \
	56223 56297 56309 56363 56455 56746 50333 50535 50797 50837 51323 \
	51665 51853 53249 53513 53627 54172 54295 54404 54587 54597 54935 \
	54948 55115 55263 55275 55705 56223 56297 56309 56363 56455 56746 \
	50333 50535 50797 50837 51323 51665 51853 53249 53513 53627 54172 \
	54295 54404 54587 54597 54935 54948 55115 55263 55275 55705 56223 \
	56297 56309 56363 56455 56746 50333 50535 50797 50837 51323 51665 \
	51853 53249 53513 53627 54172 54295 54404 54587 54597 54935 54948 \
	55115 55263 55275 55705 56223 56297 56309 56363 56455 56746 50333 \
	50535 50797 50837 51323 51665 51853 53249 53513 53627 54172 54295 \
	54404 54587 54597 54935 54948 55115 55263 55275 55705 56223 56297 \
	56309 56363 56455 56746 
 dt 167 21 5001
CM
 im 1
 ma 4
 ca 154
 hs 1
 kw 1
 ar 138726
CO
 li make 18 18
 ar 18 18 18 3 0 0 0 0
 cs 2
 wa -1
 st 1
 ue 4
 de 3
 po 1
 pr 3

9856 char 0
na Endora
il	54 5
tl	2 94 94 4 0 0 0 0
LI
 wh 44334
CH
 lo 50535
 he 100
 lk 3
 lr 823
 sl	610 2 21 73 0 \
	615 2 21 26 0 \
	617 2 14 4 0 \
	611 2 28 0 0 \
	612 2 28 1 0 \
	616 2 14 0 0 \
	614 2 14 27 0 \
	630 2 28 0 0 \
	639 2 21 0 0 \
	641 2 28 1 0 \
	700 2 21 0 0 \
	702 2 14 0 0 \
	703 2 14 0 0 \
	631 2 14 0 0 \
	704 2 14 0 0 \
	705 2 14 0 0 \
	701 2 14 0 0
 bh 3
 at 80
 df 183
 mi 171
CM
 hs 1
CO
 li move s
 ar 0 0 0 0 0 0 0 0
 wa -1
 st 1
 ue 4
 pr 2

1321 char 0
na Wachaza
il	1 215 \
	54 7 \
	71401 1
tl	2 95 92 7 0 0 0 0
LI
 wh 26009
CH
 lo 50535
 pl 51323
 he 100
 lk 3
 lr 915
 sl	610 2 21 64 0 \
	616 2 14 12 0 \
	612 2 28 1 0 \
	615 2 21 12 0 \
	617 2 14 4 0 \
	630 2 28 0 0 \
	639 2 21 0 0 \
	641 2 28 1 0 \
	614 2 14 16 0 \
	635 2 28 0 0 \
	632 2 14 0 0 \
	611 2 28 0 0
 mo 7799
 bh 3
 at 113
 df 133
 mi 84
CM
 hs 1
CO
 li move s
 ar 0 3 33436 0 0 4 26009 0
 cs 2
 wa 2
 st 1
 ue 3
 de 2
 pr 2

