50557 player pl_regular
na Hardguys
il	1 50
ah 1606 60253 67318 75319 
CH
PL
 fn Barbara potter
 em themadmen@aol.com
 ft 88
 so 1
 lt 260
 kn 69 600 601 602 603 610 611 612 613 614 \
	615 616 617 630 650 652 653 654 655 656 657 \
	658 661 680 682 690 691 692 694 695 696 697 \
	700 702 703 706 720 721 722 723 730 732 733 \
	750 751 800 801 802 803 804 805 809 820 821 \
	822 824 825 826 828 829 831 832 833 840 841 \
	842 845 846 860 861 862 863 864 865 866 867 \
	869 871 872 900 903 904 905 906 907 908 909 \
	911 1777 2341 3819 5381 8555 9864 10369 10370 10371 10372 \
	10373 10467 10468 10469 10470 10471 10472 10473 10474 10475 10476 \
	10477 10478 10479 10480 10481 10482 10483 10484 10485 10486 10487 \
	10488 10489 10490 10491 10567 10569 10571 10581 10586 10587 10588 \
	10589 10590 10591 10665 10666 10667 10668 10669 10671 10681 10686 \
	10687 10688 10689 10690 10691 10764 10765 10766 10771 10781 10786 \
	10787 10789 10790 10791 10871 10881 10886 10887 10889 10890 10891 \
	10971 10972 10973 10974 10975 10976 10977 10978 10981 10982 10983 \
	10984 10985 10986 10987 10989 10990 10991 11071 11072 11073 11074 \
	11075 11078 11086 11087 11089 11090 11091 11095 11096 11171 11178 \
	11186 11187 11188 11189 11190 11191 11192 11193 11194 11195 11196 \
	11197 11267 11268 11269 11270 11271 11272 11273 11278 11279 11282 \
	11283 11284 11285 11286 11287 11288 11289 11290 11291 11292 11293 \
	11294 11295 11296 11297 11367 11368 11369 11370 11371 11378 11379 \
	11382 11383 11384 11385 11386 11387 11388 11389 11390 11391 11392 \
	11393 11394 11397 11471 11478 11479 11480 11481 11482 11483 11484 \
	11485 11486 11487 11488 11489 11490 11491 11492 11493 11494 11497 \
	11571 11572 11573 11574 11575 11576 11577 11578 11579 11580 11581 \
	11582 11583 11585 11587 11588 11589 11590 11591 11592 11593 11594 \
	11595 11596 11597 11598 11679 11683 11684 11685 11686 11687 11688 \
	11689 11690 11691 11692 11693 11694 11695 11696 11697 11779 11785 \
	11790 11791 11792 11793 11794 11795 11873 11874 11875 11876 11877 \
	11878 11879 11880 11881 11882 11883 11884 11885 11886 11887 11888 \
	11889 11890 11891 11892 11893 11894 11973 11977 11984 11985 11986 \
	11987 11994 11995 11996 12087 12088 12089 12090 12091 12092 12093 \
	12096 12193 12196 12200 12293 12294 12296 12297 12298 12299 12300 \
	12394 12395 12396 12397 12400 12497 12500 12597 12600 12697 12700 \
	12797 12800 12897 12900 12997 13000 13097 13100 13196 13197 13200 \
	13295 13296 13300 13394 13395 13400 13494 13500 13582 13583 13584 \
	13585 13586 13587 13588 13589 13590 13591 13592 13593 13594 13600 \
	13601 13602 13603 13682 13703 13782 13803 13804 13805 13882 13905 \
	13906 13907 13908 13909 13910 13911 13912 13913 13914 13915 13916 \
	13982 14016 14017 14018 14082 14118 14182 14218 14219 14220 14221 \
	14222 14223 14275 14276 14277 14278 14279 14280 14281 14282 14322 \
	14323 14375 14422 14423 14473 14474 14475 14522 14573 14622 14673 \
	14771 14772 14773 14871 14970 14971 15070 15071 15168 15169 15170 \
	15268 15363 15364 15365 15366 15367 15368 24820 42503 42798 56814 \
	56938 57091 57140 57222 57291 57455 57658 58150 58641 58736 58755 \
	60151 61261 61754 66688 67480 67767 69369 69526 70560 71572 72369 \
	72682 73137 74383 75348 75529 76860 78188 111247 
 un 63664 76206 67736 76196 70532 65789 64999 
 uf 65016 115471 115831 123002 145724 
 am 1777 0 65789 64999 70532 
CO
 li accept 0 0
 ar 0 0 0 0 0 0 0 0
 st 1

63664 char 0
na Fat Bastard
il	1 9232 \
	11 14 \
	16 9 \
	20 3 \
	21 11 \
	22 21 \
	54 6 \
	61 15 \
	78 30 \
	113787 1
ah 1136 60253 65422 67318 95898 116096 128528 148147 
LI
 wh 111247
CH
 lo 50557
 he 100
 lk 2
 lr 2
 sl	610 2 21 35 0 \
	612 2 28 1 0 \
	615 2 21 82 0 \
	614 2 14 67 0 \
	616 2 14 75 0 \
	617 2 14 21 0 \
	613 2 14 6 0 \
	611 2 28 0 0 \
	680 2 21 0 0 \
	682 2 14 1 0 \
	900 2 42 0 0
 ra 70
 at 304
 df 239
 mi 310
CM
 im 1
 ma 1
 ca 1
 pl 70532
MI
 ds Kills most men with his breath
CO
 li build temple
 ar 0 0 0 0 0 0 0 0
 cs 2
 wa -1
 st 1
 ue 5
 de 10
 po 1
 pr 3

76206 char 0
na Lady Barbara
il	1 6468 \
	16 1 \
	54 3 \
	82 9 \
	62101 1 \
	63130 1 \
	69071 1 \
	114374 1
LI
 wh 10588
CH
 lo 50557
 he 100
 lk 2
 lr 2
 sl	610 2 21 9 0 \
	614 2 14 43 0 \
	612 2 28 1 0 \
	615 2 21 50 0 \
	616 2 14 47 0 \
	680 2 21 0 0 \
	611 2 28 0 0 \
	630 2 28 0 0 \
	682 2 14 0 0 \
	900 2 42 0 0 \
	906 2 21 1 0 \
	907 2 21 0 0 \
	904 2 21 0 0 \
	908 2 28 0 0 \
	909 2 21 0 0 \
	905 2 21 1 0 \
	911 2 21 0 0 \
	613 2 14 8 0 \
	840 2 35 0 0 \
	841 2 21 9 0 \
	842 2 14 5 0 \
	617 2 14 2 0 \
	903 2 21 3 0 \
	800 2 28 0 0 \
	750 2 35 0 0 \
	751 1 7 0 0 \
	801 2 14 2 0 \
	845 2 21 0 0 \
	846 1 0 0 0 \
	802 2 14 0 0 \
	803 2 14 0 0
 ra 70
 at 212
 df 203
 mi 220
CM
 im 1
 ma 17
 ca 11
 pl 63664
MI
 ds Atala Confederacy
CO
 li fly west
 ar 0 0 0 0 0 0 0 0
 wa -1
 st 1
 ue 2
 pr 2

67736 char 0
na RockBottom
il	1 2131 \
	10 9 \
	15 6 \
	22 1 \
	52 5 \
	54 14 \
	70963 1
LI
 wh 10764
 hl 76196 
CH
 lo 50557
 he 100
 lk 2
 lr 2
 sl	720 2 21 0 0 \
	721 2 14 19 0 \
	610 2 21 11 0 \
	722 2 14 21 0 \
	614 2 14 20 0 \
	616 2 14 12 0 \
	723 2 14 8 0 \
	612 2 28 1 0 \
	615 2 21 12 0 \
	690 2 28 0 0 \
	691 2 21 0 0 \
	696 2 14 0 0 \
	692 2 21 0 0 \
	695 2 21 0 0 \
	697 2 28 0 0 \
	694 2 21 0 0 \
	613 2 14 7 0 \
	611 2 28 0 0
 at 120
 df 132
 mi 72
MI
 ds Atala Garrison Replacement Specialist
CO
 li collect 10 0 0
 ar 10 0 0 9 0 0 0 0
 cs 2
 wa -1
 st 1
 ue 2
 de 9
 po 1
 pr 3

76196 char 0
na The Body Snatcher
il	1 2675 \
	11 1 \
	15 19 \
	52 3 \
	85 6 \
	63331 1 \
	78452 1
tl	2 63331 1 20000 0 0 0 0
ah 59274 75374 75660 108915 116096 128528 148147 
LI
 wh 67736
CH
 lo 50557
 he 100
 lk 2
 lr 2
 sl	820 2 35 0 0 \
	610 2 21 6 0 \
	615 2 21 17 0 \
	616 2 14 15 0 \
	612 2 28 1 0 \
	614 2 14 12 0 \
	613 2 14 8 0 \
	617 2 14 6 0 \
	700 2 21 0 0 \
	730 2 21 0 0 \
	732 2 14 1 0 \
	733 2 14 0 0 \
	702 2 14 2 0 \
	611 2 28 0 0
 at 130
 df 124
 mi 149
CM
 im 1
 ma 1
 ca 1
 kw 1
MI
 ds Atala Confederacy
CO
 li make 85
 ar 85 0 0 6 0 0 0 0
 st 1
 ue 2
 de 6
 po 1
 pr 3

70532 char 0
na Maddogs Ghost
il	1 16841 \
	10 13 \
	11 28 \
	12 2 \
	15 8 \
	20 21 \
	21 24 \
	22 27 \
	51 10 \
	61 31 \
	73 27 \
	77 26 \
	82 52 \
	98 40 \
	261 2 \
	280 3 \
	282 1 \
	285 1 \
	71711 1 \
	72990 1 \
	74267 1 \
	146872 3
LI
 wh 1777
 hl 115031 101243 
CH
 lo 50557
 he 100
 lk 2
 lr 2
 sl	610 2 21 19 0 \
	611 2 28 0 0 \
	614 2 14 27 0 \
	615 2 21 44 0 \
	616 2 14 31 0 \
	617 2 14 28 0 \
	612 2 28 1 0 \
	700 2 21 0 0 \
	703 2 14 16 0 \
	702 2 14 34 0 \
	706 2 14 0 0 \
	820 2 35 0 0 \
	833 2 21 0 0 \
	821 2 21 0 0 \
	824 2 21 0 0 \
	650 2 28 0 0 \
	822 2 21 0 0 \
	656 2 14 3 0 \
	828 2 21 0 0 \
	658 0 0 0 0 \
	657 2 21 17 0 \
	829 0 0 0 0 \
	655 2 14 11 0 \
	653 2 28 0 0 \
	652 2 28 0 0 \
	654 2 28 15 0 \
	630 1 0 0 0 \
	840 2 35 0 0 \
	825 0 0 0 0 \
	831 1 0 0 0 \
	661 2 21 0 0 \
	900 2 42 0 0 \
	911 2 21 0 0 \
	826 1 0 0 0 \
	832 1 14 0 0 \
	845 1 0 0 0 \
	846 1 0 0 0
 ra 70
 at 149
 df 178
 mi 183
CM
 im 1
 ma 9
 ca 9
 kw 1
 pl 6055
MI
 ds Atala Confederacy
CO
 li make 53
 ar 53 0 0 0 0 0 0 0
 wa -1
 st 1
 ue 3
 po 1
 pr 3

65789 char 0
na BlowMe
tl	2 95 15 4 0 0 0 0
LI
 wh 8120
CH
 lo 50557
 he 100
 lk 2
 lr 2
 sl	610 2 21 19 0 \
	614 2 14 41 0 \
	616 2 14 47 0 \
	615 2 21 47 0 \
	612 2 28 1 0 \
	617 2 14 16 0 \
	613 2 14 11 0 \
	600 2 21 0 0 \
	601 2 14 9 0 \
	630 1 8 0 0 \
	650 2 28 0 0 \
	654 2 28 11 0 \
	656 2 14 0 0 \
	653 2 28 0 0 \
	900 2 42 0 0 \
	911 2 21 1 0
 pr 1
 at 211
 df 74
 mi 188
 ct 8120 8120 8120 8120 8120 8120 8120 8120 8120 \
	8120 8120 8120 8120 8120 8120 8120 8120 8120 8120 8120 \
	8120 8120 8120 8120 8120 8120 8120 8120 8120 8120 8120 \
	8120 8120 
 dt 236 11 7061
CM
 im 1
 ma 2
 ca 2
 rb 1
MI
 ds An ear turned back
CO
 li die
 ar 0 0 0 0 0 0 0 0
 st 1
 ue 1
 pr 1

64999 char 0
na BlowMeAgain
tl	2 95 3 7 0 0 0 0
LI
 wh 8120
CH
 lo 50557
 he 100
 lk 2
 lr 2
 sl	680 2 21 3 0 \
	610 2 21 23 0 \
	682 2 14 3 0 \
	614 2 14 16 0 \
	616 2 14 12 0 \
	612 2 28 1 0 \
	615 2 21 5 0 \
	600 2 21 0 0 \
	601 2 14 8 0 \
	602 2 14 1 0 \
	700 2 21 0 0 \
	702 2 14 3 0 \
	617 2 14 3 0
 pr 1
 bh 5
 at 121
 df 28
 mi 71
 ct 8120 8120 8120 8120 8120 8120 8120 8120 8120 \
	8120 8120 8120 8120 8120 8120 8120 8120 8120 8120 8120 \
	8120 8120 8120 8120 8120 8120 8120 8120 8120 8120 8120 \
	8120 8120 8120 
 dt 221 30 6630
MI
 ds Garrison Killer
CO
 li Banner "Kiss my ass"
 ar 0 0 0 0 0 0 0 0
 st 1
 ue 2
 pr 1

