50612 player pl_regular
na The Invisible Order
il	1 3925
ad 55526 
CH
PL
 fn Chris de la Rosa
 em mad.scientist@get2net.dk
 pw snotbutt
 np 18
 ft 61
 fo 1
 lt 128
 kn 600 610 611 612 613 614 615 616 617 630 \
	631 633 634 635 650 651 652 654 655 656 670 \
	671 680 682 700 702 750 751 752 753 754 755 \
	756 800 801 802 803 804 805 806 807 808 809 \
	811 812 813 814 900 901 902 4397 6414 9389 15241 \
	15242 15333 15334 15335 15336 15337 15338 15339 15340 15341 15342 \
	15434 15435 15436 15437 15438 15442 15443 15534 15535 15536 15537 \
	15538 15539 15540 15541 15542 15543 15544 15634 15635 15636 15637 \
	15638 15639 15643 15644 15645 15734 15735 15736 15737 15738 15739 \
	15740 15744 15745 15834 15837 15838 15839 15840 15841 15842 15843 \
	15844 15845 15846 15943 15944 15945 15946 16043 16044 16045 16046 \
	16047 16144 16146 16147 16244 16246 16247 16248 16344 16345 16346 \
	16347 16348 16444 16445 16446 16447 16448 16449 16544 16545 16547 \
	16548 16549 16550 16644 16645 16646 16647 16649 16650 16744 16746 \
	16747 16749 16750 16844 16847 16848 16849 16850 16944 16945 16946 \
	16947 16948 16949 16950 57855 57933 58522 58653 59172 59882 62567 \
	67250 68727 73973 76677 77683 
 un 69902 63278 66337 74594 74305 75014 73221 
 uf 78191 71880 69903 73174 61302 
CO
 li rumor 0
 ar 0 0 0 0 0 0 0 0
 st 1
 pr 1

69902 char 0
na Douglas D. Zaster
il	1 1073 \
	10 3 \
	12 10 \
	76 1 \
	77 115 \
	94 6 \
	272 3
tl	2 95 3 7 0 0 0 0
LI
 wh 5473
CH
 lo 50612
 he 100
 lk 2
 lr 1
 sl	700 2 21 0 0 \
	702 2 14 3 0 \
	610 2 21 8 0 \
	611 2 28 0 0 \
	612 2 28 0 0 \
	616 2 14 5 0 \
	650 2 28 0 0 \
	654 2 28 3 0
 bp 50
 at 108
 df 80
MI
 ds There is an insane glint in his bloodshot eyes!
CO
 li make 95 1
 ar 95 1 1 1 0 0 0 0
 st 1
 ue 2
 de 1
 po 1
 pr 3

63278 char 0
na Nifft the Swift
il	52 3 \
	95 9 \
	271 5
tl	2 94 100 4 0 0 0 0
LI
 wh 15337
CH
 lo 50612
 he 100
 lk 2
 lr 1
 sl	630 2 28 0 0 \
	610 2 21 2 0 \
	616 2 14 11 0 \
	631 2 14 17 0 \
	633 2 14 1 0 \
	635 2 28 0 0 \
	670 2 28 0 0 \
	650 2 28 0 0 \
	651 2 21 0 0 \
	671 2 14 0 0 \
	652 2 28 0 0 \
	655 2 14 3 0 \
	656 2 14 4 0 \
	654 2 28 6 0
 bp 50
 at 112
 df 80
MI
 ds He's got the Gift
CO
 li BREED 10 52
 ar 10 52 0 0 0 0 0 0
 wa 7
 ue 1
 pr 3

66337 char 0
na Ssabmud the Ssserpent
il	1 546 \
	95 20
tl	1 74 1 30 0 0 0 0 \
	2 94 100 4 0 0 0 0
LI
 wh 15534
CH
 lo 50612
 he 100
 lk 2
 lr 1
 sl	800 2 28 0 0 \
	630 2 28 0 0 \
	610 2 21 2 0 \
	634 2 14 1 0 \
	616 2 14 18 0 \
	802 2 14 13 0 \
	801 2 14 1 0 \
	803 2 14 0 0 \
	614 2 14 13 0 \
	804 2 21 0 0 \
	633 2 14 0 0 \
	805 2 14 0 0 \
	611 2 28 0 0 \
	812 0 0 0 0 \
	807 2 21 0 0 \
	612 2 28 0 0 \
	813 2 21 0 0 \
	808 0 0 0 0 \
	811 0 0 0 0 \
	806 0 0 0 0 \
	809 2 21 1 0 \
	814 0 0 0 0 \
	900 2 42 0 0 \
	901 2 28 0 0 \
	902 2 21 0 0
 bp 50
 at 155
 df 149
CM
 im 1
 ma 12
 ca 12
MI
 ds occasionally his forked tongue probes his nostrils
CO
 li make 95 2
 ar 95 2 2 2 0 0 0 0
 st 1
 ue 3
 de 2
 po 1
 pr 3

74594 char 0
na Most Holy
il	1 14243 \
	77 10 \
	95 109
tl	2 94 100 4 0 0 0 0
LI
 wh 68727
CH
 lo 50612
 he 100
 lk 2
 lr 1
 sl	680 2 21 5 0 \
	682 2 14 12 0 \
	610 2 21 0 0 \
	611 2 28 0 0 \
	614 2 14 4 0 \
	750 2 35 0 0 \
	615 2 21 4 0 \
	612 2 28 0 0 \
	751 2 28 0 0 \
	754 0 0 0 0 \
	752 0 0 0 0 \
	753 0 0 0 0 \
	755 0 0 0 0 \
	756 0 0 0 0
 bp 50
 at 80
 df 105
 mi 64
MI
 ds The Big Kahuna of all Grexic souls
CO
 li make 95 2
 ar 95 2 2 2 0 0 0 0
 st 1
 ue 1
 de 2
 po 1
 pr 3

74305 char 0
na Runelord Grex
tl	1 74 1 30 0 0 0 0 \
	2 94 100 4 0 0 0 0
LI
 wh 58522
CH
 lo 50612
 he 100
 lk 2
 lr 2
 sl	800 2 28 0 0 \
	610 2 21 3 0 \
	630 2 28 0 0 \
	617 2 14 0 0 \
	615 2 21 15 0 \
	801 2 14 0 0 \
	614 2 14 11 0 \
	633 2 14 1 0 \
	802 2 14 9 0 \
	700 2 21 0 0 \
	803 2 14 1 0 \
	612 2 28 0 0 \
	804 2 21 0 0 \
	805 2 14 0 0 \
	634 2 14 0 0 \
	635 2 28 0 0 \
	613 2 14 0 0 \
	814 0 0 0 0 \
	812 1 14 0 0 \
	811 2 21 0 0 \
	809 0 0 0 0
 bp 50
 at 80
 df 129
 mi 114
CM
 im 1
 ma 7
 ca 7
MI
 ds His seal displays a jack-boot crushing a peasant
CO
 li make 95 2
 ar 95 2 2 2 0 0 0 0
 st 1
 ue 3
 de 2
 po 1
 pr 3

75014 char 0
na Freebootin' Frank Freek
il	1 2145 \
	95 2
tl	1 74 1 30 0 0 0 0 \
	2 94 100 4 0 0 0 0
LI
 wh 15536
CH
 lo 50612
 he 100
 lk 2
 lr 1
 sl	610 2 21 1 0 \
	616 2 14 11 0 \
	615 2 21 10 0 \
	680 2 21 0 0 \
	682 2 14 0 0 \
	614 2 14 5 0 \
	611 2 28 0 0 \
	617 2 14 0 0 \
	630 2 28 0 0 \
	634 2 14 0 0 \
	635 1 14 0 0
 bh 9
 bp 50
 at 129
 df 108
 mi 134
MI
 ds Dressed in yellow and purple, with a pink tutu
CO
 li make 95 2
 ar 95 2 2 2 0 0 0 0
 st 1
 ue 2
 de 2
 po 1
 pr 3

73221 char 0
na General Zhod
il	1 895 \
	95 22
tl	2 94 100 7 0 0 0 0
LI
 wh 15536
CH
 lo 50612
 he 100
 lk 2
 lr 1
 sl	610 2 21 13 0 \
	611 2 28 0 0 \
	614 2 14 7 0 \
	615 2 21 2 0 \
	630 2 28 0 0 \
	631 2 14 0 0 \
	616 2 14 0 0 \
	613 2 14 0 0
 bp 50
 at 80
 df 123
 mi 57
CM
 pl 74305
CO
 li make 95 2
 ar 95 2 2 2 0 0 0 0
 st 1
 ue 2
 de 2
 po 1
 pr 3

