50615 player pl_regular
na The Khawagagan
il	1 2175
ad 52412 
CH
PL
 fn James Kirgan
 em kirgan@ozemail.com.au
 pw Tom Bombadil is a poof
 np 3
 ft 110
 so 1
 lt 260
 kn 69 600 601 602 603 610 611 612 613 614 \
	615 616 617 630 631 632 633 634 635 636 637 \
	639 641 650 652 653 654 655 657 658 659 661 \
	670 671 672 673 680 681 682 690 691 692 693 \
	694 695 696 700 701 702 703 704 705 706 720 \
	721 722 723 730 731 732 733 750 751 752 754 \
	756 800 801 802 803 804 805 806 807 813 814 \
	820 821 822 823 824 828 831 833 860 861 862 \
	863 866 872 880 881 882 883 884 887 892 900 \
	901 902 903 904 905 906 907 908 909 911 920 \
	921 922 1479 1724 2617 2790 2919 2928 3610 4681 4851 \
	5846 6000 7473 7978 8306 9536 14976 14977 14978 15078 15177 \
	15178 15277 15377 15473 15474 15475 15476 15477 15573 15673 15773 \
	15774 15775 15776 15777 15778 15878 15978 16078 16082 16083 16178 \
	16182 16183 16273 16274 16275 16276 16277 16278 16282 16283 16373 \
	16378 16382 16383 16473 16478 16482 16483 16573 16574 16575 16576 \
	16577 16578 16579 16580 16581 16582 16583 16674 16675 16676 16677 \
	16678 16679 16680 16681 16682 16683 16774 16775 16776 16777 16778 \
	16779 16780 16781 16782 16783 16874 16875 16876 16877 16878 16879 \
	16880 16881 16882 16883 16884 16885 16886 16954 16963 16975 16976 \
	16977 16978 16979 16980 16981 16982 16983 16984 16985 16986 16987 \
	17007 17008 17009 17010 17011 17012 17013 17014 17015 17016 17017 \
	17018 17054 17055 17056 17057 17058 17059 17060 17061 17062 17063 \
	17064 17065 17066 17067 17069 17071 17072 17073 17074 17075 17076 \
	17077 17078 17080 17081 17082 17083 17084 17085 17086 17087 17107 \
	17118 17119 17120 17121 17122 17123 17132 17133 17134 17135 17136 \
	17137 17138 17139 17140 17141 17142 17143 17144 17145 17146 17147 \
	17148 17149 17150 17151 17152 17153 17154 17155 17156 17157 17158 \
	17159 17160 17161 17162 17163 17164 17165 17166 17167 17168 17169 \
	17170 17171 17172 17173 17174 17175 17176 17177 17178 17179 17180 \
	17181 17182 17183 17184 17185 17186 17187 17202 17203 17204 17205 \
	17206 17207 17223 17232 17235 17236 17237 17238 17239 17240 17241 \
	17242 17243 17244 17245 17246 17247 17248 17249 17250 17251 17252 \
	17253 17254 17255 17256 17257 17258 17259 17260 17261 17262 17263 \
	17266 17267 17268 17269 17275 17276 17277 17278 17279 17280 17281 \
	17282 17283 17284 17285 17286 17287 17302 17306 17307 17308 17309 \
	17310 17311 17312 17313 17314 17315 17323 17332 17335 17360 17366 \
	17367 17368 17369 17370 17371 17372 17373 17374 17375 17376 17377 \
	17378 17379 17380 17381 17382 17383 17384 17385 17386 17387 17402 \
	17406 17407 17409 17410 17411 17415 17423 17424 17425 17426 17427 \
	17428 17429 17430 17431 17432 17433 17434 17435 17454 17455 17456 \
	17457 17458 17459 17460 17466 17467 17468 17475 17476 17477 17478 \
	17479 17480 17481 17482 17483 17484 17485 17486 17487 17488 17502 \
	17506 17507 17511 17515 17524 17525 17532 17554 17567 17575 17576 \
	17577 17578 17579 17580 17581 17582 17583 17584 17585 17586 17587 \
	17588 17589 17590 17591 17592 17593 17602 17604 17605 17606 17607 \
	17608 17609 17611 17612 17613 17614 17615 17617 17618 17619 17620 \
	17621 17622 17623 17624 17625 17626 17627 17628 17629 17630 17631 \
	17632 17654 17672 17673 17674 17675 17676 17677 17678 17679 17680 \
	17681 17682 17683 17702 17704 17706 17707 17708 17709 17717 17722 \
	17723 17725 17754 17771 17772 17775 17776 17802 17804 17806 17808 \
	17809 17810 17811 17812 17813 17814 17815 17816 17817 17818 17822 \
	17825 17854 17902 17904 17905 17906 17908 17909 17910 17911 17912 \
	17913 17914 17915 17916 17917 17918 17919 17920 17921 17922 17925 \
	17954 18000 18001 18002 18003 18004 18005 18008 18009 18023 18024 \
	18025 18097 18098 18099 18102 18105 18109 18120 18121 18122 18123 \
	18198 18200 18201 18202 18203 18204 18205 18206 18207 18208 18209 \
	18210 18211 18212 18213 18214 18215 18216 18217 18218 18219 18220 \
	18298 18299 18300 18301 18302 18303 18304 18305 18306 18307 18308 \
	18398 18399 21749 21948 22091 22381 23585 24798 25124 25189 25619 \
	25695 27075 28248 28696 29987 30749 32759 32942 33648 34125 35469 \
	37097 43261 45056 45176 48351 56761 56848 57001 57153 57204 57370 \
	57371 57401 57480 57503 57602 57957 57978 57990 58033 58050 58112 \
	58380 58465 58547 58592 58603 58683 58693 58728 58730 58754 59120 \
	59174 59932 61141 61683 62080 63043 63253 63355 63469 64271 64395 \
	64995 65331 65364 65957 66351 66839 67772 67777 68041 68232 68236 \
	68301 68529 68686 68932 69345 69740 70041 70065 70154 70161 70199 \
	70230 71520 71660 72107 72142 72550 72722 72724 72890 72942 73523 \
	73580 73596 74040 74680 75305 75672 76139 76718 77186 77468 83329 \
	96753 103483 105085 107233 113743 120468 122452 125129 131360 139342 143309 \
	144806 
 un 74934 108160 65888 62351 66438 82543 61250 103685 61272 \
	142253 77178 
 uf 86737 122413 92357 85653 133405 
 am 1479 0 52412 
 am 1724 0 52412 
 am 2408 0 52412 
 am 2617 0 52412 
 am 4851 0 52412 
 am 5846 0 52412 
 am 7978 0 52412 
 am 8306 0 52412 
 am 9536 0 52412 
 am 61141 0 52412 
 am 61250 0 52412 
 am 61272 0 1675 52412 
 am 62351 0 52412 
 am 64116 0 52412 
 am 64123 0 52412 
 am 64528 0 52412 
 am 64995 0 52412 
 am 65888 0 52412 
 am 65957 0 52412 
 am 66438 0 1675 52412 
 am 69061 0 52412 
 am 72142 0 52412 
 am 74023 0 52412 
 am 74358 0 52412 
 am 74796 0 52412 
 am 74934 0 52412 
 am 76673 0 52412 
 am 77178 0 52412 
 am 78903 0 52412 
 am 96753 0 52412 
 am 103483 0 52412 
 am 113743 0 52412 
 am 122452 0 52412 
 am 125129 0 52412 
 am 131360 0 52412 
 am 142253 0 52412 
 am 143309 0 52412 
 am 144806 0 52412 
CO
 li accept 0 0
 ar 0 0 0 0 0 0 0 0
 st 1

74934 char 0
na Antilochus
il	1 31269 \
	11 10 \
	12 4 \
	19 10 \
	20 7 \
	76 6 \
	94 110 \
	261 1 \
	78410 1 \
	82096 1 \
	83264 1 \
	122213 36
tl	1 77609 25 11 0 0 0 0 \
	2 133063 9195 91 0 0 0 0 \
	2 122213 9195 95 0 0 0 0 \
	1 78410 9218 13 0 0 0 0 \
	2 78410 9218 97 0 0 0 0 \
	1 122213 9195 10 0 0 0 0 \
	1 133063 9230 15 0 0 0 0 \
	2 94 110 4 0 0 0 0
LI
 wh 131360
CH
 lo 50615
 he 100
 lk 2
 lr 1
 sl	730 2 21 0 0 \
	731 2 14 0 0 \
	732 2 14 14 0 \
	733 2 14 6 0 \
	630 2 28 0 0 \
	631 2 14 3 0 \
	610 2 21 6 0 \
	611 2 28 0 0 \
	600 2 21 0 0 \
	601 2 14 102 0 \
	639 2 21 0 0 \
	616 2 14 7 0 \
	700 2 21 0 0 \
	637 0 0 0 0 \
	680 2 21 0 0 \
	617 2 14 9 0 \
	702 2 14 0 0 \
	705 2 14 0 0 \
	703 2 14 1 0 \
	612 2 28 0 0 \
	701 1 7 0 0 \
	615 2 21 0 0
 bp 50
 at 107
 df 80
 mi 50
CM
 vp 1
 pl 124668
CO
 li sail dj78
 ar 16778 2 16778 0 0 3 16777 0
 cs 2
 wa 2
 st 1
 ue 2
 de 1
 pr 4

108160 char ni
il	1 4174 \
	15 50 \
	20 66 \
	22 45 \
	51 3 \
	52 48 \
	64 4 \
	73 44 \
	74 46 \
	75 19 \
	76 10 \
	77 37 \
	79 35 \
	82 53 \
	85 8 \
	280 12 \
	282 32 \
	292 1 \
	295 7
LI
 wh 16982
CH
 ni 287
 lo 50615
 pl 52412
 he -1
 lk 4
 mo 7779
 at 60
 df 60
CM
 ot 59150
MI
 ca r
CO
 li move dn82
 ar 17082 3 17082 0 0 24 16982 0
 cs 2
 wa 2
 st 1
 de 22
 pr 2

65888 char 0
na Diomedes
il	1 1748 \
	14 5 \
	15 1 \
	16 1 \
	18 93 \
	20 68 \
	21 33 \
	22 20 \
	51 19 \
	52 1 \
	54 6 \
	55 18 \
	69 1 \
	75 3 \
	95 1176 \
	271 1 \
	282 11 \
	59825 1 \
	75985 1 \
	77901 1 \
	80403 1 \
	84659 1 \
	85090 1 \
	139883 1
LI
 wh 61141
CH
 lo 50615
 he 100
 si 1
 lk 2
 lr 1
 sl	610 2 21 35 0 \
	617 2 14 21 0 \
	616 2 14 37 0 \
	612 2 28 1 0 \
	615 2 21 20 0 \
	614 2 14 11 0 \
	613 2 14 0 0 \
	650 2 28 0 0 \
	630 2 28 0 0 \
	670 2 28 0 0 \
	653 2 28 0 0 \
	652 2 28 0 0 \
	654 2 28 25 0 \
	655 2 14 3 0 \
	673 2 14 0 0 \
	658 2 21 0 0 \
	657 2 21 9 0 \
	671 2 14 0 0 \
	633 2 14 3 0 \
	900 2 42 0 0 \
	611 2 28 0 0 \
	908 2 28 1 0 \
	901 2 28 0 0 \
	902 2 21 0 0 \
	903 2 21 5 0 \
	911 2 0 0 0 \
	904 2 0 0 0 \
	905 2 0 1 0 \
	907 2 0 0 0 \
	909 2 0 2 0 \
	636 2 14 0 0 \
	906 2 21 1 0 \
	631 2 14 0 0 \
	641 2 28 1 0 \
	880 2 42 0 0 \
	881 2 14 1 0 \
	920 2 0 0 0 \
	882 2 14 0 0 \
	883 2 14 0 0 \
	884 2 28 0 0 \
	922 2 28 7 0 \
	672 2 21 0 0 \
	700 2 21 0 0 \
	680 1 7 0 0 \
	690 1 0 0 0 \
	720 1 0 0 0 \
	730 1 0 0 0 \
	639 2 21 0 0 \
	634 2 14 1 0 \
	702 2 14 0 0
 bh 1
 ra 30
 at 142
 df 115
 mi 111
CM
 im 1
 ma 17
 ca 10
 hs 1
 pl 124668
 ar 80403
MI
 ds Ra Consortium Retrival Unit
CO
 li breed 55 55
 ar 55 55 0 0 0 0 0 0
 cs 2
 wa 1
 st 1
 ue 2
 de 12
 pr 3

62351 char 0
na Telamonian Aias
il	1 36254 \
	15 13 \
	20 20 \
	22 26 \
	73 44 \
	77 100 \
	85 30 \
	93 80 \
	98 37 \
	281 6 \
	282 85 \
	284 1 \
	285 6 \
	286 8 \
	292 2
LI
 wh 122452
 hl 83395 
CH
 lo 50615
 he 100
 lk 1
 lr 451
 sl	720 2 21 0 0 \
	650 2 28 0 0 \
	722 2 14 4 0 \
	654 2 28 92 0 \
	721 2 14 14 0 \
	610 2 21 4 0 \
	680 2 21 5 0 \
	723 2 14 0 0 \
	652 2 28 0 0 \
	682 2 14 20 0 \
	617 2 14 2 0 \
	611 2 28 0 0 \
	616 2 14 7 0 \
	657 2 21 5 0 \
	658 2 21 0 0 \
	615 2 21 2 0 \
	612 2 28 0 0 \
	653 2 28 0 0
 bh 1
 bp 50
 ra 40
 at 98
 df 80
 mi 50
CM
 pl 124668
CO
 li breed 282 282
 ar 282 282 0 0 0 0 0 0
 wa 7
 ue 2
 pr 3

66438 char 0
na Atreus
il	1 91898 \
	12 36 \
	15 5 \
	16 24 \
	20 51 \
	21 71 \
	22 20 \
	69 2 \
	73 60 \
	76 2 \
	78 100 \
	82 5 \
	84 2 \
	98 33 \
	282 77 \
	285 9 \
	286 1 \
	292 2 \
	60619 1 \
	61306 1 \
	64551 1 \
	65291 1 \
	65963 1 \
	66272 1 \
	66880 1 \
	67525 1 \
	68636 1 \
	69336 1 \
	69790 1 \
	70376 1 \
	71877 1 \
	72523 1 \
	73978 1 \
	74473 1 \
	75626 1 \
	77284 1 \
	77566 1 \
	85222 1 \
	95408 1 \
	96802 1 \
	105325 1 \
	106432 1 \
	140285 1
LI
 wh 8306
CH
 lo 50615
 he 100
 lk 2
 lr 2
 sl	600 2 21 0 0 \
	601 2 14 20 0 \
	602 2 14 2 0 \
	603 2 14 6 0 \
	610 2 21 10 0 \
	650 2 28 0 0 \
	652 2 28 0 0 \
	654 2 28 20 0 \
	800 2 28 0 0 \
	807 2 21 0 0 \
	700 1 0 0 0 \
	730 1 0 0 0 \
	900 2 42 0 0 \
	903 2 21 19 0 \
	803 2 14 6 0 \
	804 2 21 0 0 \
	750 2 35 1 0 \
	907 2 21 0 0 \
	659 1 0 0 0 \
	911 2 21 2 0 \
	756 2 28 2 0 \
	754 2 28 0 0 \
	908 2 28 0 0 \
	611 2 28 0 0 \
	661 0 0 0 0 \
	658 0 0 0 0 \
	805 2 14 0 0 \
	802 2 14 0 0 \
	801 2 14 3 0 \
	901 2 28 0 0 \
	657 2 21 8 0 \
	630 2 28 0 0 \
	680 1 0 0 0 \
	880 2 42 0 0 \
	881 2 14 1 0 \
	806 2 21 0 0 \
	892 2 21 1 0 \
	887 2 21 0 0 \
	655 2 14 1 0 \
	906 2 21 1 0 \
	690 2 28 2 0 \
	904 2 21 0 0 \
	751 2 28 2 0 \
	695 2 21 1 0 \
	905 2 21 1 0 \
	909 2 21 0 0 \
	920 2 0 0 0 \
	922 2 28 29 0 \
	921 2 28 3 0 \
	813 2 21 3 0 \
	691 2 21 2 0 \
	902 2 21 0 0 \
	882 2 14 0 0 \
	616 2 14 7 0 \
	814 2 21 0 0 \
	641 2 28 1 0 \
	883 2 14 0 0 \
	860 2 35 0 0 \
	861 2 14 0 0 \
	862 2 14 1 0 \
	670 1 0 0 0 \
	752 2 28 0 0 \
	863 2 14 0 0 \
	615 2 21 0 0 \
	866 2 14 0 0 \
	820 2 35 0 0 \
	884 2 28 0 0 \
	821 2 21 0 0 \
	828 2 21 0 0 \
	822 2 21 0 0 \
	823 2 21 0 0 \
	824 2 21 0 0 \
	872 2 21 0 0 \
	831 2 28 0 0 \
	833 2 21 0 0
 bp 50
 ra 40
 at 106
 df 80
 mi 50
CM
 im 1
 ma 31
 ca 26
 kw 1
 vp 2
 pl 124668
 ar 67525
 vi 58465 58754 
CO
 li use 902 909
 ar 909 0 0 0 0 0 0 902
 cs 2
 wa 13
 st 1
 us 902
 ue 1
 de 8
 pr 3

82543 char 0
na Breises
il	1 9483 \
	10 5 \
	11 10 \
	12 25 \
	16 4 \
	20 6 \
	21 2 \
	22 29 \
	54 17 \
	281 2 \
	282 22 \
	285 3 \
	75638 1 \
	99352 1
LI
 wh 17285
CH
 lo 50615
 he 100
 lk 1
 lr 350
 sl	610 2 21 11 0 \
	616 2 14 8 0 \
	615 2 21 1 0 \
	614 2 14 2 0 \
	611 2 28 0 0 \
	612 2 28 0 0 \
	613 2 14 0 0 \
	600 2 21 0 0 \
	630 1 11 0 0 \
	670 1 0 0 0 \
	680 1 0 0 0 \
	690 1 0 0 0 \
	601 2 14 0 0
 bp 50
 at 104
 df 102
 mi 54
CM
 pl 124668
CO
 li train 12 0
 ar 12 0 0 5 0 0 0 0
 cs 2
 wa -1
 st 1
 ue 1
 de 5
 po 1
 pr 3

61250 char 0
na Agamemnon
il	1 58 \
	12 10 \
	16 26 \
	21 23 \
	54 3 \
	84 1 \
	104775 1
LI
 wh 17482
CH
 lo 50615
 he 100
 lk 1
 lr 101
 sl	680 2 21 6 0 \
	690 2 28 0 0 \
	682 2 14 49 0 \
	693 2 21 5 0 \
	610 2 21 25 0 \
	611 2 28 0 0 \
	695 2 21 1 0 \
	720 2 21 0 0 \
	721 2 14 16 0 \
	722 2 14 6 0 \
	614 2 14 7 0 \
	694 2 21 0 0 \
	696 2 14 0 0 \
	723 2 14 1 0 \
	617 2 14 13 0 \
	615 2 21 14 0 \
	616 2 14 6 0 \
	612 2 28 0 0 \
	691 2 21 0 0 \
	613 2 14 0 0 \
	681 2 14 0 0 \
	692 2 21 0 0 \
	630 2 28 0 0 \
	730 2 21 0 0 \
	600 2 21 0 0 \
	700 2 21 0 0 \
	702 2 14 0 0 \
	701 2 14 0 0 \
	601 2 14 0 0 \
	631 2 14 0 0 \
	632 1 1 0 0
 mo 7795
 bh 9
 bp 50
 at 108
 df 115
 mi 78
CM
 pl 124668
MI
 ds Ra Consortium
CO
 li move dt82
 ar 17582 3 17582 0 0 12 17482 0
 cs 2
 wa 6
 st 1
 ue 3
 de 6
 pr 2

103685 char 0
na Acheron
il	1 4988 \
	12 43
LI
 wh 17567
CH
 lo 50615
 he 100
 lk 1
 lr 200
 sl	600 1 0 0 0 \
	610 2 21 4 0 \
	630 1 0 0 0 \
	680 1 0 0 0 \
	730 1 0 0 0 \
	611 1 21 0 0
 mo 7793
 bh 9
 bp 50
 ra 70
 at 80
 df 80
CO
 li move dv67
 ar 17667 3 17667 0 0 14 17567 0
 cs 2
 wa 6
 st 1
 de 8
 pr 2

61272 char 0
na Achilles
il	1 1269 \
	12 16 \
	16 4 \
	18 60 \
	282 33 \
	284 2 \
	288 2 \
	59150 1 \
	76593 1 \
	77845 1 \
	124066 1
tl	2 148166 48 180 0 0 0 0 \
	2 128461 1 106 0 0 0 0 \
	1 52 26 115 0 0 0 0
LI
 wh 74796
 hl 1675 
CH
 lo 50615
 he 100
 lk 1
 lr 300
 sl	610 2 21 10 0 \
	680 2 21 6 0 \
	670 2 28 0 0 \
	630 2 28 0 0 \
	600 2 21 0 0 \
	617 2 14 15 0 \
	720 2 21 0 0 \
	611 2 28 0 0 \
	616 2 14 3 0 \
	612 2 28 0 0 \
	615 2 21 1 0 \
	690 1 0 0 0 \
	730 1 0 0 0 \
	614 2 14 1 0 \
	700 2 21 0 0 \
	702 2 14 3 0 \
	721 2 14 8 0 \
	703 2 14 12 0 \
	701 2 14 0 0 \
	641 2 28 1 0 \
	682 2 14 13 0 \
	650 2 28 0 0 \
	654 2 28 19 0 \
	653 2 28 0 0 \
	652 2 28 0 0 \
	635 2 28 0 0 \
	601 2 14 0 0 \
	631 2 14 0 0
 bh 1
 bp 50
 at 101
 df 85
 mi 53
CM
 hs 1
 pl 124668
CO
 li breed 282 282
 ar 282 282 0 0 0 0 0 0
 cs 2
 wa 4
 st 1
 ue 1
 de 2
 pr 3

142253 char 0
na Menelaus
il	1 2849 \
	12 20 \
	54 1 \
	76507 1 \
	142356 1
tl	2 84 14 2 0 0 0 0 \
	2 94 10 2 0 0 0 0
LI
 wh 17771
CH
 lo 50615
 he 100
 lk 2
 lr 1
 sl	630 2 28 0 0 \
	610 2 21 39 0 \
	700 2 21 0 0 \
	631 2 14 10 0 \
	637 2 21 0 0 \
	702 2 14 13 0 \
	616 2 14 8 0 \
	703 2 14 12 0 \
	639 2 21 0 0 \
	617 2 14 17 0 \
	705 2 14 0 0 \
	615 2 21 4 0 \
	612 2 28 0 0 \
	600 2 21 0 0 \
	670 1 0 0 0 \
	680 2 21 2 0 \
	614 2 14 0 0 \
	635 2 28 0 0 \
	632 2 14 0 0 \
	682 2 14 4 0 \
	611 1 10 0 0
 bh 9
 bp 50
 at 95
 df 80
 mi 58
CM
 pl 124668
CO
 li study 611
 ar 611 0 0 0 0 0 0 0
 cs 2
 wa 4
 st 1
 ue 1
 de 3
 po 1
 pr 3

77178 char 0
na Odysseus
il	1 9792 \
	10 20 \
	11 99 \
	19 8 \
	54 3 \
	76 3 \
	119226 1
LI
 wh 17954
CH
 lo 50615
 he 100
 lk 2
 lr 1
 sl	700 2 21 0 0 \
	702 2 14 24 0 \
	610 2 21 32 0 \
	614 2 14 5 0 \
	615 2 21 16 0 \
	703 2 14 19 0 \
	617 2 14 26 0 \
	600 2 21 0 0 \
	706 2 14 1 0 \
	612 2 28 0 0 \
	616 2 14 4 0 \
	680 2 21 1 0 \
	601 2 14 33 0 \
	704 2 14 6 0 \
	682 2 14 3 0 \
	705 2 14 0 0 \
	602 2 14 0 0 \
	681 2 14 0 0 \
	630 2 28 0 0 \
	720 2 21 0 0 \
	730 2 21 0 0 \
	611 2 28 0 0 \
	721 2 14 0 0 \
	603 2 14 0 0 \
	722 2 14 0 0 \
	635 2 28 0 0 \
	641 2 28 1 0 \
	701 2 14 0 0
 mo 7799
 bh 9
 bp 50
 at 93
 df 101
 mi 95
CM
 hs 1
 pl 124668
CO
 li move fa54
 ar 18054 3 18054 0 0 19 17954 0
 cs 2
 wa 17
 st 1
 ue 3
 de 2
 pr 2

