50696 player pl_regular
na Wyvernesse
il	1 2055 \
	77 50
CH
PL
 fn Joe Whitley
 em joew0@home.com
 pw Smaug
 np 4
 fs 57
 ft 104
 lt 247
 kn 69 600 601 602 603 610 611 612 613 614 \
	615 616 617 630 631 632 633 634 635 641 650 \
	651 652 653 654 655 656 657 661 670 671 672 \
	673 674 675 676 680 681 682 690 691 692 693 \
	700 702 703 704 705 720 721 722 723 730 731 \
	732 733 750 751 752 753 754 755 756 800 801 \
	802 803 804 805 806 807 808 809 811 812 813 \
	814 820 822 823 824 825 826 827 828 829 831 \
	832 833 840 842 843 844 845 846 847 848 849 \
	851 852 860 861 862 863 864 865 866 867 868 \
	869 871 872 880 882 884 885 886 887 888 889 \
	891 892 893 894 900 902 903 904 905 906 907 \
	908 909 911 2774 3490 4246 8785 10791 10792 10793 15414 \
	15415 15416 15514 15516 15517 15613 15614 15615 15616 15617 15706 \
	15707 15708 15709 15710 15711 15712 15713 15714 15715 15716 15717 \
	15808 15809 15810 15811 15812 15813 15814 15815 15816 15817 15910 \
	15911 15913 15914 15915 15916 15917 16010 16011 16013 16016 16017 \
	16110 16111 16112 16113 16114 16115 16116 16117 16118 16206 16207 \
	16208 16209 16210 16211 16212 16213 16214 16215 16216 16217 16218 \
	16310 16311 16312 16313 16314 16315 16316 16317 16318 16410 16411 \
	16412 16413 16414 16416 16417 16418 16510 16512 16513 16514 16515 \
	16516 16517 16518 16519 16520 16608 16609 16610 16614 16615 16616 \
	16617 16620 16708 16715 16716 16717 16718 16719 16720 16802 16803 \
	16804 16805 16806 16807 16808 16816 16817 16818 16902 16907 16908 \
	16916 16918 17002 17007 17016 17018 17102 17107 17108 17109 17110 \
	17111 17112 17113 17114 17115 17116 17118 17202 17207 17208 17209 \
	17211 17212 17213 17214 17215 17216 17217 17218 17302 17307 17308 \
	17309 17310 17311 17312 17316 17402 17407 17409 17410 17411 17412 \
	17416 17502 17507 17509 17510 17511 17512 17516 17602 17607 17608 \
	17609 17610 17611 17612 17613 17614 17615 17616 17702 17707 17708 \
	17709 17710 17711 17712 17713 17714 17715 17716 17802 17803 17804 \
	17805 17806 17807 17808 17811 17812 17813 17814 17815 17816 20033 \
	20054 20322 20615 20661 20708 20727 20931 20937 21071 21193 21383 \
	21413 21764 21795 21823 21851 21866 22197 22222 22258 22416 22481 \
	22643 22854 22872 22934 22958 22989 23017 23116 23175 23265 23300 \
	23474 23541 23600 23739 23873 23986 24052 24053 24206 24369 24527 \
	24623 24847 24920 25060 25150 25234 25395 25440 25531 25555 25703 \
	25798 26021 26036 26302 26304 26543 26587 26608 26756 26822 26903 \
	27130 27265 27346 27604 27739 27789 27831 28239 28363 28543 28588 \
	28855 28887 29031 29254 29318 29396 29489 29543 29665 29764 29875 \
	29917 29926 30018 30205 30213 30268 30291 30361 30564 30565 30846 \
	30912 30989 31250 31260 31497 31546 31577 31579 31627 31895 31903 \
	31918 31929 31970 32026 32149 32225 32365 32366 32428 32439 32449 \
	32524 32588 32653 32813 32831 32855 32929 33019 33458 33465 33468 \
	33538 33542 33582 33615 33652 33680 33842 33924 34572 34854 34995 \
	35130 35282 35539 35734 35828 35970 36162 36198 36259 36321 36461 \
	36514 36751 36997 37051 37202 37437 37490 37590 37753 37774 37848 \
	38021 38091 38256 38307 38784 38901 38970 38974 39158 39236 39414 \
	39494 39503 39778 39833 39957 40054 40059 40092 40096 40127 40425 \
	40673 40935 41218 41438 41477 42003 42012 42039 42182 42278 42376 \
	42421 42452 42671 42769 42948 43001 43061 43133 43439 43442 43814 \
	43832 43972 44014 44242 44269 44445 44525 44634 44659 44850 44994 \
	45146 45197 45262 45294 45403 45422 45439 45460 45465 45746 45796 \
	45801 45910 45938 46143 46149 46163 46333 46397 46509 46644 46662 \
	46779 46831 47041 47141 47314 47778 48037 48167 48174 48184 48308 \
	48402 48502 48974 49033 49045 49059 49246 49253 49380 49391 49459 \
	49664 49764 57204 57242 57367 57370 57480 57483 57485 58010 58025 \
	58071 58077 58423 58465 58547 58556 58583 58684 59948 61269 62006 \
	62572 63382 63812 64247 64365 65242 67157 67194 72517 74126 74780 \
	75695 76639 76893 78301 93004 
 un 59011 113600 71168 68470 68100 68468 71724 
 uf 125670 117523 103568 127899 129449 
CO
 li accept 0 0
 ar 0 0 0 0 0 0 0 0
 st 1

59011 char 0
na Bairanax
il	1 3325 \
	77 15 \
	84 58 \
	94 88 \
	95 10 \
	295 42 \
	90890 1
tl	2 95 73 7 0 0 0 0
LI
 wh 6418
CH
 lo 50696
 he 100
 lk 3
 lr 6
 sl	600 2 21 0 0 \
	602 2 14 0 0 \
	601 2 14 1 0 \
	630 2 28 0 0 \
	631 2 14 84 0 \
	632 2 14 0 0 \
	610 2 21 1 0 \
	650 2 28 0 0 \
	654 2 28 35 0 \
	652 2 28 0 0 \
	641 2 28 0 0 \
	661 2 21 59 0 \
	653 2 28 0 0 \
	655 2 14 0 0 \
	656 2 14 0 0 \
	651 2 21 0 0 \
	614 2 14 0 0 \
	612 2 28 0 0 \
	616 2 14 0 0 \
	633 2 14 0 0 \
	635 2 28 0 0 \
	617 2 14 0 0 \
	603 2 14 0 0 \
	690 2 28 6 0 \
	691 2 21 0 0 \
	692 2 21 0 0 \
	693 2 21 0 0 \
	634 2 14 0 0 \
	611 2 28 0 0
 bp 50
 at 80
 df 80
CM
 vp 17
CO
 li use 661
 ar 0 0 0 0 0 0 0 661
 st 1
 us 661
 ue 5
 de 24
 pr 3

113600 char 0
na Bahamut
il	1 8198 \
	17 3 \
	54 4 \
	84 5 \
	60182 1 \
	60844 1 \
	64961 1 \
	73935 1 \
	78193 1 \
	93069 1 \
	97752 1 \
	105349 1 \
	106804 1 \
	109606 1
tl	2 94 17 4 0 0 0 0
LI
 wh 6418
CH
 lo 50696
 pl 100
 he 100
 lk 2
 lr 1
 sl	610 2 21 0 0 \
	611 2 28 0 0 \
	614 2 14 31 0 \
	630 2 28 0 0 \
	631 2 14 6 0 \
	612 2 28 0 0 \
	900 2 42 0 0 \
	902 2 21 8 0 \
	903 2 21 0 0 \
	906 2 21 0 0 \
	909 2 21 0 0 \
	904 2 21 0 0 \
	905 2 21 0 0 \
	911 2 21 0 0 \
	907 2 21 0 0 \
	908 2 28 0 0 \
	616 2 14 9 0 \
	615 2 21 0 0 \
	800 2 28 0 0 \
	802 2 14 7 0 \
	801 2 14 0 0 \
	803 2 14 0 0 \
	804 2 21 0 0
 bp 50
 at 140
 df 229
 mi 50
CM
 im 1
 ma 15
 ca 15
 vp 16
CO
 li collect 277 0 0
 ar 277 0 0 4800 0 0 0 0
 cs 2
 wa -1
 st 1
 ue 2
 de 480
 po 1
 pr 3

71168 char 0
na Tiamat
il	1 229 \
	11 8 \
	52 4 \
	53 50 \
	54 26 \
	64 13 \
	68 4 \
	72 54 \
	271 53
tl	2 94 12 4 0 0 0 0 \
	2 95 65 7 0 0 0 0
LI
 wh 57204
CH
 lo 50696
 he 100
 lk 3
 lr 73
 sl	610 2 21 0 0 \
	630 2 28 0 0 \
	650 2 28 0 0 \
	655 2 14 33 0 \
	656 2 14 10 0 \
	631 2 14 31 0 \
	653 2 28 0 0 \
	654 2 28 79 0 \
	670 2 28 0 0 \
	657 2 21 49 0 \
	641 2 28 0 0 \
	652 2 28 0 0 \
	651 2 21 0 0 \
	614 2 14 0 0 \
	612 2 28 0 0 \
	617 2 14 0 0 \
	635 1 20 0 0 \
	671 2 14 2 0 \
	611 2 28 0 0
 bp 50
 at 80
 df 80
CM
 vp 14
CO
 li breed 271 271
 ar 271 271 0 0 0 0 0 0
 st 1
 ue 5
 de 6
 pr 3

68470 char 0
na Nimanaur
il	1 1949 \
	12 57 \
	54 3 \
	94 39 \
	98 3
LI
 wh 74780
CH
 lo 50696
 pl 100
 he 100
 lk 3
 lr 18
 sl	750 2 35 2 0 \
	751 2 28 4 0 \
	610 2 21 9 0 \
	752 2 28 3 0 \
	754 2 28 1 0 \
	755 2 28 0 0 \
	753 2 21 8 0 \
	756 2 28 46 0 \
	630 2 28 0 0 \
	631 2 14 12 0 \
	641 2 28 1 0 \
	611 2 28 0 0 \
	614 2 14 28 0 \
	612 2 28 0 0 \
	615 2 21 23 0 \
	617 2 14 0 0 \
	616 2 14 0 0 \
	632 2 14 0 0 \
	633 2 14 0 0
 bp 50
 at 80
 df 163
 mi 136
 dt 144 11 4301
CM
 hs 1
 pr 1
 vp 15
 vi 69845 144178 
CO
 li make 94 10
 ar 94 10 10 10 0 0 0 0
 st 1
 ue 4
 de 10
 po 1
 pr 3

68100 char 0
na Fafnir
il	1 1 \
	75 60 \
	85 14
tl	2 94 71 4 0 0 0 0 \
	2 95 100 7 0 0 0 0
LI
 wh 17611
CH
 lo 50696
 he 100
 lk 3
 lr 68
 sl	610 2 21 7 0 \
	700 2 21 0 0 \
	702 2 14 87 0 \
	614 2 14 13 0 \
	617 2 14 53 0 \
	703 2 14 63 0 \
	704 2 14 61 0 \
	705 2 14 0 0 \
	615 2 21 4 0 \
	612 2 28 0 0 \
	611 2 28 0 0
 bp 50
 at 80
 df 107
 mi 68
 dt 221 8 6608
CM
 vp 8
CO
 li make 85 29
 ar 85 29 29 0 0 0 0 0
 wa -1
 ue 3
 po 1
 pr 3

68468 char 0
na Jabberwock
il	1 21 \
	54 1 \
	94 4
tl	2 94 13 4 0 0 0 0 \
	1 76 2 100 0 0 0 0
LI
 wh 32428
CH
 lo 50696
 he 100
 lk 3
 sl	610 2 21 57 0 \
	630 2 28 0 0 \
	614 2 14 17 0 \
	612 2 28 0 0 \
	631 2 14 6 0 \
	617 2 14 0 0 \
	611 2 28 0 0 \
	616 2 14 4 0 \
	615 2 21 58 0 \
	613 2 14 0 0 \
	632 2 14 0 0 \
	633 2 14 0 0 \
	634 2 14 0 0 \
	635 2 28 0 0 \
	641 2 28 1 0
 bp 50
 at 119
 df 170
 mi 203
CM
 hs 1
 vp 2
CO
 li use 615
 ar 0 0 0 0 0 0 0 615
 st 1
 us 615
 ue 5
 de 6
 pr 3

71724 char 0
na Draco
il	1 37174 \
	16 171 \
	21 152 \
	22 50 \
	54 2 \
	75 237 \
	84 28 \
	85 8 \
	94 113 \
	95 96 \
	295 2 \
	59010 1 \
	60494 1 \
	62299 1 \
	63209 1 \
	63572 1 \
	65588 1 \
	65664 1 \
	65686 1 \
	67825 1 \
	68765 1 \
	69233 1 \
	70973 1 \
	72621 1 \
	74083 1 \
	74261 1 \
	75786 1 \
	76523 1 \
	76859 1 \
	77336 1 \
	89690 1 \
	91867 1 \
	95579 1 \
	99475 1 \
	101887 1 \
	112552 1 \
	116454 1 \
	123753 1 \
	124743 1 \
	126779 1 \
	132727 1 \
	148712 1 \
	149678 1
tl	2 94 84 4 0 0 0 0 \
	2 95 87 7 0 0 0 0
LI
 wh 93004
CH
 lo 50696
 he 100
 lk 2
 lr 2
 sl	630 2 28 0 0 \
	900 2 42 0 0 \
	820 2 35 0 0 \
	840 2 35 0 0 \
	800 2 28 0 0 \
	802 2 14 31 0 \
	610 2 21 0 0 \
	611 2 28 0 0 \
	801 2 14 0 0 \
	825 2 21 0 0 \
	831 2 28 0 0 \
	812 2 21 0 0 \
	809 2 21 0 0 \
	811 2 21 0 0 \
	813 2 21 0 0 \
	842 2 14 0 0 \
	849 2 21 0 0 \
	851 2 21 0 0 \
	904 1 1 0 0 \
	905 1 1 0 0 \
	906 1 1 0 0 \
	907 1 1 0 0 \
	909 2 21 0 0 \
	911 2 21 0 0 \
	806 2 21 0 0 \
	807 2 21 0 0 \
	880 2 42 0 0 \
	814 2 21 0 0 \
	808 2 21 8 0 \
	832 2 21 0 0 \
	829 2 21 0 0 \
	833 2 21 0 0 \
	826 2 21 0 0 \
	844 2 21 9 0 \
	828 2 21 0 0 \
	803 2 14 0 0 \
	804 2 21 0 0 \
	843 2 21 0 0 \
	827 2 21 0 0 \
	846 2 21 0 0 \
	852 0 0 0 0 \
	845 2 21 0 0 \
	848 1 14 0 0 \
	847 2 21 0 0 \
	885 0 0 0 0 \
	908 2 28 0 0 \
	884 0 0 0 0 \
	891 0 0 0 0 \
	641 2 28 0 0 \
	892 2 21 0 0 \
	614 2 14 22 0 \
	887 0 0 0 0 \
	893 0 0 0 0 \
	886 0 0 0 0 \
	888 0 0 0 0 \
	889 0 0 0 0 \
	894 0 0 0 0 \
	805 2 14 0 0 \
	823 2 21 15 0 \
	882 1 10 0 0 \
	824 2 21 0 0 \
	822 2 21 0 0
 bp 50
 ra 70
 at 80
 df 210
CM
 im 1
 ma 41
 ca 41
 kw 1
 vp 4
CO
 li make 95 16
 ar 95 16 16 16 0 0 0 0
 st 1
 ue 4
 de 16
 po 1
 pr 3

