50739 player pl_regular
na The Forest Moon Clan
il	1 3955
an 51665 
ad 51812 54112 54214 54347 55066 55792 
CH
PL
 fn Angelo LoPresti
 em sallow33@hotmail.com
 pw blackhawkdown
 np 39
 fs 2
 ft 2
 so 1
 lt 260
 kn 610 611 612 613 614 615 616 617 630 631 \
	634 635 637 639 641 650 651 652 653 654 655 \
	656 657 680 681 682 690 691 692 693 700 701 \
	702 703 704 705 706 720 721 722 723 730 732 \
	733 750 751 753 754 755 756 800 801 802 803 \
	804 805 809 820 821 823 824 825 826 827 828 \
	829 831 832 833 880 881 882 883 884 885 887 \
	888 889 891 892 893 894 900 902 903 905 907 \
	909 920 921 922 2578 6088 7910 13344 13345 13438 13444 \
	13445 13536 13537 13538 13539 13544 13545 13546 13547 13634 13635 \
	13636 13638 13639 13640 13641 13642 13643 13644 13645 13647 13731 \
	13732 13733 13734 13738 13739 13740 13741 13742 13743 13744 13747 \
	13829 13830 13831 13837 13838 13839 13840 13841 13843 13844 13847 \
	13928 13929 13930 13931 13932 13933 13934 13935 13936 13937 13938 \
	13939 13940 13941 13943 13944 13945 13946 13947 14027 14028 14029 \
	14030 14031 14032 14033 14034 14035 14036 14038 14039 14040 14041 \
	14042 14043 14044 14047 14125 14126 14127 14128 14129 14130 14131 \
	14132 14133 14134 14135 14136 14137 14138 14139 14140 14141 14142 \
	14143 14144 14145 14146 14147 14222 14223 14224 14225 14226 14227 \
	14228 14229 14230 14231 14232 14233 14234 14235 14236 14237 14238 \
	14239 14240 14241 14242 14243 14244 14245 14246 14247 14248 14249 \
	14250 14251 14252 14253 14254 14255 14256 14257 14258 14259 14260 \
	14321 14322 14323 14324 14325 14326 14327 14328 14329 14330 14331 \
	14332 14333 14334 14335 14336 14337 14338 14339 14340 14341 14342 \
	14343 14344 14345 14346 14347 14348 14349 14350 14351 14352 14353 \
	14354 14355 14356 14357 14358 14359 14360 14361 14362 14418 14419 \
	14420 14421 14422 14423 14424 14425 14426 14427 14428 14429 14430 \
	14431 14432 14433 14434 14435 14436 14437 14438 14439 14440 14441 \
	14442 14443 14444 14446 14447 14462 14518 14522 14524 14525 14526 \
	14527 14528 14529 14530 14531 14532 14533 14534 14535 14536 14537 \
	14538 14539 14540 14541 14542 14543 14544 14546 14547 14562 14618 \
	14621 14622 14624 14625 14626 14627 14629 14631 14632 14633 14634 \
	14635 14636 14637 14638 14639 14641 14642 14643 14644 14646 14647 \
	14662 14718 14721 14723 14724 14725 14726 14727 14728 14729 14730 \
	14731 14732 14733 14734 14735 14736 14739 14741 14742 14743 14744 \
	14746 14747 14762 14818 14821 14822 14823 14824 14825 14826 14828 \
	14832 14835 14839 14841 14842 14843 14844 14846 14847 14862 14918 \
	14919 14920 14921 14922 14923 14924 14925 14926 14927 14928 14931 \
	14932 14933 14934 14935 14936 14937 14938 14939 14941 14942 14943 \
	14944 14945 14946 14947 14962 15018 15019 15031 15032 15035 15036 \
	15037 15041 15062 15118 15119 15131 15137 15138 15139 15140 15141 \
	15162 15219 15262 15319 15345 15346 15347 15348 15349 15350 15351 \
	15352 15353 15354 15355 15356 15357 15358 15359 15360 15361 15362 \
	20444 21922 22616 22736 23184 23255 25015 27233 27880 30789 31408 \
	33159 36213 36932 38072 39378 40140 41330 43463 43813 43933 56801 \
	56896 56929 56958 57140 57141 57148 57268 57285 57497 57537 57689 \
	57798 57871 58057 58323 58374 58426 58446 58516 58599 58622 58687 \
	58717 58738 59400 60364 61456 62008 62073 62569 63263 63840 64060 \
	65239 66128 66155 67051 67370 67974 69665 69966 70110 70542 71572 \
	72962 73189 73465 73869 74161 74900 74957 75311 76342 76567 77211 \
	77947 78598 
 un 5681 
 uf 9867 9358 1805 1478 75538 
 am 2578 0 54347 55066 54112 51812 55792 54214 
 am 3780 0 54347 55066 54112 51812 55792 54214 
 am 4887 0 54347 55066 54112 51812 55792 54214 
 am 5681 0 54347 55066 54112 51812 55792 54214 
 am 9135 0 54347 55066 54112 51812 55792 54214 
 am 9653 0 54347 55066 54112 51812 55792 54214 
 am 50739 0 55066 54347 51812 55792 54112 54214 
CO
 li accept 0 0
 ar 0 0 0 0 0 0 0 0
 st 1

5681 char 0
na Robert E. Lee
tl	1 66606 10 14 0 0 0 0 \
	2 63230 13 88 0 0 0 0 \
	1 63230 25 20 0 0 0 0
LI
 wh 14226
CH
 lo 50739
 he 100
 lk 2
 lr 1
 sl	730 2 21 0 0 \
	732 2 14 6 0 \
	733 2 14 4 0 \
	630 2 28 0 0 \
	634 2 14 0 0 \
	635 2 28 0 0 \
	610 2 21 10 0 \
	614 2 14 28 0 \
	616 2 14 24 0 \
	615 2 21 17 0 \
	612 2 28 0 0 \
	617 2 14 6 0 \
	631 2 14 0 0 \
	611 1 14 0 0
 mo 7795
 bp 50
 at 146
 df 175
 mi 98
MI
 ds of the Confederation
CO
 li move w
 ar 0 4 14225 0 0 8 14226 0
 cs 2
 wa 2
 st 1
 ue 4
 de 6
 pr 2

