50765 player pl_regular
na Yorkhouse
il	1 692 \
	78 100
an 50765 
CH
PL
 fn Bill Darrah
 em Bill@LEDeffects.com
 pw wer7th
 fs 52
 ft 178
 so 1
 lt 260
 kn 69 600 601 602 603 610 611 612 613 614 \
	616 617 630 631 632 633 641 670 671 680 681 \
	690 693 700 702 720 721 722 730 731 732 733 \
	1771 2668 2841 3799 4408 7685 10010 10011 10012 10013 10014 \
	10015 10016 10017 10018 10019 10020 10021 10022 10023 10024 10025 \
	10026 10027 10028 10029 10107 10108 10109 10110 10111 10113 10114 \
	10115 10116 10117 10118 10119 10120 10121 10122 10123 10124 10125 \
	10126 10127 10128 10129 10130 10131 10205 10206 10207 10208 10209 \
	10210 10211 10212 10213 10218 10219 10220 10221 10222 10223 10224 \
	10225 10226 10227 10228 10229 10231 10305 10306 10307 10308 10309 \
	10310 10311 10312 10313 10314 10315 10316 10317 10318 10319 10320 \
	10321 10322 10323 10324 10325 10326 10327 10328 10329 10330 10331 \
	10402 10403 10404 10405 10406 10407 10408 10409 10410 10411 10415 \
	10416 10417 10419 10420 10421 10422 10423 10424 10425 10426 10427 \
	10428 10429 10430 10431 10502 10503 10504 10505 10506 10507 10508 \
	10509 10510 10511 10515 10517 10519 10520 10521 10522 10523 10524 \
	10525 10526 10527 10528 10529 10530 10531 10601 10602 10603 10604 \
	10605 10606 10607 10608 10609 10610 10611 10612 10613 10614 10615 \
	10617 10618 10619 10620 10621 10622 10623 10624 10625 10626 10627 \
	10628 10629 10630 10631 10701 10702 10703 10704 10705 10706 10707 \
	10708 10709 10710 10711 10715 10716 10717 10718 10719 10720 10721 \
	10722 10723 10724 10729 10730 10732 10733 10734 10781 10782 10783 \
	10801 10802 10803 10804 10805 10806 10807 10808 10809 10810 10811 \
	10812 10813 10814 10815 10816 10817 10818 10819 10820 10821 10822 \
	10823 10824 10829 10830 10831 10832 10833 10834 10835 10881 10882 \
	10883 10901 10902 10903 10904 10905 10906 10907 10908 10909 10910 \
	10911 10912 10913 10914 10915 10916 10917 10918 10919 10920 10921 \
	10922 10929 10930 10931 10932 10933 10934 10935 10936 10981 10982 \
	10983 10984 10985 10986 11001 11002 11003 11004 11005 11006 11007 \
	11008 11009 11010 11011 11012 11013 11014 11015 11016 11017 11022 \
	11026 11027 11028 11029 11030 11031 11032 11033 11034 11035 11036 \
	11037 11038 11039 11040 11081 11082 11101 11102 11103 11104 11105 \
	11106 11107 11108 11109 11110 11111 11112 11113 11114 11122 11123 \
	11124 11125 11126 11127 11128 11129 11130 11131 11132 11133 11134 \
	11135 11136 11137 11138 11139 11140 11144 11145 11182 11202 11203 \
	11204 11205 11206 11207 11208 11209 11210 11211 11212 11213 11214 \
	11218 11219 11220 11221 11222 11223 11224 11225 11226 11227 11228 \
	11229 11230 11231 11232 11233 11234 11235 11236 11237 11238 11239 \
	11240 11241 11242 11243 11244 11245 11246 11282 11283 11284 11302 \
	11303 11304 11305 11306 11307 11308 11314 11315 11316 11317 11318 \
	11319 11320 11321 11322 11323 11324 11325 11326 11327 11328 11329 \
	11330 11331 11332 11333 11334 11335 11336 11337 11338 11339 11341 \
	11342 11343 11344 11345 11346 11356 11357 11358 11382 11383 11384 \
	11403 11405 11406 11407 11408 11410 11411 11412 11413 11414 11415 \
	11416 11417 11418 11419 11420 11421 11422 11423 11424 11425 11426 \
	11427 11428 11429 11430 11431 11432 11433 11434 11435 11436 11437 \
	11438 11439 11440 11441 11442 11443 11444 11445 11446 11457 11458 \
	11459 11483 11484 11502 11503 11505 11506 11507 11508 11509 11510 \
	11511 11512 11513 11514 11515 11516 11517 11518 11519 11520 11521 \
	11522 11523 11524 11525 11526 11527 11528 11529 11530 11531 11532 \
	11533 11534 11535 11536 11537 11538 11539 11540 11541 11542 11543 \
	11544 11545 11546 11557 11559 11583 11584 11601 11602 11603 11604 \
	11605 11606 11607 11608 11609 11610 11611 11612 11613 11614 11615 \
	11616 11617 11620 11622 11623 11624 11625 11626 11627 11628 11629 \
	11630 11631 11632 11633 11634 11635 11636 11637 11638 11639 11640 \
	11641 11642 11643 11644 11645 11646 11647 11657 11659 11701 11703 \
	11704 11705 11706 11707 11708 11709 11710 11711 11717 11720 11723 \
	11724 11725 11726 11727 11728 11729 11730 11731 11732 11733 11734 \
	11735 11736 11737 11738 11739 11740 11741 11742 11743 11744 11745 \
	11747 11748 11749 11750 11751 11752 11753 11757 11758 11759 11760 \
	11761 11762 11763 11801 11803 11804 11805 11806 11807 11808 11809 \
	11810 11811 11812 11813 11814 11815 11816 11817 11818 11819 11820 \
	11821 11822 11823 11824 11825 11826 11827 11828 11829 11830 11831 \
	11832 11833 11834 11835 11836 11837 11838 11839 11840 11841 11842 \
	11843 11845 11853 11854 11855 11856 11857 11858 11859 11860 11861 \
	11862 11863 11864 11901 11903 11904 11905 11906 11907 11908 11909 \
	11910 11911 11912 11913 11914 11915 11916 11917 11918 11919 11920 \
	11921 11922 11923 11925 11926 11927 11928 11929 11930 11931 11932 \
	11933 11934 11935 11936 11937 11938 11939 11940 11941 11942 11943 \
	11945 11951 11957 11958 11959 11960 11961 11962 11963 11964 11965 \
	11966 11967 11968 11969 11976 11977 11981 11982 11983 12001 12003 \
	12004 12005 12006 12007 12008 12009 12010 12011 12012 12013 12014 \
	12015 12016 12017 12018 12019 12020 12021 12022 12023 12024 12025 \
	12026 12027 12028 12029 12030 12031 12032 12033 12034 12035 12036 \
	12037 12038 12039 12040 12041 12042 12043 12044 12045 12051 12052 \
	12053 12054 12055 12056 12057 12058 12059 12060 12061 12062 12063 \
	12064 12065 12066 12067 12068 12069 12070 12071 12072 12073 12074 \
	12075 12076 12078 12079 12080 12081 12082 12083 12101 12103 12104 \
	12105 12106 12107 12108 12109 12110 12111 12112 12113 12114 12115 \
	12116 12117 12118 12119 12120 12121 12122 12123 12124 12125 12126 \
	12127 12128 12129 12130 12131 12132 12133 12134 12135 12136 12137 \
	12138 12139 12140 12141 12142 12143 12144 12146 12157 12158 12159 \
	12160 12161 12162 12164 12165 12166 12167 12178 12182 12191 12192 \
	12201 12203 12204 12205 12206 12207 12208 12209 12210 12211 12212 \
	12213 12214 12215 12216 12217 12218 12219 12220 12221 12222 12229 \
	12232 12233 12234 12235 12236 12237 12238 12239 12240 12241 12242 \
	12243 12244 12245 12246 12257 12258 12259 12260 12261 12262 12263 \
	12264 12265 12266 12267 12278 12282 12290 12291 12292 12293 12294 \
	12301 12303 12304 12305 12306 12307 12308 12309 12310 12311 12312 \
	12313 12314 12315 12316 12317 12318 12319 12320 12321 12322 12329 \
	12332 12336 12337 12338 12339 12340 12341 12342 12346 12357 12358 \
	12359 12360 12361 12362 12363 12364 12365 12366 12367 12378 12382 \
	12390 12391 12392 12393 12394 12401 12402 12407 12408 12409 12410 \
	12411 12412 12413 12414 12415 12416 12417 12418 12419 12420 12421 \
	12422 12423 12424 12425 12426 12427 12428 12429 12432 12437 12438 \
	12439 12440 12441 12446 12457 12458 12459 12460 12461 12462 12463 \
	12464 12465 12466 12467 12478 12482 12490 12491 12492 12493 12494 \
	12495 12496 12502 12507 12508 12509 12510 12511 12512 12513 12514 \
	12515 12516 12517 12520 12532 12536 12537 12539 12546 12547 12548 \
	12549 12550 12557 12558 12559 12560 12561 12562 12563 12564 12565 \
	12566 12567 12568 12569 12570 12578 12582 12590 12591 12592 12593 \
	12594 12595 12596 12602 12606 12607 12608 12609 12610 12611 12612 \
	12613 12614 12615 12616 12617 12618 12619 12620 12632 12633 12634 \
	12636 12639 12650 12651 12657 12658 12659 12660 12661 12662 12663 \
	12664 12665 12666 12667 12668 12669 12670 12671 12672 12678 12682 \
	12690 12691 12692 12693 12694 12695 12696 12702 12705 12706 12707 \
	12708 12709 12710 12711 12712 12713 12714 12715 12716 12717 12718 \
	12719 12720 12721 12722 12723 12724 12725 12726 12727 12734 12736 \
	12737 12739 12750 12751 12752 12753 12754 12755 12756 12757 12758 \
	12759 12760 12761 12762 12763 12764 12765 12766 12767 12768 12769 \
	12770 12771 12772 12773 12774 12778 12782 12790 12791 12792 12793 \
	12794 12795 12796 12802 12804 12805 12806 12807 12808 12809 12810 \
	12811 12812 12813 12814 12815 12816 12817 12822 12823 12827 12834 \
	12837 12839 12850 12851 12857 12858 12859 12862 12863 12864 12865 \
	12866 12867 12868 12869 12870 12871 12872 12873 12874 12875 12876 \
	12877 12878 12882 12890 12891 12892 12893 12894 12895 12896 12902 \
	12903 12904 12905 12906 12907 12908 12909 12910 12911 12912 12913 \
	12914 12915 12916 12917 12918 12922 12927 12934 12935 12936 12937 \
	12938 12939 12957 12958 12959 12960 12961 12962 12963 12964 12965 \
	12966 12967 12968 12969 12970 12971 12972 12973 12974 12975 12976 \
	12982 12990 12991 12992 12993 12994 12995 12996 13000 13001 13002 \
	13003 13004 13005 13006 13007 13008 13009 13010 13011 13012 13013 \
	13014 13015 13016 13017 13018 13027 13028 13036 13037 13038 13039 \
	13041 13042 13049 13052 13053 13054 13055 13056 13057 13058 13059 \
	13060 13062 13063 13064 13065 13066 13067 13068 13069 13070 13071 \
	13072 13073 13074 13075 13076 13077 13078 13082 13090 13091 13092 \
	13093 13094 13095 13096 13097 13098 13099 13102 13104 13105 13106 \
	13107 13108 13109 13110 13111 13112 13113 13114 13115 13116 13117 \
	13118 13127 13128 13136 13137 13138 13139 13141 13142 13143 13144 \
	13145 13146 13149 13150 13151 13152 13153 13154 13155 13156 13157 \
	13158 13159 13161 13162 13163 13164 13165 13166 13167 13168 13169 \
	13170 13171 13172 13173 13174 13175 13176 13177 13178 13179 13180 \
	13182 13183 13190 13191 13192 13193 13194 13195 13196 13202 13205 \
	13206 13207 13208 13209 13210 13211 13212 13213 13214 13215 13216 \
	13217 13218 13227 13234 13235 13236 13237 13238 13239 13240 13241 \
	13242 13243 13246 13247 13248 13249 13250 13251 13252 13253 13254 \
	13255 13256 13257 13258 13260 13261 13262 13263 13264 13265 13266 \
	13267 13268 13269 13270 13271 13272 13273 13274 13275 13276 13277 \
	13278 13279 13280 13281 13282 13283 13284 13285 13286 13287 13288 \
	13290 13291 13292 13293 13294 13295 13300 13301 13302 13305 13306 \
	13307 13308 13309 13310 13311 13312 13313 13314 13315 13316 13317 \
	13318 13319 13320 13321 13322 13323 13324 13325 13326 13327 13331 \
	13332 13333 13334 13337 13338 13340 13341 13342 13343 13344 13345 \
	13346 13347 13348 13349 13350 13351 13352 13353 13354 13355 13356 \
	13357 13358 13359 13360 13361 13362 13363 13364 13365 13366 13367 \
	13368 13369 13370 13371 13372 13373 13374 13375 13376 13377 13378 \
	13379 13380 13381 13382 13383 13384 13385 13386 13388 13390 13391 \
	13392 13393 13394 13395 13397 13398 13399 13405 13406 13407 13408 \
	13409 13410 13411 13412 13413 13414 13415 13416 13417 13418 13429 \
	13430 13431 13437 13438 13439 13440 13441 13442 13443 13444 13445 \
	13446 13447 13448 13449 13450 13451 13452 13453 13454 13455 13457 \
	13458 13459 13460 13461 13462 13463 13464 13465 13466 13467 13468 \
	13469 13470 13471 13472 13473 13474 13475 13476 13477 13478 13482 \
	13483 13484 13485 13486 13487 13488 13489 13490 13491 13492 13493 \
	13494 13497 13503 13504 13505 13506 13507 13508 13509 13510 13511 \
	13512 13513 13514 13515 13516 13517 13518 13526 13527 13528 13529 \
	13535 13536 13537 13538 13539 13540 13541 13542 13543 13544 13545 \
	13546 13547 13548 13549 13550 13551 13552 13553 13554 13555 13556 \
	13557 13558 13559 13560 13561 13562 13563 13564 13565 13566 13567 \
	13568 13569 13570 13571 13572 13573 13574 13575 13576 13577 13578 \
	13579 13584 13588 13589 13590 13591 13592 13593 13594 13595 13596 \
	13597 13600 13601 13603 13605 13606 13607 13608 13609 13610 13611 \
	13612 13613 13614 13615 13616 13617 13618 13624 13625 13626 13630 \
	13631 13632 13633 13634 13635 13636 13637 13638 13639 13640 13641 \
	13648 13649 13650 13651 13652 13653 13654 13655 13656 13657 13658 \
	13659 13660 13661 13662 13663 13664 13665 13666 13667 13668 13669 \
	13670 13671 13672 13673 13674 13675 13676 13679 13683 13684 13685 \
	13686 13687 13688 13689 13690 13691 13698 13699 13701 13703 13707 \
	13708 13709 13710 13711 13712 13713 13714 13715 13716 13717 13718 \
	13719 13720 13721 13722 13723 13724 13730 13731 13732 13733 13734 \
	13735 13736 13737 13738 13739 13748 13749 13750 13751 13752 13753 \
	13754 13755 13756 13757 13758 13759 13760 13761 13762 13763 13764 \
	13765 13766 13767 13768 13769 13770 13771 13772 13773 13774 13775 \
	13776 13779 13781 13782 13783 13784 13788 13789 13790 13791 13792 \
	13793 13794 13798 13801 13802 13803 13807 13808 13809 13810 13811 \
	13812 13813 13814 13815 13816 13817 13818 13821 13822 13823 13828 \
	13829 13830 13831 13832 13833 13834 13835 13836 13837 13838 13848 \
	13849 13850 13851 13852 13853 13854 13855 13856 13857 13858 13859 \
	13860 13861 13862 13863 13864 13865 13866 13867 13868 13869 13870 \
	13871 13872 13873 13874 13875 13876 13879 13880 13881 13884 13885 \
	13886 13888 13889 13890 13891 13892 13894 13895 13896 13897 13898 \
	13901 13902 13903 13904 13905 13906 13907 13910 13911 13912 13913 \
	13914 13915 13916 13917 13918 13920 13923 13927 13928 13930 13931 \
	13932 13933 13934 13935 13936 13937 13938 13949 13950 13951 13952 \
	13953 13954 13955 13956 13957 13958 13959 13960 13961 13962 13963 \
	13964 13965 13966 13967 13968 13969 13970 13971 13972 13973 13974 \
	13975 13976 13979 13986 13988 13989 13990 13991 13992 13993 13994 \
	13995 14001 14002 14003 14004 14005 14006 14007 14016 14017 14018 \
	14019 14020 14023 14026 14027 14030 14031 14032 14033 14034 14035 \
	14048 14049 14050 14051 14052 14053 14054 14055 14056 14057 14058 \
	14059 14060 14061 14062 14063 14064 14065 14066 14067 14068 14069 \
	14070 14071 14072 14073 14074 14075 14076 14077 14078 14079 14086 \
	14088 14089 14090 14091 14095 14096 14101 14102 14103 14104 14105 \
	14106 14107 14108 14109 14110 14111 14123 14124 14125 14126 14130 \
	14131 14148 14149 14150 14151 14152 14153 14154 14155 14156 14157 \
	14158 14159 14160 14161 14162 14163 14164 14165 14166 14167 14168 \
	14169 14170 14171 14172 14173 14174 14175 14177 14178 14184 14185 \
	14186 14187 14188 14189 14190 14191 14196 14197 14202 14203 14204 \
	14205 14206 14207 14208 14209 14210 14211 14212 14213 14223 14224 \
	14248 14249 14250 14251 14252 14253 14254 14255 14256 14257 14258 \
	14259 14260 14261 14262 14263 14264 14265 14266 14267 14268 14269 \
	14270 14271 14272 14273 14274 14275 14276 14277 14278 14279 14284 \
	14285 14286 14287 14288 14289 14290 14291 14292 14293 14297 14298 \
	14303 14304 14305 14306 14307 14308 14309 14310 14311 14312 14313 \
	14348 14349 14350 14351 14352 14353 14354 14355 14356 14357 14358 \
	14359 14360 14361 14362 14363 14364 14365 14366 14367 14368 14369 \
	14370 14371 14372 14373 14374 14375 14376 14377 14378 14379 14380 \
	14381 14382 14383 14384 14385 14386 14387 14388 14389 14393 14394 \
	14398 14403 14404 14405 14406 14407 14408 14409 14410 14411 14412 \
	14448 14449 14450 14451 14452 14453 14454 14455 14456 14457 14458 \
	14459 14460 14461 14462 14463 14464 14465 14466 14467 14468 14469 \
	14470 14471 14472 14473 14474 14475 14476 14477 14478 14479 14484 \
	14485 14486 14487 14488 14489 14494 14498 14503 14504 14505 14506 \
	14507 14508 14509 14510 14511 14512 14548 14549 14550 14551 14552 \
	14553 14554 14555 14556 14557 14558 14559 14560 14561 14562 14563 \
	14564 14565 14566 14567 14568 14569 14570 14571 14572 14573 14574 \
	14575 14576 14577 14578 14579 14586 14594 14598 14603 14604 14605 \
	14606 14607 14608 14609 14610 14611 14612 14648 14649 14650 14651 \
	14652 14653 14654 14655 14656 14657 14658 14659 14660 14661 14662 \
	14663 14664 14665 14666 14674 14675 14676 14677 14678 14679 14686 \
	14694 14698 14703 14704 14705 14706 14707 14708 14709 14748 14749 \
	14750 14751 14752 14753 14754 14755 14756 14757 14758 14759 14760 \
	14761 14762 14763 14764 14765 14766 14774 14775 14776 14777 14778 \
	14779 14786 14787 14794 14798 14804 14805 14806 14807 14808 14847 \
	14848 14849 14850 14851 14852 14853 14854 14855 14856 14857 14858 \
	14859 14860 14861 14862 14863 14864 14865 14866 14867 14868 14869 \
	14874 14875 14876 14877 14878 14879 14887 14888 14889 14894 14898 \
	14907 14946 14947 14948 14949 14950 14951 14952 14953 14954 14955 \
	14956 14957 14958 14959 14960 14961 14962 14963 14964 14965 14966 \
	14967 14968 14969 14973 14974 14975 14976 14977 14978 14979 14987 \
	14988 14989 14994 14997 14998 15007 15046 15047 15048 15049 15053 \
	15054 15055 15056 15057 15058 15059 15060 15061 15062 15063 15064 \
	15065 15066 15067 15068 15069 15073 15074 15075 15076 15077 15078 \
	15079 15088 15094 15096 15097 15107 15146 15155 15156 15157 15158 \
	15159 15160 15161 15162 15163 15164 15165 15166 15167 15168 15169 \
	15170 15171 15173 15174 15175 15176 15177 15178 15179 15187 15188 \
	15189 15190 15191 15192 15193 15194 15195 15196 15197 15206 15207 \
	15208 15246 15259 15260 15261 15262 15263 15264 15265 15266 15267 \
	15268 15269 15270 15271 15273 15274 15275 15276 15277 15278 15279 \
	15280 15281 15288 15289 15290 15291 15292 15293 15294 15295 15296 \
	15306 15307 15308 15346 15360 15361 15362 15363 15364 15365 15366 \
	15367 15368 15369 15370 15371 15373 15374 15375 15376 15377 15378 \
	15381 15382 15383 15384 15385 15386 15387 15388 15389 15390 15392 \
	15393 15394 15395 15396 15408 15446 15449 15450 15451 15452 15453 \
	15454 15455 15460 15461 15462 15463 15464 15465 15466 15467 15468 \
	15469 15470 15471 15473 15474 15475 15476 15477 15478 15479 15480 \
	15481 15490 15492 15507 15508 15546 15547 15548 15549 15554 15555 \
	15560 15561 15562 15563 15564 15565 15566 15567 15568 15569 15570 \
	15571 15573 15574 15575 15576 15577 15578 15579 15580 15581 15582 \
	15583 15584 15585 15590 15592 15607 15608 15654 15660 15661 15662 \
	15663 15664 15665 15666 15667 15668 15669 15670 15671 15672 15673 \
	15674 15675 15676 15677 15678 15679 15680 15681 15682 15683 15684 \
	15685 15686 15687 15688 15689 15690 15692 15708 15709 15754 15760 \
	15761 15762 15763 15764 15766 15767 15768 15769 15770 15774 15775 \
	15776 15777 15778 15779 15780 15781 15782 15783 15784 15785 15786 \
	15787 15788 15789 15792 15809 15810 15854 15860 15861 15862 15869 \
	15870 15872 15873 15874 15875 15876 15877 15878 15879 15883 15884 \
	15885 15886 15887 15888 15889 15892 15910 15954 15960 15961 15962 \
	15963 15964 15969 15970 15972 15973 15976 15977 15978 15979 15985 \
	15986 15987 15989 15992 16010 16011 16012 16013 16054 16060 16061 \
	16062 16064 16065 16066 16067 16069 16072 16073 16076 16077 16078 \
	16079 16080 16081 16082 16083 16084 16085 16087 16089 16092 16110 \
	16111 16112 16113 16127 16128 16129 16154 16155 16162 16167 16168 \
	16169 16170 16172 16173 16174 16175 16176 16177 16178 16181 16182 \
	16183 16186 16187 16189 16192 16210 16211 16212 16213 16223 16224 \
	16225 16226 16227 16229 16255 16262 16268 16269 16270 16272 16276 \
	16277 16278 16279 16280 16281 16282 16283 16286 16287 16288 16289 \
	16292 16311 16312 16313 16323 16329 16330 16331 16355 16368 16369 \
	16370 16371 16372 16376 16377 16385 16386 16387 16392 16411 16412 \
	16413 16421 16422 16423 16431 16432 16433 16434 16435 16436 16437 \
	16438 16455 16467 16468 16469 16470 16471 16472 16473 16474 16476 \
	16477 16482 16483 16484 16485 16487 16492 16513 16521 16530 16531 \
	16532 16533 16534 16535 16536 16537 16538 16539 16540 16541 16542 \
	16555 16567 16569 16571 16572 16573 16574 16575 16576 16577 16578 \
	16579 16580 16581 16582 16587 16592 16613 16614 16615 16621 16630 \
	16631 16632 16633 16634 16635 16636 16637 16638 16639 16640 16641 \
	16642 16643 16644 16645 16646 16647 16655 16656 16657 16667 16668 \
	16669 16670 16671 16672 16673 16674 16676 16677 16678 16679 16687 \
	16691 16692 16715 16716 16717 16718 16719 16720 16721 16731 16732 \
	16733 16734 16735 16736 16737 16738 16739 16740 16741 16742 16743 \
	16744 16745 16746 16747 16748 16749 16750 16751 16752 16753 16754 \
	16755 16756 16757 16758 16759 16768 16771 16772 16773 16774 16775 \
	16776 16777 16778 16779 16780 16781 16782 16783 16784 16785 16786 \
	16787 16788 16789 16790 16791 16817 16818 16831 16833 16834 16835 \
	16836 16837 16838 16839 16840 16841 16842 16843 16844 16845 16846 \
	16847 16848 16849 16850 16851 16852 16853 16854 16855 16856 16857 \
	16858 16859 16868 16871 16872 16877 16878 16917 16918 16931 16932 \
	16933 16934 16935 16936 16937 16938 16940 16941 16942 16943 16944 \
	16945 16946 16947 16948 16949 16950 16951 16952 16953 16954 16955 \
	16956 16957 16958 16959 16960 16961 16962 16963 16964 16965 16966 \
	16967 16968 16971 16977 16978 17017 17018 17030 17031 17032 17033 \
	17034 17035 17036 17037 17038 17043 17045 17048 17050 17071 17075 \
	17076 17077 17078 17108 17109 17110 17111 17113 17114 17115 17116 \
	17117 17118 17130 17133 17134 17135 17136 17137 17138 17139 17140 \
	17141 17142 17143 17145 17146 17147 17148 17149 17150 17170 17171 \
	17172 17173 17174 17175 17177 17178 17179 17208 17211 17213 17214 \
	17216 17217 17218 17224 17225 17226 17230 17233 17245 17250 17267 \
	17268 17269 17270 17271 17279 17280 17305 17306 17307 17308 17311 \
	17314 17316 17317 17318 17319 17320 17321 17322 17323 17324 17325 \
	17326 17327 17330 17333 17334 17335 17336 17337 17338 17339 17340 \
	17341 17342 17343 17344 17345 17350 17351 17352 17365 17366 17367 \
	17368 17369 17370 17371 17380 17388 17389 17390 17391 17392 17393 \
	17404 17405 17406 17411 17414 17416 17417 17422 17423 17430 17433 \
	17435 17452 17454 17455 17464 17465 17466 17467 17468 17471 17472 \
	17480 17488 17493 17503 17504 17506 17507 17511 17514 17516 17517 \
	17518 17519 17520 17521 17522 17523 17530 17552 17554 17555 17556 \
	17557 17558 17563 17564 17565 17566 17567 17568 17572 17575 17576 \
	17577 17578 17579 17580 17581 17582 17583 17584 17585 17586 17587 \
	17588 17593 17603 17606 17607 17611 17614 17616 17618 17619 17620 \
	17621 17622 17623 17630 17652 17653 17654 17658 17659 17660 17662 \
	17663 17666 17667 17668 17669 17670 17671 17672 17673 17674 17675 \
	17676 17677 17678 17679 17680 17693 17703 17706 17707 17711 17714 \
	17716 17717 17719 17720 17721 17723 17730 17760 17761 17762 17765 \
	17766 17767 17768 17772 17776 17793 17803 17804 17805 17806 17807 \
	17808 17811 17814 17817 17819 17823 17830 17848 17849 17850 17854 \
	17855 17856 17857 17858 17860 17864 17865 17866 17867 17868 17872 \
	17876 17893 17903 17905 17906 17907 17908 17911 17914 17916 17917 \
	17919 17922 17923 17930 17944 17945 17946 17947 17948 17950 17954 \
	17958 17959 17960 17961 17962 17963 17964 17965 17966 17967 17968 \
	17972 17976 17989 17990 17991 17992 17993 18003 18004 18005 18006 \
	18007 18008 18009 18011 18012 18013 18014 18016 18019 18020 18021 \
	18022 18030 18044 18050 18051 18052 18053 18054 18066 18067 18068 \
	18072 18076 18089 18107 18108 18109 18110 18111 18112 18113 18114 \
	18116 18117 18118 18119 18120 18130 18144 18172 18176 18189 18202 \
	18203 18204 18205 18206 18207 18208 18209 18210 18211 18212 18213 \
	18214 18215 18220 18230 18244 18272 18273 18274 18275 18276 18289 \
	18302 18311 18313 18314 18315 18316 18317 18318 18319 18320 18321 \
	18322 18323 18324 18325 18326 18327 18328 18329 18330 18331 18344 \
	18389 18402 18409 18410 18411 18412 18413 18415 18416 18417 18419 \
	18420 18421 18422 18423 18424 18425 18426 18427 18428 18429 18430 \
	18431 18444 18489 18490 18502 18506 18507 18508 18509 18513 18515 \
	18517 18518 18519 18521 18529 18530 18531 18532 18533 18534 18535 \
	18544 18589 18602 18606 18613 18615 18617 18618 18621 18629 18630 \
	18631 18632 18633 18634 18635 18636 18637 18638 18639 18640 18644 \
	18689 18702 18704 18705 18706 18708 18709 18710 18711 18712 18713 \
	18715 18717 18718 18721 18730 18732 18733 18735 18736 18737 18740 \
	18741 18742 18743 18744 18789 18802 18804 18805 18806 18808 18809 \
	18810 18811 18812 18815 18817 18818 18819 18821 18825 18826 18827 \
	18828 18829 18830 18832 18833 18837 18889 18902 18906 18912 18915 \
	18917 18918 18919 18921 18922 18923 18925 18932 18933 18937 18989 \
	19001 19002 19003 19004 19005 19006 19007 19008 19009 19012 19015 \
	19017 19018 19023 19025 19026 19027 19028 19029 19032 19033 19035 \
	19036 19037 19089 19102 19103 19104 19105 19106 19109 19112 19115 \
	19117 19118 19123 19129 19132 19133 19135 19136 19137 19138 19185 \
	19186 19189 19201 19202 19203 19204 19205 19207 19208 19209 19211 \
	19212 19215 19217 19218 19220 19221 19223 19224 19225 19226 19227 \
	19228 19229 19231 19232 19233 19235 19236 19237 19238 19285 19286 \
	19287 19288 19289 19301 19302 19304 19305 19306 19307 19308 19310 \
	19311 19315 19317 19318 19320 19321 19323 19324 19330 19331 19333 \
	19335 19336 19337 19338 19362 19372 19373 19374 19375 19376 19377 \
	19378 19379 19380 19381 19385 19401 19402 19404 19406 19407 19408 \
	19409 19410 19413 19414 19415 19417 19418 19420 19421 19423 19424 \
	19429 19430 19432 19433 19437 19438 19439 19462 19463 19464 19465 \
	19466 19467 19468 19469 19470 19471 19472 19481 19485 19501 19502 \
	19504 19506 19513 19517 19518 19520 19521 19525 19526 19527 19528 \
	19529 19531 19532 19537 19581 19585 19601 19602 19604 19606 19607 \
	19608 19609 19610 19611 19612 19613 19620 19621 19625 19626 19631 \
	19633 19634 19635 19636 19637 19638 19681 19685 19701 19702 19704 \
	19707 19708 19710 19711 19712 19713 19714 19715 19716 19717 19718 \
	19719 19720 19721 19722 19723 19724 19725 19726 19731 19732 19733 \
	19736 19737 19738 19781 19782 19783 19784 19785 19801 19802 19804 \
	19805 19806 19807 19808 19809 19810 19901 19902 20078 20085 20159 \
	20162 20165 20177 20224 20236 20242 20263 20277 20317 20323 20348 \
	20374 20379 20400 20406 20419 20497 20540 20548 20571 20628 20638 \
	20655 20660 20804 20852 20865 20891 20892 20896 20950 20997 21001 \
	21003 21006 21070 21073 21157 21197 21224 21261 21364 21384 21419 \
	21552 21567 21596 21597 21600 21624 21651 21676 21742 21796 21816 \
	21954 21965 21982 22021 22089 22096 22097 22099 22117 22155 22158 \
	22162 22252 22267 22296 22324 22375 22397 22406 22409 22449 22471 \
	22490 22530 22535 22599 22601 22609 22653 22758 22784 22792 22833 \
	22842 22863 22873 22951 22953 23026 23078 23129 23137 23178 23182 \
	23202 23216 23224 23290 23384 23415 23435 23511 23542 23688 23774 \
	23807 23809 23872 23879 23910 23932 23952 23997 24031 24039 24047 \
	24085 24115 24121 24155 24196 24207 24218 24241 24271 24390 24464 \
	24519 24526 24648 24735 24771 24803 24805 24809 24846 24888 24899 \
	24912 24943 25072 25109 25162 25202 25203 25207 25220 25312 25426 \
	25464 25562 25577 25590 25604 25636 25780 25801 25810 25812 25815 \
	25818 25842 25929 25943 26063 26065 26066 26097 26107 26109 26132 \
	26234 26265 26296 26305 26315 26425 26433 26443 26459 26489 26491 \
	26520 26530 26572 26581 26607 26661 26689 26714 26793 26832 26882 \
	26884 26907 26944 26946 26961 26970 27044 27072 27093 27101 27118 \
	27136 27137 27154 27178 27241 27292 27294 27420 27467 27481 27506 \
	27509 27551 27578 27594 27606 27642 27660 27682 27695 27718 27751 \
	27760 27762 27834 27936 27987 27996 28120 28151 28197 28221 28222 \
	28224 28233 28268 28314 28321 28406 28413 28482 28487 28502 28509 \
	28517 28657 28682 28704 28815 28821 28856 28869 28897 28907 28958 \
	28961 29085 29120 29134 29160 29172 29183 29232 29419 29447 29567 \
	29617 29625 29692 29694 29722 29730 29749 29814 29828 29830 29858 \
	29871 30000 30006 30103 30108 30132 30181 30221 30230 30251 30271 \
	30287 30319 30383 30392 30414 30459 30497 30518 30594 30633 30696 \
	30779 30786 30793 30821 30836 30851 30905 30953 31013 31050 31096 \
	31187 31197 31234 31296 31352 31374 31375 31485 31516 31553 31603 \
	31612 31624 31636 31667 31668 31763 31775 31779 31794 31805 31810 \
	31880 31899 31902 31969 31971 31986 32031 32119 32144 32200 32384 \
	32389 32410 32450 32554 32558 32587 32602 32615 32655 32706 32725 \
	32776 32779 32825 32873 32938 32979 33022 33028 33059 33086 33123 \
	33127 33130 33158 33163 33174 33209 33229 33242 33248 33250 33256 \
	33332 33359 33371 33406 33419 33424 33518 33545 33572 33574 33584 \
	33590 33681 33724 33757 33761 33773 33777 33780 33833 33873 33925 \
	33930 34037 34039 34079 34123 34140 34152 34185 34216 34219 34238 \
	34249 34307 34312 34347 34374 34378 34379 34430 34496 34510 34539 \
	34556 34568 34595 34620 34668 34755 34787 34789 34820 34841 34890 \
	34903 34933 34988 34992 35003 35022 35086 35120 35164 35179 35257 \
	35290 35292 35338 35363 35369 35406 35412 35429 35477 35482 35509 \
	35571 35580 35602 35687 35774 35801 35830 35856 35881 35887 35926 \
	35938 35976 35979 35988 35996 36012 36023 36024 36026 36029 36119 \
	36204 36250 36289 36303 36308 36353 36380 36425 36452 36475 36517 \
	36542 36585 36643 36673 36724 36731 36752 36808 36834 36855 36882 \
	36967 36969 37009 37027 37038 37058 37065 37071 37092 37103 37185 \
	37247 37264 37349 37448 37483 37532 37567 37610 37616 37685 37717 \
	37719 37724 37730 37747 37762 37816 37832 37854 37924 37927 37932 \
	37938 37939 37973 38032 38053 38132 38184 38200 38229 38316 38323 \
	38353 38398 38417 38458 38530 38561 38576 38673 38704 38705 38770 \
	38794 38845 38890 38898 38941 38950 38954 38967 38968 39032 39127 \
	39136 39149 39182 39197 39198 39211 39232 39250 39295 39306 39334 \
	39356 39370 39375 39413 39428 39456 39459 39511 39565 39573 39609 \
	39611 39650 39682 39715 39734 39782 39786 39905 39973 39981 40002 \
	40009 40014 40027 40172 40234 40251 40263 40284 40339 40375 40382 \
	40442 40462 40506 40600 40624 40626 40632 40640 40728 40731 40876 \
	40887 40906 40943 40985 40988 41032 41169 41201 41272 41296 41354 \
	41393 41509 41550 41568 41594 41598 41599 41629 41633 41801 41805 \
	41809 41822 41863 41884 41939 41942 42077 42101 42129 42166 42176 \
	42188 42201 42228 42279 42328 42484 42667 42672 42718 42746 42776 \
	42782 42785 42794 42796 42797 42901 42920 42926 43041 43064 43074 \
	43085 43162 43167 43204 43355 43423 43526 43591 43654 43675 43676 \
	43687 43750 43772 43781 43795 43801 43838 43841 43881 43888 43902 \
	43907 43914 43924 43939 43983 43986 44091 44093 44155 44181 44194 \
	44203 44236 44251 44369 44442 44509 44532 44534 44608 44630 44639 \
	44645 44697 44723 44791 44793 44815 44828 44865 44920 44935 44980 \
	44982 45061 45095 45132 45151 45167 45178 45191 45199 45218 45237 \
	45256 45273 45389 45393 45441 45445 45467 45468 45498 45507 45530 \
	45537 45574 45657 45675 45676 45724 45735 45767 45872 45873 45889 \
	45939 45961 45983 46017 46106 46117 46130 46213 46222 46249 46258 \
	46261 46280 46285 46389 46393 46463 46485 46552 46563 46601 46627 \
	46734 46803 46841 46861 46869 46874 46895 46981 47003 47037 47051 \
	47124 47136 47137 47179 47186 47271 47300 47317 47343 47354 47378 \
	47420 47425 47450 47484 47496 47512 47552 47601 47617 47666 47714 \
	47772 47884 47900 47951 47970 48014 48017 48032 48066 48068 48073 \
	48097 48139 48153 48171 48190 48238 48248 48252 48261 48284 48468 \
	48494 48517 48522 48528 48549 48635 48669 48705 48734 48779 48801 \
	48888 48964 49007 49010 49011 49015 49036 49169 49188 49215 49274 \
	49294 49297 49369 49420 49428 49452 49522 49549 49600 49603 49673 \
	49676 49705 49709 49742 49824 49880 49902 49916 49918 49977 56761 \
	56780 56782 56799 56827 56848 56855 56857 56864 56872 56890 56908 \
	56930 56937 56949 56990 56999 57013 57019 57030 57031 57046 57060 \
	57067 57081 57087 57096 57121 57133 57140 57149 57165 57170 57177 \
	57189 57190 57204 57212 57224 57233 57242 57246 57249 57251 57260 \
	57262 57265 57266 57277 57280 57282 57294 57309 57325 57327 57331 \
	57340 57345 57368 57370 57371 57389 57397 57401 57402 57422 57426 \
	57430 57440 57444 57451 57456 57475 57477 57494 57496 57503 57516 \
	57531 57532 57539 57540 57544 57547 57568 57572 57576 57598 57600 \
	57602 57606 57622 57625 57626 57627 57643 57646 57675 57679 57686 \
	57704 57708 57714 57731 57732 57734 57744 57748 57749 57754 57757 \
	57775 57794 57797 57798 57812 57826 57837 57842 57849 57854 57861 \
	57865 57870 57874 57877 57885 57891 57896 57904 57915 57920 57931 \
	57932 57933 57948 57950 57955 57957 57958 57978 57988 58006 58008 \
	58013 58025 58033 58037 58050 58053 58056 58073 58074 58098 58110 \
	58112 58113 58124 58138 58152 58159 58166 58178 58200 58216 58225 \
	58226 58259 58260 58269 58270 58278 58288 58315 58323 58324 58325 \
	58335 58338 58343 58348 58349 58350 58370 58374 58380 58403 58427 \
	58432 58465 58493 58497 58521 58523 58540 58541 58547 58548 58559 \
	58565 58582 58592 58599 58600 58601 58615 58620 58621 58635 58643 \
	58644 58670 58678 58683 58707 58712 58716 58726 58728 58730 58736 \
	58741 58744 58751 58758 59002 59066 59252 59402 59450 59629 60059 \
	60208 60269 60453 60483 60507 60649 60654 60674 60929 60993 61292 \
	61326 61351 61486 61516 61535 61660 61681 61975 62005 62657 62708 \
	62718 62917 63196 63408 63434 63545 63694 63754 63913 64085 64170 \
	64321 64436 64656 64888 64918 64950 65150 65271 65432 65586 65672 \
	65806 66084 66185 66275 66368 66681 66732 66762 66890 67080 67192 \
	67225 67637 68121 68183 68335 69114 69195 69239 69327 69491 70156 \
	70206 70372 70481 70671 70833 70894 70996 71007 71035 71203 71350 \
	71475 71678 71688 72277 72736 72747 72833 72897 73045 73333 73655 \
	73667 74326 74414 74637 74870 75521 75542 75552 75599 75902 76210 \
	76296 76323 76365 76775 77157 77197 77381 78031 78106 78110 78196 \
	78394 78449 78529 87790 97443 149109 
 un 103777 119109 109522 126459 126814 147403 121095 110956 115216 \
	100502 128530 130399 137386 83868 106066 110294 107618 113736 149942 143536 \
	116576 145564 124242 115931 
 uf 139764 79885 97082 94697 143016 
 am 3799 0 56754 
 am 59066 0 56754 
CO
 li Neutral cy5  
 ar 0 0 0 0 0 0 0 0
 st 1

103777 char 0
na Ulbert
il	1 2697 \
	11 5 \
	19 9 \
	94 105 \
	95 8 \
	261 1
tl	2 94 95 4 0 0 0 0 \
	2 95 51 7 0 0 0 0
LI
 wh 59002
CH
 lo 50765
 he 100
 lk 3
 lr 82
 sl	610 2 21 0 0 \
	630 2 28 0 0 \
	700 2 21 0 0 \
	600 2 21 0 0 \
	602 2 14 1 0 \
	601 2 14 32 0 \
	702 2 14 3 0 \
	612 2 28 3 0 \
	614 2 14 0 0 \
	631 2 14 0 0 \
	641 2 28 0 0 \
	611 2 28 0 0
 at 80
 df 80
CO
 li Sail e   
 ar 0 2 11141 0 0 3 11140 0
 cs 2
 wa 2
 st 1
 ue 1
 de 1
 pr 4

119109 char 0
na Polbert
il	1 443 \
	54 3
LI
 wh 13350
CH
 lo 50765
 pl 100
 he 100
 lk 1
 lr 350
 sl	630 2 28 0 0 \
	610 2 21 0 0 \
	641 2 28 1 0 \
	611 2 28 0 0 \
	612 2 28 1 0 \
	614 2 14 1 0 \
	631 2 14 9 0
 mo 7800
 tf 6
 at 80
 df 84
CM
 hs 1
MI
 di 2
CO
 li Fly w   
 ar 0 4 13349 0 0 2 13350 0
 cs 2
 wa 1
 st 1
 ue 2
 de 1
 pr 2

109522 char 0
na Calbert
il	1 5641 \
	11 5 \
	19 14 \
	94 13 \
	95 22 \
	261 2
tl	2 95 892 7 0 0 0 0 \
	2 94 804 4 0 0 0 0
LI
 wh 87790
CH
 lo 50765
 he 100
 lk 3
 lr 21
 sl	600 2 21 0 0 \
	601 2 14 74 0 \
	602 2 14 1 0 \
	610 2 21 0 0 \
	612 2 28 3 0 \
	630 2 28 0 0 \
	614 2 14 2 0 \
	611 2 28 0 0 \
	603 2 14 0 0 \
	617 2 14 0 0 \
	631 2 14 0 0
 at 80
 df 94
CO
 li Sail n   
 ar 0 1 18901 0 0 3 19001 0
 cs 2
 wa 1
 st 1
 ue 1
 de 2
 pr 4

126459 char 0
na Wilbert
il	1 690 \
	54 3 \
	95 1
tl	2 95 1 7 0 0 0 0
LI
 wh 13459
CH
 lo 50765
 pl 100
 he 100
 lk 3
 lr 85
 sl	610 2 21 0 0 \
	600 2 21 0 0 \
	603 2 14 5 0 \
	612 2 28 1 0 \
	630 2 28 0 0 \
	614 2 14 0 0 \
	641 2 28 1 0 \
	611 2 28 0 0 \
	631 2 14 0 0
 mo 7799
 at 80
 df 80
CM
 hs 1
MI
 di 1
CO
 li Fly w   
 ar 0 4 13458 0 0 4 13459 0
 cs 2
 wa 2
 st 1
 ue 1
 de 2
 pr 2

126814 char 0
na Q-bert
il	1 895 \
	54 2
LI
 wh 70372
CH
 lo 50765
 he 100
 lk 3
 lr 36
 sl	630 2 28 0 0 \
	610 2 21 0 0 \
	641 2 28 1 0 \
	612 2 28 1 0 \
	614 2 14 0 0 \
	670 2 28 0 0 \
	671 2 14 0 0 \
	631 2 14 5 0 \
	611 2 28 0 0
 at 80
 df 80
CM
 hs 1
CO
 li Explore
 ar 0 0 0 0 0 0 0 0
 cs 2
 wa 5
 st 1
 ue 1
 de 2
 pr 3

147403 char 0
na Volbert
il	1 312 \
	54 2
LI
 wh 65432
CH
 lo 50765
 he 100
 lk 3
 lr 79
 sl	610 2 21 0 0 \
	630 2 28 0 0 \
	670 2 28 0 0 \
	671 2 14 0 0 \
	612 2 28 2 0 \
	631 2 14 1 0 \
	614 2 14 1 0 \
	641 2 28 1 0 \
	611 2 28 0 0
 at 80
 df 85
CM
 hs 1
CO
 li Explore   
 ar 0 0 0 0 0 0 0 0
 cs 2
 wa 6
 st 1
 ue 1
 de 1
 pr 3

121095 char 0
na Nalbert
il	1 261 \
	54 2
LI
 wh 15970
CH
 lo 50765
 he 100
 lk 3
 lr 27
 sl	630 2 28 0 0 \
	641 2 28 1 0 \
	610 2 21 5 0 \
	611 2 28 0 0 \
	612 2 28 1 0 \
	614 2 14 5 0 \
	680 2 21 0 0 \
	681 2 14 0 0 \
	631 2 14 4 0
 at 80
 df 102
CM
 hs 1
CO
 li Fly s   
 ar 0 0 0 0 0 0 0 0
 wa -1
 st 1
 ue 1
 pr 2

110956 char 0
na Milbert
il	1 429 \
	54 2
LI
 wh 71007
CH
 lo 50765
 he 100
 lk 3
 lr 84
 sl	630 2 28 0 0 \
	641 2 28 1 0 \
	610 2 21 0 0 \
	611 2 28 0 0 \
	612 2 28 1 0 \
	614 2 14 2 0 \
	633 2 14 0 0 \
	632 2 14 0 0 \
	631 2 14 4 0
 at 80
 df 88
CM
 hs 1
CO
 li Explore
 ar 0 0 0 0 0 0 0 0
 wa 7
 st 1
 ue 1
 pr 3

115216 char 0
na Dilbert
il	1 2421 \
	54 2 \
	97998 1
LI
 wh 76296
CH
 lo 50765
 he 100
 lk 3
 lr 55
 sl	630 2 28 0 0 \
	641 2 28 2 0 \
	610 2 21 0 0 \
	612 2 28 1 0 \
	690 2 28 0 0 \
	614 2 14 1 0 \
	611 2 28 0 0 \
	693 2 21 0 0 \
	631 2 14 12 0
 at 80
 df 85
CM
 hs 1
CO
 li Move w296
 ar 76296 0 0 0 0 0 0 0
 wa -1
 st 1
 ue 2
 pr 2

100502 char 0
na Falbert
il	1 89 \
	54 2 \
	69 1
LI
 wh 61351
CH
 lo 50765
 he 100
 lk 3
 lr 24
 sl	630 2 28 0 0 \
	641 2 28 1 0 \
	610 2 21 0 0 \
	611 2 28 0 0 \
	612 2 28 1 0 \
	614 2 14 8 0 \
	613 2 14 0 0 \
	631 2 14 0 0
 at 80
 df 112
CM
 hs 1
CO
 li Move out  
 ar 0 0 0 0 0 0 0 0
 wa -1
 ue 2
 pr 2

128530 char 0
na Halbert
il	1 258 \
	54 2 \
	69 1
LI
 wh 68335
CH
 lo 50765
 he 100
 lk 3
 lr 26
 sl	630 2 28 0 0 \
	610 2 21 0 0 \
	641 2 28 1 0 \
	611 2 28 0 0 \
	612 2 28 1 0 \
	614 2 14 0 0 \
	631 2 14 1 0
 at 80
 df 80
CM
 hs 1
CO
 li Explore   
 ar 0 0 0 0 0 0 0 0
 wa 7
 st 1
 ue 1
 pr 3

130399 char 0
na Olbert
il	54 2 \
	95 10
LI
 wh 10986
CH
 lo 50765
 he 100
 lk 3
 lr 26
 sl	630 2 28 0 0 \
	641 2 28 1 0 \
	610 2 21 0 0 \
	611 2 28 0 0 \
	612 2 28 1 0 \
	631 2 14 0 0 \
	614 2 14 0 0
 at 80
 df 80
CM
 hs 1
CO
 li Fly n   
 ar 0 0 0 0 0 0 0 0
 wa -1
 st 1
 ue 1
 pr 2

137386 char 0
na Zilbert
il	1 780 \
	54 3
LI
 wh 11356
CH
 lo 50765
 he 100
 lk 3
 lr 90
 sl	630 2 28 0 0 \
	610 2 21 0 0 \
	641 2 28 1 0 \
	611 1 25 0 0 \
	631 2 14 0 0
 bp 50
 at 80
 df 80
CM
 hs 1
CO
 li Study 611  
 ar 611 0 0 0 0 0 0 0
 cs 2
 wa 4
 st 1
 ue 1
 de 3
 po 1
 pr 3

83868 char 0
na Elbert
il	1 2954 \
	54 2
LI
 wh 72277
CH
 lo 50765
 he 100
 lk 3
 lr 25
 sl	630 2 28 0 0 \
	610 2 21 0 0 \
	641 2 28 1 0 \
	611 2 28 0 0 \
	612 2 28 2 0 \
	614 2 14 13 0 \
	680 2 21 1 0 \
	730 2 21 0 0 \
	732 2 14 4 0 \
	733 2 14 1 0 \
	720 2 21 0 0 \
	721 2 14 0 0 \
	722 2 14 0 0 \
	633 2 14 0 0 \
	731 2 14 0 0 \
	631 2 14 8 0
 at 80
 df 129
CM
 hs 1
CO
 li Explore   
 ar 0 0 0 0 0 0 0 0
 cs 2
 wa 5
 st 1
 ue 2
 de 2
 pr 3

106066 char 0
na Ilbert
il	1 6766 \
	54 2
LI
 wh 11611
CH
 lo 50765
 pl 100
 he 100
 lk 3
 lr 74
 sl	630 2 28 0 0 \
	610 2 21 0 0 \
	641 2 28 3 0 \
	611 2 28 0 0 \
	612 2 28 1 0 \
	631 2 14 4 0 \
	614 2 14 1 0
 at 80
 df 84
CM
 hs 1
MI
 di 4
CO
 li Use 614   
 ar 0 0 0 0 0 0 0 614
 cs 2
 wa 3
 st 1
 us 614
 ue 1
 de 4
 pr 3

110294 char 0
na Silbert
il	1 8708 \
	54 2 \
	95 5 \
	65575 1
LI
 wh 11732
CH
 lo 50765
 he 100
 lk 1
 lr 50
 sl	610 2 21 4 0 \
	630 2 28 0 0 \
	611 2 28 0 0 \
	612 2 28 1 0 \
	641 2 28 1 0 \
	614 2 14 2 0 \
	670 2 28 0 0 \
	671 2 14 0 0 \
	631 2 14 5 0
 mo 7799
 at 80
 df 89
CM
 hs 1
CO
 li Fly n   
 ar 0 1 11632 0 0 3 11732 0
 cs 2
 wa 1
 st 1
 ue 1
 de 2
 pr 2

107618 char 0
na Xilbert
il	54 3
LI
 wh 11951
CH
 lo 50765
 he 100
 lk 3
 lr 88
 sl	630 2 28 0 0 \
	610 2 21 0 0 \
	641 2 28 1 0 \
	631 2 14 0 0 \
	612 2 28 1 0 \
	614 2 14 0 0 \
	611 2 28 0 0
 at 80
 df 80
CM
 hs 1
CO
 li Fly in   
 ar 0 0 0 0 0 0 0 0
 wa -1
 ue 1
 pr 2

113736 char 0
na Bilfred
il	1 724 \
	54 2 \
	94 3 \
	114372 1
tl	2 94 71 4 0 0 0 0
LI
 wh 58621
CH
 lo 50765
 he 100
 lk 1
 lr 350
 sl	630 2 28 0 0 \
	610 1 14 0 0 \
	641 1 8 0 0
 bp 50
 at 80
 df 80
CO
 li Explore
 ar 0 0 0 0 0 0 0 0
 wa 7
 st 1
 pr 3

149942 char 0
na Yebert
il	1 4 \
	54 2
LI
 wh 11977
CH
 lo 50765
 he 100
 lk 1
 lr 100
 sl	630 2 28 0 0 \
	610 2 21 0 0 \
	611 2 28 0 0 \
	631 2 14 1 0 \
	641 2 28 1 0 \
	612 1 22 0 0
 bp 50
 at 80
 df 80
CM
 hs 1
CO
 li Study 612  
 ar 612 0 0 0 0 0 0 0
 cs 2
 wa 2
 st 1
 ue 1
 de 5
 po 1
 pr 3

143536 char 0
na Kelbert
il	1 60962 \
	54 27
LI
 wh 77381
CH
 lo 50765
 he 100
 lk 3
 lr 37
 sl	630 2 28 0 0 \
	641 2 28 1 0 \
	610 2 21 1 0 \
	611 2 28 0 0 \
	612 2 28 1 0 \
	614 2 14 1 0 \
	730 2 21 0 0 \
	680 2 21 0 0 \
	733 2 14 2 0 \
	631 2 14 0 0
 at 80
 df 85
CM
 hs 1
CO
 li Explore
 ar 0 0 0 0 0 0 0 0
 cs 2
 wa 6
 st 1
 ue 1
 de 1
 pr 3

116576 char 0
na Gilbert
il	1 2378 \
	54 2
LI
 wh 12815
CH
 lo 50765
 he 100
 lk 3
 lr 24
 sl	630 2 28 0 0 \
	610 2 21 0 0 \
	641 2 28 1 0 \
	612 2 28 1 0 \
	614 2 14 0 0 \
	631 2 14 5 0 \
	611 2 28 0 0
 at 80
 df 80
CM
 hs 1
CO
 li Explore
 ar 0 0 0 0 0 0 0 0
 cs 2
 wa 1
 st 1
 ue 1
 de 6
 pr 3

145564 char 0
na Robert
il	1 2616 \
	54 2 \
	94 1
LI
 wh 17371
CH
 lo 50765
 he 100
 lk 3
 lr 35
 sl	630 2 28 0 0 \
	610 2 21 0 0 \
	641 2 28 1 0 \
	611 2 28 0 0 \
	612 2 28 1 0 \
	614 2 14 4 0 \
	616 2 14 0 0 \
	631 2 14 0 0 \
	670 2 28 0 0 \
	671 2 14 0 0
 at 80
 df 97
CM
 hs 1
CO
 li Seek 136274  
 ar 136274 0 0 0 0 0 0 0
 cs 2
 wa 3
 st 1
 ue 1
 de 4
 po 1
 pr 3

124242 char 0
na Talbert
il	1 881 \
	54 2
LI
 wh 38398
CH
 lo 50765
 he 100
 lk 3
 lr 57
 sl	610 2 21 7 0 \
	630 2 28 0 0 \
	641 2 28 1 0 \
	611 2 28 0 0 \
	612 2 28 2 0 \
	614 2 14 0 0 \
	631 2 14 0 0
 at 80
 df 80
CM
 hs 1
CO
 li Explore   
 ar 0 0 0 0 0 0 0 0
 cs 2
 wa 2
 st 1
 ue 1
 de 5
 pr 3

115931 char 0
na Alfred
il	1 300 \
	52 2 \
	95 16
LI
 wh 35412
CH
 lo 50765
 he 100
 lk 3
 lr 35
 sl	630 2 28 0 0 \
	610 2 21 0 0 \
	641 2 28 1 0 \
	611 2 28 0 0 \
	612 2 28 2 0 \
	614 2 14 1 0 \
	631 2 14 0 0
 at 80
 df 83
CM
 hs 1
CO
 li Move w n
 ar 0 0 0 0 0 0 0 0
 wa -1
 ue 1
 pr 2

