50762 player pl_regular
na The Elthargrimm
il	1 823
ad 50762 
CH
PL
 fn Ray
 em rayjohn64@hotmail.com
 ve noe@ctsales.com
 pw brother
 np 25
 ft 77
 nt 1
 lt 233
 kn 69 600 601 603 610 611 612 613 614 615 \
	616 617 630 631 632 633 634 635 639 641 650 \
	652 653 654 655 656 680 682 700 702 703 704 \
	705 720 721 722 730 731 732 733 750 751 752 \
	753 754 755 756 860 880 881 882 883 887 893 \
	900 901 902 903 904 906 907 911 920 921 922 \
	3619 4352 6625 9088 9826 13350 13351 13352 13353 13354 13355 \
	13450 13451 13452 13453 13454 13455 13456 13458 13547 13548 13549 \
	13550 13551 13552 13553 13554 13555 13556 13557 13558 13559 13647 \
	13648 13649 13650 13651 13652 13653 13654 13655 13656 13657 13658 \
	13659 13747 13748 13749 13750 13751 13752 13753 13754 13755 13756 \
	13757 13758 13759 13847 13848 13849 13850 13851 13852 13853 13854 \
	13855 13856 13857 13858 13859 13947 13948 13949 13950 13951 13952 \
	13953 13954 13955 13956 13957 13958 13959 13965 13966 14047 14048 \
	14049 14050 14051 14052 14053 14054 14055 14056 14060 14061 14062 \
	14063 14064 14065 14066 14149 14150 14151 14152 14153 14154 14155 \
	14156 14157 14158 14159 14160 14161 14162 14163 14164 14165 14166 \
	14167 14168 14249 14250 14251 14252 14253 14254 14255 14256 14257 \
	14258 14259 14260 14261 14268 14348 14349 14350 14351 14352 14353 \
	14354 14355 14356 14357 14358 14359 14360 14361 14368 14451 14452 \
	14453 14454 14455 14456 14457 14458 14459 14460 14468 14469 14470 \
	14471 14552 14553 14560 14571 14652 14653 14660 14671 14752 14753 \
	14754 14760 14771 14852 14853 14854 14860 14871 14952 14953 14960 \
	14971 15060 15071 15160 15171 15260 15271 15360 15368 15371 15460 \
	15468 15471 15560 15568 15571 15660 15668 15671 15760 15768 15769 \
	15770 15771 15772 15773 15860 15871 15873 15960 15971 15973 16060 \
	16071 16072 16073 16160 16171 16172 16260 16271 16272 16273 16274 \
	16275 16276 16277 16278 16279 16280 16281 16282 16283 16360 16370 \
	16371 16372 16460 16470 16471 16472 16473 16474 16555 16556 16557 \
	16558 16559 16560 16561 16562 16563 16564 16565 16566 16567 16568 \
	16569 16570 16571 16572 16574 16655 16660 16670 16671 16672 16673 \
	16674 16675 16676 16677 16678 16755 16760 16770 16771 16773 16774 \
	16855 16860 16867 16868 16869 16870 16871 16873 16874 16955 16956 \
	16957 16958 16959 16960 16961 16962 16963 16964 16965 16966 16967 \
	16968 16969 16970 16971 16972 16973 16974 17060 17067 17068 17069 \
	17071 17072 17073 17074 17160 17167 17168 17169 17170 17171 17173 \
	17174 17268 17269 17272 17273 17274 17367 17368 17369 17373 17468 \
	17469 17473 17568 17569 17570 17571 17572 17573 17668 17669 17673 \
	17768 17769 17770 17771 17772 17773 17868 17869 17870 17871 17872 \
	17873 17968 17969 17970 17971 17972 17973 17974 18068 18073 18074 \
	18173 18174 18273 18274 18373 18374 21584 23345 56959 57030 57081 \
	57154 57266 57371 57401 57477 57496 57625 57646 57679 57704 57826 \
	57842 57870 58112 58200 58325 58380 58493 58575 58600 58635 58666 \
	58707 58728 59517 60375 60698 60900 61096 61954 62042 62146 62757 \
	63311 63575 63674 64232 64297 65163 65425 65680 66105 66713 66938 \
	67062 68160 68460 68931 69180 69195 71420 71730 71910 72418 73045 \
	73056 73662 74118 74516 76007 76392 76580 78926 
 un 78059 74413 62935 
 uf 64393 125043 127065 108126 140800 
 am 62935 0 51853 53513 50762 53627 51853 53513 50762 \
	53627 
 am 66180 0 51853 53513 50762 53627 
 am 78059 0 51167 51454 51478 52468 52606 53436 54636 \
	55184 55374 55526 55749 56406 56542 56183 51632 
 am 78748 0 51853 53513 50762 53627 
CO
 li acccept 0 0
 ar 0 0 0 0 0 0 0 0
 st 1

78059 char 0
na Gruumsh, 'One-Eye'
il	1 22008 \
	54 12 \
	63 1 \
	69 2 \
	72 25 \
	74 42 \
	75 30 \
	84 1 \
	98 1 \
	74961 1 \
	105217 1
tl	1 54 1 200 0 0 0 0
LI
 wh 15368
CH
 lo 50762
 he 100
 lk 2
 lr 2
 sl	630 2 28 0 0 \
	900 2 42 0 0 \
	610 2 21 2 0 \
	904 2 21 0 0 \
	641 2 28 1 0 \
	907 2 21 0 0 \
	639 2 21 0 0 \
	911 2 21 0 0 \
	903 2 21 8 0 \
	650 2 28 0 0 \
	612 2 28 1 0 \
	653 2 28 0 0 \
	654 2 28 14 0 \
	901 2 28 0 0 \
	611 2 28 0 0
 at 80
 df 30
 dt 149 3 4443
CM
 im 1
 ma 6
 ca 6
 hs 1
MI
 ds Orc God
CO
 li fly n
 ar 0 1 15368 0 0 4 15468 0
 st 1
 ue 1
 de 4
 pr 2

74413 char 0
na Orc Trader
il	1 30 \
	54 2 \
	77316 1
tl	2 94 39 4 0 0 0 0
LI
 wh 16283
CH
 lo 50762
 he 100
 lk 3
 lr 28
 sl	730 2 21 0 0 \
	733 2 14 0 0 \
	732 2 14 1 0 \
	610 2 21 1 0 \
	630 2 28 0 0 \
	611 2 28 0 0 \
	612 2 28 1 0 \
	641 2 28 1 0
 at 80
 df 80
CM
 hs 1
CO
 li fly e
 ar 0 2 16283 0 0 3 16282 0
 st 1
 ue 1
 de 3
 pr 2

62935 char 0
na Nimroch Melarkyn
il	1 1214 \
	54 2
an 50762 
LI
 wh 58112
CH
 lo 50762
 he 100
 lk 2
 lr 1
 sl	720 2 21 0 0 \
	680 2 21 6 0 \
	721 2 14 20 0 \
	722 2 14 18 0 \
	610 2 21 15 0 \
	682 2 14 12 0 \
	617 2 14 14 0 \
	616 2 14 11 0 \
	630 2 28 0 0 \
	641 2 28 1 0 \
	612 2 28 1 0 \
	611 2 28 0 0
 at 80
 df 80
CM
 hs 1
CO
 li fly r52
 ar 58112 7 58112 0 0 1 16678 0
 st 1
 ue 1
 de 1
 pr 2

