50822 player pl_regular
na Universal Brotherhood
il	1 7100
ad 1599 3634 3843 3920 5934 6344 50822 51992 52793 \
	54134 54422 54684 55734 59068 67810 69471 72381 77196 77218 78501 
CH
PL
 fn Luis Figueira
 em bx006094@ip.pt
 ve universal.brotherhood@iname.com
 pw Gajas
 np 19
 ft 46
 lt 155
 kn 69 600 601 602 603 610 611 612 613 614 \
	615 616 617 630 631 632 633 634 635 636 637 \
	639 641 650 651 652 653 654 655 656 657 658 \
	659 661 670 671 672 673 674 680 682 690 692 \
	693 695 700 701 702 703 704 720 721 722 723 \
	730 731 732 733 750 751 752 753 754 755 756 \
	800 801 802 803 804 805 806 807 808 809 811 \
	812 813 814 820 821 822 823 824 825 826 827 \
	828 829 831 832 833 840 841 842 843 844 845 \
	846 847 848 849 851 852 860 861 862 863 864 \
	865 866 867 868 869 871 872 880 900 902 903 \
	904 905 906 907 908 909 911 1777 2751 2841 4087 \
	5674 8589 10116 10117 10118 10119 10120 10121 10122 10123 10124 \
	10125 10126 10201 10202 10203 10204 10205 10206 10207 10216 10217 \
	10218 10219 10220 10221 10222 10223 10224 10225 10226 10227 10284 \
	10285 10286 10287 10288 10289 10301 10316 10317 10318 10319 10320 \
	10321 10322 10323 10324 10325 10326 10327 10328 10329 10330 10384 \
	10385 10386 10387 10388 10389 10390 10391 10401 10416 10417 10418 \
	10419 10420 10421 10422 10423 10424 10425 10426 10427 10428 10429 \
	10430 10484 10485 10486 10487 10488 10489 10490 10491 10492 10493 \
	10494 10495 10496 10501 10505 10506 10507 10508 10509 10510 10511 \
	10512 10513 10514 10515 10516 10517 10518 10519 10520 10521 10522 \
	10523 10524 10525 10526 10527 10528 10584 10585 10586 10587 10588 \
	10589 10590 10591 10592 10593 10594 10595 10596 10601 10605 10606 \
	10607 10608 10616 10617 10623 10624 10625 10626 10627 10628 10684 \
	10685 10686 10687 10688 10689 10690 10691 10692 10693 10694 10695 \
	10696 10697 10701 10705 10715 10716 10717 10718 10719 10720 10721 \
	10722 10723 10724 10725 10726 10784 10785 10786 10787 10788 10789 \
	10790 10791 10792 10793 10794 10795 10796 10797 10801 10802 10803 \
	10804 10805 10806 10815 10884 10885 10886 10887 10888 10889 10890 \
	10891 10892 10893 10894 10895 10896 10900 10901 10902 10903 10904 \
	10905 10906 10907 10908 10909 10910 10915 10984 10985 10986 10987 \
	10988 10989 10990 10991 10992 10993 10994 10995 10996 10997 10998 \
	10999 11001 11002 11003 11004 11005 11006 11007 11008 11009 11010 \
	11012 11013 11014 11015 11084 11085 11086 11087 11088 11089 11090 \
	11091 11092 11093 11094 11095 11096 11097 11098 11101 11102 11103 \
	11104 11105 11106 11107 11108 11109 11110 11111 11112 11184 11185 \
	11186 11187 11188 11189 11190 11191 11192 11193 11194 11195 11196 \
	11197 11198 11200 11201 11202 11203 11204 11205 11206 11207 11208 \
	11209 11210 11284 11285 11286 11287 11288 11289 11290 11291 11292 \
	11293 11294 11295 11296 11297 11298 11299 11301 11304 11305 11306 \
	11307 11385 11386 11387 11388 11389 11390 11391 11392 11393 11394 \
	11395 11396 11397 11398 11399 11401 11402 11403 11404 11405 11485 \
	11486 11487 11488 11489 11490 11491 11492 11493 11494 11495 11496 \
	11497 11498 11499 11585 11586 11587 11588 11589 11590 11591 11592 \
	11593 11594 11595 11596 11597 11685 11686 11687 11688 11689 11690 \
	11691 11692 11693 11694 11695 11696 11697 11785 11786 11787 11788 \
	11789 11790 11791 11792 11793 11794 11795 11796 11885 11886 11894 \
	11895 11896 11985 11986 11994 11995 11996 12085 12086 12185 12186 \
	12285 12286 13703 13803 13903 13904 13905 13909 13910 13911 13912 \
	13913 13914 14000 14001 14002 14003 14004 14005 14006 14009 14010 \
	14011 14012 14013 14014 14015 14016 14017 14018 14100 14103 14104 \
	14105 14106 14109 14110 14111 14112 14113 14118 14200 14201 14202 \
	14203 14204 14205 14206 14207 14208 14209 14210 14213 14214 14218 \
	14219 14220 14221 14222 14304 14308 14310 14313 14314 14404 14408 \
	14409 14410 14412 14413 14504 14508 14509 14510 14511 14512 14516 \
	14517 14518 14604 14605 14606 14607 14608 14609 14610 14611 14612 \
	14613 14614 14615 14616 14617 14705 14706 14707 14708 14709 14710 \
	14711 14712 14713 14714 14715 14716 14806 14807 14808 57013 57019 \
	57222 57392 57397 57426 57540 57622 57643 58057 58085 58124 58150 \
	58159 58178 58288 58415 59040 59119 59556 60163 60943 61180 61840 \
	62230 62934 63862 64051 65717 65842 66505 66514 66764 67309 67857 \
	68544 70500 70951 73333 73577 73624 73748 74206 77286 77350 77393 \
	77580 77861 78636 98550 
 un 9913 1599 2518 
 uf 62436 76502 70968 80662 112278 
 am 1599 0 54684 55734 52793 3920 
 am 2518 0 54684 55734 52793 3920 
 am 3495 0 54684 55734 52793 3920 
 am 3516 0 54684 55734 52793 3920 
 am 3883 0 54684 55734 52793 3920 
 am 8589 0 54684 55734 52793 3920 
 am 9913 0 54684 55734 52793 3920 
CO
 li accept qn4 0 0
 ar 54294 0 0 0 0 0 0 0
 st 1

9913 char 0
na Tempest
il	1 3 \
	69 1 \
	81 1 \
	98 1 \
	271 12 \
	280 1 \
	281 1 \
	292 1 \
	73110 1
tl	2 94 9999 4 0 0 0 0 \
	2 99 9990 127 0 0 0 0
LI
 wh 11003
CH
 lo 50822
 he 100
 lk 2
 lr 1
 sl	610 2 21 5 0 \
	616 2 14 6 0 \
	612 2 28 1 0 \
	650 2 28 0 0 \
	652 2 28 0 0 \
	653 2 28 0 0 \
	617 2 14 1 0 \
	614 2 14 4 0 \
	654 2 28 40 0 \
	661 2 21 2 0 \
	655 2 14 0 0 \
	658 2 21 0 0 \
	611 2 28 0 0 \
	651 2 21 0 0 \
	656 2 14 0 0 \
	657 2 21 0 0 \
	659 2 21 0 0
 at 127
 df 104
CM
 vp 3
MI
 ds House of Lords
CO
 li use 614
 ar 0 0 0 0 0 0 0 614
 st 1
 us 614
 ue 1
 de 7
 pr 3

1599 char 0
na Hatchetman
il	1 1000 \
	69 1
LI
 wh 57392
CH
 lo 50822
 he 100
 lk 2
 lr 1
 sl	610 2 21 0 0 \
	616 2 14 17 0 \
	630 2 28 0 0 \
	631 2 14 5 0 \
	634 2 14 2 0 \
	632 2 14 1 0 \
	637 2 21 0 0 \
	635 2 28 0 0 \
	641 2 28 1 0 \
	639 2 21 0 0 \
	636 2 14 0 0 \
	670 2 28 0 0 \
	671 2 14 0 0 \
	672 2 21 0 0 \
	673 2 14 0 0 \
	674 2 21 0 0 \
	614 2 14 7 0 \
	611 2 28 0 0 \
	612 2 28 1 0 \
	617 2 14 0 0 \
	633 2 14 2 0
 at 165
 df 117
CM
 hs 1
 vp 3
CO
 li use 614
 ar 0 0 0 0 0 0 0 614
 st 1
 us 614
 ue 2
 de 7
 pr 3

2518 char 0
na Lord Torgo
LI
 wh 36677
CH
 lo 50822
 he 100
 lk 2
 lr 2
 sl	800 2 28 0 0 \
	860 2 35 0 0 \
	802 2 14 59 0 \
	840 2 35 0 0 \
	841 2 21 27 0 \
	862 2 14 0 0 \
	801 2 14 0 0 \
	809 2 21 0 0 \
	861 2 14 0 0 \
	813 2 21 13 0 \
	812 2 21 0 0 \
	846 2 21 0 0 \
	843 2 21 0 0 \
	803 2 14 6 0 \
	804 2 21 0 0 \
	849 2 21 1 0 \
	805 2 14 0 0 \
	848 2 21 0 0 \
	806 2 21 1 0 \
	807 2 21 1 0 \
	811 2 21 0 0 \
	808 2 21 0 0 \
	814 2 21 0 0 \
	847 2 21 0 0 \
	863 2 14 1 0 \
	610 2 21 0 0 \
	630 2 28 0 0 \
	864 2 14 0 0 \
	866 2 14 0 0 \
	900 2 42 0 0 \
	868 2 21 0 0 \
	905 2 21 0 0 \
	907 2 21 0 0 \
	909 2 21 0 0 \
	902 2 21 1 0 \
	908 2 28 0 0 \
	911 2 21 1 0 \
	906 2 21 0 0 \
	903 2 21 4 0 \
	852 2 21 0 0 \
	904 2 21 0 0 \
	842 2 14 2 0 \
	851 2 21 0 0 \
	844 2 21 0 0 \
	845 2 21 0 0 \
	869 2 14 0 0 \
	872 2 21 1 0 \
	867 2 21 0 0 \
	865 2 14 0 0 \
	871 2 21 0 0 \
	639 2 21 0 0 \
	641 2 28 1 0 \
	820 2 35 0 0 \
	821 2 21 0 0 \
	822 2 21 0 0 \
	823 2 21 0 0 \
	824 2 21 0 0 \
	825 2 21 0 0 \
	826 2 21 0 0 \
	827 1 0 0 0 \
	828 1 0 0 0 \
	829 1 0 0 0 \
	831 1 0 0 0 \
	832 1 0 0 0 \
	833 1 0 0 0 \
	880 2 42 0 0
 bh 9
 bp 50
 at 80
 df 30
 dt 224 15 6705
CM
 im 1
 ma 56
 ca 52
 rb 1
 hs 1
 kw 1
 vp 4
MI
 ds House of Lords
CO
 li collect 277 0 16
 ar 277 0 0 160 0 0 0 0
 st 1
 ue 5
 de 16
 po 1
 pr 3

