50837 player pl_regular
na Gaidin
il	1 1135 \
	77 50
an 50837 
CH
PL
 fn Dave Warnock
 em ewgunderson@hotmail.com,Warnockd@aol.com
 ve Warnockd@aol.com
 pw sidar & vinegar
 np 4
 ft 38
 so 1
 lt 260
 kn 69 600 601 602 603 610 611 612 613 614 \
	615 616 617 630 631 632 633 634 635 639 641 \
	650 651 652 653 654 655 656 657 658 661 670 \
	671 672 680 681 682 690 692 695 700 701 702 \
	703 704 705 706 720 721 722 723 730 731 732 \
	733 750 751 752 753 754 755 756 800 801 802 \
	803 804 805 806 807 808 809 811 812 813 814 \
	820 821 822 823 824 825 826 827 828 829 831 \
	832 833 840 841 842 843 844 845 846 847 848 \
	849 851 852 860 861 862 863 864 865 866 867 \
	868 869 871 872 880 881 882 883 884 885 886 \
	887 888 889 891 892 893 894 900 901 902 903 \
	904 905 906 907 908 909 911 920 921 922 1206 \
	1714 2068 2391 2468 2551 2857 3084 3225 3287 4681 5532 \
	5895 6160 8170 8831 13259 13262 13345 13357 13358 13359 13360 \
	13361 13362 13366 13367 13368 13369 13370 13445 13446 13447 13448 \
	13449 13455 13456 13457 13458 13461 13462 13466 13467 13468 13469 \
	13470 13471 13549 13550 13551 13552 13553 13554 13555 13558 13559 \
	13562 13566 13567 13568 13569 13570 13571 13572 13658 13659 13660 \
	13661 13662 13663 13671 13758 13759 13760 13761 13763 13771 13772 \
	13773 13774 13775 13776 13858 13859 13860 13861 13863 13870 13871 \
	13872 13876 13958 13959 13960 13961 13962 13963 13970 13971 13972 \
	13973 13974 13975 13976 14058 14059 14061 14063 14070 14072 14073 \
	14074 14075 14076 14156 14157 14158 14159 14160 14161 14162 14163 \
	14164 14165 14166 14167 14168 14169 14170 14171 14172 14173 14174 \
	14175 14176 14254 14255 14256 14257 14258 14259 14260 14261 14262 \
	14263 14264 14265 14266 14267 14268 14269 14270 14271 14272 14273 \
	14274 14275 14276 14355 14356 14357 14358 14359 14361 14362 14363 \
	14364 14365 14366 14367 14368 14369 14370 14371 14372 14373 14374 \
	14375 14376 14457 14458 14459 14461 14462 14463 14464 14465 14466 \
	14467 14468 14469 14470 14471 14472 14473 14474 14475 14476 14477 \
	14558 14559 14560 14561 14562 14563 14564 14565 14566 14567 14568 \
	14569 14570 14571 14572 14573 14574 14575 14576 14577 14578 14579 \
	14658 14659 14660 14661 14662 14663 14665 14666 14667 14668 14669 \
	14670 14671 14672 14673 14674 14676 14677 14679 14755 14756 14757 \
	14758 14759 14760 14761 14763 14765 14766 14767 14768 14770 14771 \
	14772 14776 14777 14778 14779 14780 14781 14855 14858 14859 14860 \
	14861 14862 14863 14864 14865 14866 14867 14868 14869 14870 14871 \
	14872 14876 14877 14878 14879 14880 14881 14955 14958 14959 14960 \
	14961 14962 14963 14964 14965 14966 14967 14968 14969 14970 14971 \
	14972 14973 14974 14976 14978 14979 14980 14981 15051 15052 15053 \
	15054 15055 15058 15059 15060 15061 15062 15063 15064 15065 15066 \
	15067 15068 15069 15070 15071 15072 15073 15074 15076 15078 15079 \
	15080 15081 15151 15158 15159 15160 15161 15162 15163 15164 15165 \
	15166 15167 15168 15169 15170 15171 15172 15173 15174 15175 15176 \
	15177 15178 15179 15180 15181 15249 15250 15251 15258 15259 15260 \
	15261 15262 15263 15264 15265 15266 15269 15270 15271 15272 15273 \
	15274 15276 15277 15278 15279 15280 15281 15349 15350 15351 15361 \
	15362 15364 15365 15366 15367 15368 15369 15370 15371 15372 15373 \
	15374 15375 15376 15377 15379 15380 15381 15451 15461 15462 15463 \
	15464 15465 15466 15467 15469 15471 15474 15477 15481 15551 15561 \
	15562 15564 15565 15567 15569 15571 15574 15651 15652 15653 15661 \
	15662 15663 15664 15665 15667 15668 15669 15670 15671 15672 15673 \
	15674 15753 15761 15762 15763 15764 15765 15766 15767 15768 15769 \
	15771 15853 15854 15861 15864 15865 15866 15867 15868 15869 15871 \
	15873 15874 15879 15880 15953 15954 15955 15956 15957 15958 15959 \
	15960 15961 15962 15963 15964 15965 15966 15967 15968 15969 15971 \
	15973 15974 15980 15981 15982 15983 16051 16052 16053 16054 16060 \
	16061 16062 16063 16064 16065 16066 16067 16068 16069 16070 16071 \
	16072 16073 16074 16075 16076 16077 16078 16079 16080 16081 16082 \
	16083 16151 16153 16154 16155 16160 16161 16162 16163 16164 16165 \
	16166 16167 16168 16169 16170 16174 16175 16176 16177 16178 16179 \
	16180 16181 16182 16251 16252 16253 16254 16255 16256 16257 16258 \
	16259 16260 16261 16262 16263 16264 16265 16266 16267 16268 16269 \
	16270 16277 16282 16354 16355 16360 16362 16363 16364 16365 16366 \
	16367 16368 16369 16370 16377 16378 16379 16382 16455 16456 16457 \
	16458 16459 16460 16465 16466 16467 16468 16469 16479 16480 16481 \
	16482 20268 20352 20556 20560 20647 20687 20812 20834 20895 21087 \
	21566 21817 21966 22170 22273 22882 23041 23220 23268 23331 23550 \
	24698 24820 24907 24973 25340 25423 25606 26239 26243 26269 26278 \
	26365 26874 27086 27354 27368 27402 28022 28157 28911 29270 29282 \
	29367 29583 29672 29768 29932 30003 30145 30865 31131 31149 31495 \
	31834 32032 32510 33314 33346 33473 33927 34018 34019 34690 35431 \
	35610 35874 35883 35891 36001 36218 36315 36336 36746 36907 37032 \
	37059 37360 37449 37527 37626 37943 38923 39167 39199 39608 39846 \
	39884 39941 39993 40729 40828 41278 41370 41417 41693 41724 41819 \
	42392 42443 42503 42579 42588 42798 43490 44433 44780 45318 45708 \
	46170 46437 46581 46983 47181 47309 47392 47395 48789 49701 56848 \
	56867 57149 57294 57352 57355 57368 57502 57516 57539 57686 57731 \
	57757 57870 57874 58006 58073 58105 58139 58200 58270 58324 58349 \
	58493 58615 58643 58670 58716 58736 60055 60465 61096 61409 61457 \
	62112 62345 62349 62449 62796 63225 63233 63252 63615 64355 65018 \
	66303 66609 66688 66791 68369 68708 69174 69255 69979 70255 70385 \
	71645 72361 72375 72811 72824 73184 73819 74312 75525 76425 76475 \
	77433 78217 78298 143309 
 un 60037 9545 64127 9440 64529 7590 67277 3017 6058 
 uf 62644 62652 75140 92424 131927 
 am 1055 0 50535 50837 51323 53249 54295 54172 54935 \
	55263 55275 56297 56309 56455 56746 
 am 1071 0 50535 50837 51323 54172 54935 55263 55275 
 am 1127 0 50535 50837 51323 53249 54295 54172 54935 \
	55263 55275 56297 56309 56455 56746 
 am 1152 0 50535 50837 51323 54172 54935 55263 55275 
 am 1206 0 50535 50837 51323 53249 54295 54172 54935 \
	55263 55275 56297 56309 56455 56746 
 am 1267 1 
 am 1362 1 
 am 1400 1 
 am 1585 0 50535 50837 51323 53249 54295 54172 54935 \
	55263 55275 56297 56309 56455 56746 
 am 1685 0 50535 50837 51323 53249 54295 54172 54935 \
	55263 55275 56297 56309 56455 56746 
 am 1712 0 50535 50837 51323 53249 54172 54295 54404 \
	54597 54587 54935 55263 55275 56297 56309 56455 56746 
 am 1714 1 
 am 1742 0 50535 50837 51323 54172 54935 55263 55275 \
	56297 56309 56455 
 am 1843 1 
 am 1856 0 50535 50837 51323 53249 54295 54172 54935 \
	55263 55275 56297 56309 56455 56746 
 am 2068 0 50535 50837 51323 53249 54295 54172 54935 \
	55263 55275 56297 56309 56455 56746 
 am 2069 0 50535 50837 51323 54172 54935 55263 55275 
 am 2136 1 
 am 2391 0 50535 50837 51323 53249 54295 54172 54935 \
	55263 55275 56297 56309 56455 56746 
 am 2444 1 
 am 2468 0 50535 50837 51323 53249 54172 54295 54404 \
	54597 54587 54935 55263 55275 56297 56309 56455 56746 
 am 2509 0 50535 50837 51323 53249 54295 54172 54935 \
	55263 55275 56297 56309 56455 56746 
 am 2551 0 50535 50837 51323 53249 54172 54295 54404 \
	54587 54935 55263 55275 56297 56309 56455 56746 
 am 3017 0 50535 50837 51323 53249 54172 54295 54587 \
	54935 55263 55275 56297 56309 56455 56746 
 am 3070 1 
 am 3084 0 50535 51323 54172 54935 56455 56746 50837 
 am 3287 0 50535 50837 51323 53249 54172 54295 54404 \
	54597 54587 54935 55263 55275 56297 56309 56455 56746 
 am 3852 0 50535 50837 51323 54172 54935 55263 55275 
 am 4036 1 
 am 4303 1 
 am 4399 0 50535 50837 51323 53249 54295 54172 54935 \
	55263 55275 56297 56309 56455 56746 
 am 4681 0 50535 50837 51323 53249 54172 54295 54404 \
	54597 54587 54935 55263 55275 56297 56309 56455 56746 
 am 4768 1 
 am 4933 0 50535 50837 51323 54172 54935 55263 55275 
 am 5353 0 50535 50837 51323 54172 54935 55263 55275 
 am 5520 0 50535 50837 51323 53249 54295 54172 54935 \
	55263 55275 56297 56309 56455 56746 
 am 5532 0 50535 51323 54172 54935 56455 56746 50837 
 am 5739 0 50535 50837 51323 53249 54295 54172 54935 \
	55263 55275 56297 56309 56455 56746 
 am 5787 0 50535 50837 51323 54172 54935 55263 55275 
 am 5895 0 50535 50837 51323 53249 54172 54295 54404 \
	54597 54587 54935 55263 55275 56297 56309 56455 56746 
 am 6058 0 50535 50837 51323 53249 54172 54295 54587 \
	54935 55263 55275 56297 56309 56455 56746 
 am 6160 0 50535 50837 51323 53249 54172 54295 54404 \
	54597 54587 54935 55263 55275 56297 56309 56455 56746 
 am 6575 0 50535 50837 51323 54172 54935 55263 55275 
 am 6821 0 50535 50837 51323 54172 54935 55263 55275 \
	56297 56309 56455 
 am 6852 0 50535 50837 51323 53249 54295 54172 54935 \
	55263 55275 56297 56309 56455 56746 
 am 7301 1 
 am 7428 0 50535 50837 51323 53249 54172 54935 55263 \
	55275 56297 56309 56746 
 am 7590 0 50535 50837 51323 53249 54172 54295 54587 \
	54935 55263 55275 56297 56309 56455 56746 
 am 7699 0 50535 50837 51323 53249 54295 54172 54935 \
	55263 55275 56297 56309 56455 56746 
 am 7769 0 50535 50837 51323 53249 54295 54172 54935 \
	55263 55275 56297 56309 56455 56746 
 am 7879 1 
 am 7911 0 50535 50837 51323 54172 54935 55263 55275 
 am 8130 0 50535 50837 51323 53249 54295 54172 54935 \
	55263 55275 56297 56309 56455 56746 50535 50837 51323 53249 54295 
 am 8831 0 50535 50837 51323 53249 54172 54295 54404 \
	54597 54587 54935 55263 55275 56297 56309 56455 56746 
 am 8951 0 50535 50837 51323 54172 54935 55263 55275 
 am 9022 0 50535 50837 51323 53249 54295 54172 54935 \
	55263 55275 56297 56309 56455 56746 
 am 9440 0 50535 50837 51323 53249 54172 54295 54587 \
	54935 55263 55275 56297 56309 56455 56746 
 am 9516 0 50535 50837 51323 54172 54935 55263 55275 
 am 9545 0 50535 50837 51323 53249 54172 54295 54587 \
	54935 55263 55275 56297 56309 56455 56746 
 am 9549 0 50535 50837 51323 53249 54172 54295 54404 \
	54597 54587 54935 55263 55275 56297 56309 56455 56746 
 am 9714 0 50535 50837 51323 54172 54935 55263 55275 
 am 9835 0 50535 50837 51323 54172 54935 55263 55275 
 am 9896 0 50535 50837 51323 54172 54935 55263 55275 
 am 56814 1 
 am 57165 0 50535 50837 51323 53249 54295 54172 54935 \
	55263 55275 56297 56309 56455 56746 
 am 57266 0 50535 50837 51323 54172 54935 55263 55275 
 am 57294 1 
 am 57477 0 50535 50837 51323 54172 54935 55263 55275 
 am 57496 1 
 am 57539 1 
 am 57686 0 50535 50837 51323 53249 54295 54172 54935 \
	55263 55275 56297 56309 56455 56746 
 am 57731 0 50535 50837 51323 53249 54295 54172 54935 \
	55263 55275 56297 56309 56455 56746 
 am 57826 0 50535 50837 51323 54172 54935 55263 55275 \
	56297 56309 56455 
 am 57870 1 
 am 58073 0 50535 50837 51323 53249 54295 54172 54935 \
	55263 55275 56297 56309 56455 56746 
 am 58270 1 
 am 58315 1 
 am 58349 1 
 am 58493 0 50535 51323 54172 54935 56455 56746 50837 
 am 58615 1 
 am 58643 0 50535 50837 51323 54172 54935 55263 55275 
 am 58716 1 
 am 58736 0 50535 50837 51323 54172 54935 55263 55275 \
	56297 56309 56455 
 am 58755 1 
 am 59101 0 50535 51323 54172 54935 56455 56746 50837 
 am 59516 0 50535 50837 51323 53249 54295 54172 54935 \
	55263 55275 56297 56309 56455 56746 
 am 60465 0 50535 50837 51323 53249 54295 54172 54587 \
	54935 55263 55275 56297 56309 56455 56746 
 am 60621 1 
 am 61096 1 
 am 62345 0 50535 50837 51323 53249 54295 54172 54935 \
	55263 55275 56297 56309 56455 56746 
 am 62449 0 50535 50837 51323 53249 54295 54172 54935 \
	55263 55275 56297 56309 56455 56746 
 am 62492 1 
 am 62497 1 
 am 62796 1 
 am 63667 1 
 am 64121 0 50535 50837 51323 54172 54935 55263 55275 
 am 64596 0 50535 50837 51323 53249 54295 54172 54935 \
	55263 55275 56297 56309 56455 56746 
 am 64812 1 
 am 65369 0 50535 50837 51323 54172 54935 55263 55275 
 am 65374 1 
 am 65403 1 
 am 66084 1 
 am 66105 1 
 am 66185 1 
 am 66262 0 50535 50837 51323 53249 54295 54172 54935 \
	55263 55275 56297 56309 56455 56746 
 am 66303 0 50535 50837 51323 53249 54295 54172 54935 \
	55263 55275 56297 56309 56455 56746 
 am 66688 0 50535 50837 51323 53249 54295 54172 54935 \
	55263 55275 56297 56309 56455 56746 
 am 66791 0 50535 50837 51323 54172 54935 55263 55275 
 am 66799 0 50535 50837 51323 54172 54935 55263 55275 \
	56297 56309 56455 
 am 67471 1 
 am 68095 1 
 am 68249 1 
 am 68708 0 50535 50837 51323 53249 54295 54172 54935 \
	55263 55275 56297 56309 56455 56746 
 am 69593 1 
 am 70102 0 50535 50837 51323 53249 54295 54172 54935 \
	55263 55275 56297 56309 56455 56746 
 am 70123 0 50535 50837 51323 53249 54295 54172 54935 \
	55263 55275 56297 56309 56455 56746 
 am 70255 0 50535 50837 51323 53249 54295 54172 54935 \
	55263 55275 56297 56309 56455 56746 
 am 70266 0 50535 50837 51323 54172 54935 55263 55275 
 am 70370 1 
 am 70385 1 
 am 70782 0 50535 50837 51323 53249 54295 54172 54935 \
	55263 55275 56297 56309 56455 56746 
 am 70883 1 
 am 71068 1 
 am 71147 0 50535 50837 51323 53249 54295 54172 54935 \
	55263 55275 56297 56309 56455 56746 
 am 71882 0 50535 50837 51323 53249 54295 54172 54935 \
	55263 55275 56297 56309 56455 56746 
 am 72081 0 50535 50837 51323 53249 54295 54172 54935 \
	55263 55275 56297 56309 56455 56746 
 am 72124 0 50535 50837 51323 53249 54295 54172 54935 \
	55263 55275 56297 56309 56455 56746 
 am 72149 0 50535 50837 51323 53249 54172 54295 54404 \
	54597 54587 54935 55263 55275 56297 56309 56455 56746 
 am 72380 0 50535 50837 51323 53249 54295 54172 54935 \
	55263 55275 56297 56309 56455 56746 
 am 72727 1 
 am 72824 0 50535 50837 51323 53249 54295 54172 54587 \
	54935 55263 55275 56297 56309 56455 56746 
 am 73102 1 
 am 73104 0 50535 50837 51323 53249 54172 54295 54404 \
	54597 54587 54935 55263 55275 56297 56309 56455 56746 
 am 73454 0 50535 50837 51323 53249 54295 54172 54935 \
	55263 55275 56297 56309 56455 56746 
 am 74441 1 
 am 74490 0 50535 50837 51323 53249 54172 54295 54404 \
	54597 54587 54935 55263 55275 56297 56309 56455 56746 
 am 74578 0 50535 50837 51323 53249 54295 54172 54935 \
	55263 55275 56297 56309 56455 56746 
 am 74786 0 50535 50837 51323 53249 54295 54172 54935 \
	55263 55275 56297 56309 56455 56746 
 am 75926 1 
 am 76425 0 50535 50837 51323 53249 54295 54172 54935 \
	55263 55275 56297 56309 56455 56746 
 am 77285 0 50535 50837 51323 53249 54295 54172 54935 \
	55263 55275 56297 56309 56455 56746 
 am 77698 0 50535 50837 51323 53249 54295 54172 54935 \
	55263 55275 56297 56309 56455 56746 
 am 77895 0 50535 50837 51323 53249 54295 54172 54935 \
	55263 55275 56297 56309 56455 56746 
 am 78217 1 
 am 78462 0 50535 50837 51323 54172 54935 55263 55275 
 am 78554 0 50535 50837 51323 53249 54295 54172 54935 \
	55263 55275 56297 56309 56455 56746 
 am 78701 0 50535 50837 51323 54172 54935 55263 55275 
 am 78832 0 50535 50837 51323 53249 54295 54172 54935 \
	55263 55275 56297 56309 56455 56746 
 am 78835 0 50535 50837 51323 54172 54935 55263 55275 
 am 78890 1 
 am 78954 1 
 am 125522 0 50535 50837 51323 53249 54172 54295 54404 \
	54597 54587 54935 55263 55275 56297 56309 56455 56746 
CO
 li accept zy6 0
 ar 56746 0 0 0 0 0 0 0
 st 1

60037 char 0
na Lothar
il	54 2 \
	98 2
an 4339 
LI
 wh 13558
CH
 lo 50837
 he 100
 lk 3
 lr 63
 sl	610 2 21 53 0 \
	612 2 28 1 0 \
	630 2 28 0 0 \
	639 2 21 0 0 \
	641 2 28 1 0 \
	611 2 28 0 0 \
	614 2 14 31 0
 bh 3
 at 80
 df 203
CM
 hs 1
CO
 li use 614
 ar 614 0 0 0 0 0 0 0
 wa -1
 st 1
 ue 4
 po 1
 pr 3

9545 char 0
na Mandrake
il	1 1457 \
	54 19 \
	59149 1 \
	59158 1 \
	63118 1 \
	65705 1 \
	75390 1 \
	77032 1 \
	77035 1 \
	80126 1 \
	82356 1 \
	149179 1
tl	2 95 91 7 0 0 0 0
LI
 wh 64021
CH
 lo 50837
 he 100
 lk 2
 lr 2
 sl	800 2 28 0 0 \
	610 2 21 15 0 \
	614 2 14 22 0 \
	802 2 14 26 0 \
	612 2 28 1 0 \
	615 2 21 5 0 \
	616 2 14 2 0 \
	801 2 14 1 0 \
	803 2 14 0 0 \
	720 2 21 0 0 \
	690 2 28 0 0 \
	730 2 21 0 0 \
	721 2 14 0 0 \
	804 2 21 0 0 \
	805 2 14 0 0 \
	808 2 21 10 0 \
	807 2 21 7 0 \
	809 2 21 0 0 \
	732 2 14 1 0 \
	733 2 14 0 0 \
	722 2 14 0 0 \
	812 2 21 0 0 \
	813 2 21 64 0 \
	806 2 21 10 0 \
	695 2 21 0 0 \
	811 2 21 0 0 \
	840 2 35 0 0 \
	841 2 21 9 0 \
	814 2 21 0 0 \
	842 2 14 0 0 \
	849 2 21 7 0 \
	851 2 21 6 0 \
	630 2 28 0 0 \
	844 2 21 0 0 \
	900 2 42 0 0 \
	639 2 21 0 0 \
	641 2 28 1 0 \
	843 2 21 0 0 \
	845 2 21 5 0 \
	846 2 21 0 0 \
	847 2 21 1 0 \
	848 2 21 0 0 \
	852 2 21 0 0 \
	904 2 21 0 0 \
	905 2 21 0 0 \
	906 2 21 0 0 \
	907 2 21 0 0 \
	908 2 28 4 0 \
	909 2 21 1 0 \
	911 2 21 0 0 \
	692 2 21 0 0 \
	903 2 21 41 0 \
	901 2 28 0 0 \
	902 2 21 0 0 \
	617 2 14 0 0 \
	650 2 0 0 0 \
	654 2 0 8 0 \
	653 2 0 0 0 \
	680 2 21 0 0 \
	880 2 42 0 0 \
	881 2 14 1 0 \
	882 2 14 0 0 \
	883 2 14 0 0 \
	884 2 28 0 0 \
	885 2 14 0 0 \
	886 2 14 0 0 \
	887 2 21 0 0 \
	888 2 21 0 0 \
	889 2 21 0 0 \
	891 2 21 0 0 \
	892 2 21 0 0 \
	860 2 0 0 0 \
	861 2 0 0 0 \
	862 2 0 0 0 \
	863 2 0 0 0 \
	864 2 0 0 0 \
	865 2 0 0 0 \
	866 2 0 0 0 \
	867 2 0 0 0 \
	868 2 0 0 0 \
	869 2 0 0 0 \
	871 2 0 0 0 \
	872 2 0 0 0 \
	611 2 28 0 0 \
	820 2 0 0 0 \
	821 2 0 0 0 \
	822 2 0 0 0 \
	823 2 0 0 0 \
	825 2 0 0 0 \
	826 2 0 0 0 \
	827 2 0 1 0 \
	828 2 0 0 0 \
	829 2 0 1 0 \
	831 2 0 0 0 \
	832 2 0 1 0 \
	833 2 0 0 0 \
	824 2 0 0 0 \
	652 2 28 0 0 \
	893 2 21 0 0 \
	894 2 21 0 0 \
	920 2 0 0 0 \
	922 2 28 3 0 \
	921 2 28 0 0 \
	731 2 14 0 0
 bh 3
 ra 70
 at 88
 df 144
 mi 72
 ct 50333 50535 50797 50837 51323 51665 51853 53249 53513 \
	53627 54172 54295 54404 54587 54597 54935 54948 55115 55263 55275 \
	55705 56223 56297 56309 56363 56455 56746 50333 50535 50797 50837 \
	51323 51665 51853 53249 53513 53627 54172 54295 54404 54587 54597 \
	54935 54948 55115 55263 55275 55705 56223 56297 56309 56363 56455 \
	56746 50333 50535 50797 50837 51323 51665 51853 53249 53513 53627 \
	54172 54295 54404 54587 54597 54935 54948 55115 55263 55275 55705 \
	56223 56297 56309 56363 56455 56746 50333 50535 50797 50837 51323 \
	51665 51853 53249 53513 53627 54172 54295 54404 54587 54597 54935 \
	54948 55115 55263 55275 55705 56223 56297 56309 56363 56455 56746 \
	50333 50535 50797 50837 51323 51665 51853 53249 53513 53627 54172 \
	54295 54404 54587 54597 54935 54948 55115 55263 55275 55705 56223 \
	56297 56309 56363 56455 56746 50333 50535 50797 50837 51323 51665 \
	51853 53249 53513 53627 54172 54295 54404 54587 54597 54935 54948 \
	55115 55263 55275 55705 56223 56297 56309 56363 56455 56746 50333 \
	50535 50797 50837 51323 51665 51853 53249 53513 53627 54172 54295 \
	54404 54587 54597 54935 54948 55115 55263 55275 55705 56223 56297 \
	56309 56363 56455 56746 
 dt 129 1 3841
CM
 im 1
 ma 4
 ca 154
 hs 1
 kw 1
 vp 12
 pl 59379
 ar 59149
CO
 li breed 54 54
 ar 54 54 0 0 0 0 0 0
 cs 2
 wa 3
 st 1
 ue 1
 de 3
 pr 3

64127 char 0
na Ronnie
il	1 369 \
	54 3
ah 77034 
LI
 wh 13658
CH
 lo 50837
 he 100
 lk 3
 lr 896
 sl	700 2 21 0 0 \
	702 2 14 36 0 \
	703 2 14 5 0 \
	610 2 21 55 0 \
	614 2 14 42 0 \
	704 2 14 0 0 \
	617 2 14 1 0 \
	630 2 28 0 0 \
	639 2 21 0 0 \
	641 2 28 1 0 \
	612 2 28 0 0 \
	616 2 14 19 0 \
	611 2 28 0 0
 bh 3
 bp 50
 at 137
 df 162
 dt 134 2 3992
CM
 hs 1
CO
 li explore
 ar 0 0 0 0 0 0 0 0
 cs 2
 wa 5
 st 1
 ue 5
 de 2
 pr 3

9440 char 0
na Ba'alzamon
il	1 190 \
	54 1
LI
 wh 13659
CH
 lo 50837
 he 100
 lk 2
 lr 1
 sl	630 2 28 0 0 \
	610 2 21 48 0 \
	617 2 14 7 0 \
	612 2 28 1 0 \
	614 2 14 29 0 \
	615 2 21 11 0 \
	670 2 28 0 0 \
	639 2 21 0 0 \
	641 2 28 1 0 \
	616 2 14 7 0 \
	671 2 14 1 0 \
	672 2 21 0 0 \
	611 2 28 0 0
 bh 3
 at 124
 df 177
 mi 81
 dt 225 27 6747
CM
 hs 1
 vp 7
CO
 li use 614
 ar 0 0 0 0 0 0 0 614
 cs 2
 wa 1
 st 1
 us 614
 ue 4
 de 5
 pr 3

64529 char 0
na Tinklebell
il	1 1076 \
	54 2 \
	64 15 \
	80458 1
tl	2 93 26 17 0 0 0 0
LI
 wh 13663
CH
 lo 50837
 pl 100
 he 100
 lk 3
 lr 72
 sl	610 2 21 28 0 \
	600 2 21 0 0 \
	630 2 28 0 0 \
	680 2 21 0 0 \
	700 2 21 0 0 \
	706 2 14 15 0 \
	702 2 14 0 0 \
	612 2 28 1 0 \
	602 2 14 0 0 \
	639 2 21 0 0 \
	601 2 14 1 0 \
	614 2 14 10 0 \
	616 2 14 2 0 \
	615 2 21 3 0 \
	682 2 14 0 0 \
	631 2 14 5 0 \
	617 2 14 0 0 \
	613 2 14 0 0 \
	703 2 14 0 0 \
	705 2 14 0 0 \
	635 2 28 0 0 \
	632 2 14 0 0 \
	603 2 14 0 0 \
	611 2 28 0 0 \
	704 2 14 5 0
 at 88
 df 119
 mi 56
CO
 li explore
 ar 0 0 0 0 0 0 0 0
 cs 2
 wa 4
 st 1
 ue 2
 de 3
 pr 3

7590 char 0
na Asmodean
il	54 1
tl	2 95 7 50 0 0 0 0 \
	2 69408 7 124 0 0 0 0
an 2830 50837 
LI
 wh 13972
CH
 lo 50837
 he 100
 lk 3
 lr 824
 sl	680 2 21 0 0 \
	610 2 21 45 0 \
	700 2 21 0 0 \
	682 2 14 13 0 \
	614 2 14 16 0 \
	702 2 14 23 0 \
	703 2 14 66 0 \
	615 2 21 63 0 \
	612 2 28 1 0 \
	616 2 14 1 0 \
	617 2 14 94 0 \
	704 2 14 0 0 \
	705 2 14 0 0 \
	701 2 14 0 0 \
	681 2 14 0 0 \
	613 2 14 0 0 \
	720 2 21 0 0 \
	721 2 14 0 0 \
	722 2 14 0 0 \
	611 2 28 0 0 \
	630 2 28 0 0 \
	670 2 28 0 0 \
	639 2 21 0 0 \
	641 2 28 1 0 \
	671 2 14 0 0 \
	672 2 21 0 0
 at 83
 df 140
 mi 334
CM
 hs 1
 pl 4972
CO
 li give garrison 10 0
 ar 5454 10 0 0 0 0 0 0
 st 1
 ue 5
 pr 1

67277 char 0
na Zardoz
il	1 200 \
	18 7 \
	54 14 \
	77280 1 \
	78278 1 \
	146939 1
tl	2 95 12 7 0 0 0 0
LI
 wh 6160
CH
 lo 50837
 pl 51323
 he 100
 lk 3
 lr 983
 sl	800 2 28 0 0 \
	802 2 14 36 0 \
	730 2 21 0 0 \
	733 2 14 0 0 \
	732 2 14 0 0 \
	610 2 21 2 0 \
	801 2 14 2 0 \
	690 2 28 0 0 \
	680 2 21 1 0 \
	803 2 14 6 0 \
	804 2 21 0 0 \
	805 2 14 0 0 \
	612 2 28 1 0 \
	614 2 14 23 0 \
	807 2 21 4 0 \
	809 2 21 3 0 \
	811 2 21 0 0 \
	813 2 21 37 0 \
	806 2 21 8 0 \
	808 2 21 0 0 \
	812 2 21 0 0 \
	814 2 21 0 0 \
	840 2 35 0 0 \
	849 2 21 24 0 \
	851 2 21 11 0 \
	842 2 14 4 0 \
	843 2 21 0 0 \
	844 2 21 0 0 \
	845 2 21 11 0 \
	846 2 21 4 0 \
	847 2 21 0 0 \
	852 2 21 0 0 \
	630 2 28 0 0 \
	639 2 21 0 0 \
	641 2 28 1 0 \
	848 2 21 0 0 \
	841 2 21 0 0 \
	900 2 42 0 0 \
	904 2 21 0 0 \
	905 2 21 0 0 \
	906 2 21 0 0 \
	907 2 21 1 0 \
	908 2 28 0 0 \
	909 2 21 1 0 \
	911 2 21 0 0 \
	901 2 28 0 0 \
	820 2 35 0 0 \
	824 2 21 1 0 \
	903 2 21 12 0 \
	825 2 21 0 0 \
	826 2 21 0 0 \
	827 2 21 18 0 \
	828 2 21 0 0 \
	829 2 21 1 0 \
	831 2 28 0 0 \
	832 2 21 1 0 \
	833 2 21 0 0 \
	902 2 21 0 0 \
	880 2 42 0 0 \
	650 2 28 0 0 \
	884 2 28 0 0 \
	885 2 14 0 0 \
	886 2 14 0 0 \
	887 2 21 0 0 \
	888 2 21 0 0 \
	889 2 21 0 0 \
	891 2 21 0 0 \
	892 2 21 0 0 \
	893 2 21 0 0 \
	894 2 21 0 0 \
	881 2 14 1 0 \
	821 2 21 0 0 \
	822 2 21 0 0 \
	823 2 21 0 0 \
	860 2 35 0 0 \
	862 2 14 1 0 \
	861 2 14 0 0 \
	882 2 14 0 0 \
	863 2 14 0 0 \
	864 2 14 0 0 \
	865 2 14 0 0 \
	866 2 14 0 0 \
	867 2 21 0 0 \
	868 2 21 0 0 \
	869 2 14 0 0 \
	871 2 21 0 0 \
	872 2 21 0 0 \
	883 2 14 0 0 \
	920 2 0 0 0 \
	922 2 28 1 0 \
	921 2 28 0 0 \
	654 2 28 8 0 \
	611 2 28 0 0 \
	731 2 14 0 0 \
	653 2 28 0 0 \
	652 2 28 0 0 \
	615 1 14 0 0
 bh 5
 ra 70
 at 80
 df 152
 ct 110432 147942 88189 147255 98151 114642 68363 112910 50333 \
	50535 50797 50837 51323 51665 51853 53249 53513 53627 54172 54295 \
	54404 54587 54597 54935 54948 55115 55263 55275 55705 56223 56297 \
	56309 56363 56455 56746 50333 50535 50797 50837 51323 51665 51853 \
	53249 53513 53627 54172 54295 54404 54587 54597 54935 54948 55115 \
	55263 55275 55705 56223 56297 56309 56363 56455 56746 50333 50535 \
	50797 50837 51323 51665 51853 53249 53513 53627 54172 54295 54404 \
	54587 54597 54935 54948 55115 55263 55275 55705 56223 56297 56309 \
	56363 56455 56746 
CM
 im 1
 ma 3
 ca 155
 hs 1
 kw 1
 vp 12
 pl 3282
 ar 78278
MI
 ds A Musketeer astride a horse rampant =
CO
 li make 18 12
 ar 18 12 12 4 0 0 0 0
 cs 2
 wa -1
 st 1
 ue 5
 de 4
 po 1
 pr 3

3017 char 0
na Rand al'Thor
il	1 700 \
	54 1
an 63348 
LI
 wh 6160
CH
 lo 50837
 he 100
 lk 2
 lr 1
 sl	610 2 21 18 0 \
	612 2 28 1 0 \
	611 2 28 0 0 \
	614 2 14 28 0 \
	617 2 14 4 0 \
	616 2 14 2 0 \
	630 2 28 0 0 \
	615 2 21 52 0 \
	639 2 21 0 0 \
	641 2 28 1 0 \
	670 2 28 0 0 \
	671 2 14 0 0 \
	820 2 35 0 0 \
	900 2 42 0 0 \
	840 2 35 0 0 \
	904 2 21 0 0 \
	905 2 21 0 0 \
	906 2 21 0 0 \
	907 2 21 0 0 \
	908 2 28 2 0 \
	909 2 21 0 0 \
	911 2 21 0 0 \
	901 2 28 0 0 \
	903 2 21 18 0 \
	841 2 21 0 0 \
	821 2 21 0 0 \
	631 2 14 0 0 \
	632 2 14 0 0 \
	633 2 14 0 0 \
	842 2 14 0 0 \
	843 2 21 0 0 \
	844 2 21 0 0 \
	845 2 21 0 0 \
	846 2 21 0 0 \
	847 2 21 0 0 \
	848 2 21 0 0 \
	849 2 21 0 0 \
	880 2 0 0 0 \
	920 2 0 0 0 \
	881 2 0 0 0 \
	884 2 0 0 0 \
	885 2 0 0 0 \
	886 2 0 0 0 \
	887 2 0 0 0 \
	888 2 0 0 0 \
	889 2 0 0 0 \
	891 2 0 0 0 \
	892 2 0 0 0 \
	893 2 0 0 0 \
	894 2 0 0 0 \
	882 2 0 0 0 \
	883 2 0 0 0 \
	922 2 0 0 0 \
	921 2 0 0 0 \
	825 2 21 0 0 \
	826 2 21 0 0 \
	827 2 21 0 0 \
	851 2 21 0 0 \
	852 2 21 0 0 \
	828 2 21 0 0 \
	829 2 21 0 0 \
	831 2 28 0 0 \
	832 2 21 0 0 \
	833 2 21 0 0 \
	902 2 21 0 0 \
	822 2 21 0 0 \
	823 2 21 0 0 \
	860 2 0 0 0 \
	861 2 0 0 0 \
	862 2 0 0 0 \
	863 2 0 0 0 \
	864 2 0 0 0 \
	865 2 0 0 0 \
	866 2 0 0 0 \
	867 2 0 0 0 \
	868 2 0 0 0 \
	869 2 0 0 0 \
	871 2 0 0 0 \
	872 2 0 0 0 \
	824 2 21 0 0 \
	800 2 28 0 0 \
	802 2 14 13 0 \
	801 2 14 0 0 \
	803 2 14 0 0 \
	804 2 21 0 0 \
	805 2 14 0 0 \
	806 2 21 0 0 \
	807 2 21 0 0 \
	808 2 21 0 0 \
	809 1 14 0 0 \
	811 1 0 0 0 \
	812 1 0 0 0 \
	813 2 21 0 0 \
	814 1 0 0 0
 bh 3
 at 101
 df 230
 mi 290
 ct 110432 112910 9693 88189 98151 
CM
 im 1
 ma 75
 ca 44
 hs 1
 kw 1
CO
 li use 615
 ar 615 0 0 0 0 0 0 0
 wa -1
 st 1
 ue 5
 po 1
 pr 3

6058 char 0
na Radagast
il	1 61 \
	54 29
tl	2 94 48 4 0 0 0 0
LI
 wh 14161
CH
 lo 50837
 he 100
 lk 1
 lr 526
 sl	650 2 28 0 0 \
	654 2 28 161 0 \
	610 2 21 0 0 \
	614 2 14 0 0 \
	651 2 21 0 0 \
	690 2 28 0 0 \
	630 2 28 0 0 \
	655 2 14 163 0 \
	656 2 14 12 0 \
	612 2 28 1 0 \
	653 2 28 0 0 \
	652 2 28 0 0 \
	615 2 21 0 0 \
	616 2 14 0 0 \
	631 2 14 24 0 \
	632 2 14 0 0 \
	617 2 14 0 0 \
	635 2 28 0 0 \
	634 2 14 0 0 \
	695 2 21 0 0 \
	657 2 21 49 0 \
	639 2 21 0 0 \
	641 2 28 1 0 \
	611 2 28 0 0 \
	658 2 21 0 0 \
	661 2 21 0 0 \
	692 2 21 0 0
 at 80
 df 80
 mi 50
CM
 hs 1
CO
 li breed 54 54
 ar 54 54 0 0 0 0 0 0
 cs 2
 wa 4
 st 1
 ue 5
 de 2
 pr 3

