50962 player pl_regular
na Search Party
il	1 1350
CH
PL
 fn Scott L. Calhoun
 em slcalhoun@merge.com
 pw *a*hr0
 np 9
 ft 2
 lt 237
 kn 69 600 601 602 603 610 614 615 616 617 \
	630 650 651 652 653 655 656 657 658 659 661 \
	670 671 672 680 682 700 702 703 704 720 721 \
	722 723 730 750 751 752 753 754 755 756 800 \
	801 802 803 804 805 806 807 808 809 811 812 \
	813 814 820 821 822 823 824 825 826 827 828 \
	829 831 832 833 840 841 842 843 844 845 846 \
	847 848 849 851 852 860 861 862 863 864 865 \
	866 867 868 869 871 872 880 881 882 883 884 \
	885 886 887 888 889 891 892 893 894 900 904 \
	905 906 907 908 909 911 920 921 922 1852 2713 \
	3281 3830 10000 10001 10002 10003 10010 10011 10012 10013 10014 \
	10015 10016 10017 10018 10019 10020 10021 10022 10023 10024 10025 \
	10026 10027 10028 10029 10100 10103 10106 10107 10108 10109 10110 \
	10112 10113 10115 10117 10119 10120 10122 10123 10124 10125 10127 \
	10128 10129 10130 10131 10200 10203 10206 10207 10208 10227 10230 \
	10231 10300 10303 10304 10305 10306 10330 10331 10400 10403 10405 \
	10431 10500 10530 10531 10600 10630 10631 10700 10701 10725 10726 \
	10727 10728 10729 10730 10731 10801 10802 10822 10823 10824 10825 \
	10830 10831 10832 10901 10902 10920 10921 10922 10931 11001 11002 \
	11016 11017 11018 11019 11020 11021 11022 11023 11024 11025 11026 \
	11101 11102 11114 11115 11116 11117 11118 11119 11120 11121 11122 \
	11202 11208 11209 11210 11211 11212 11213 11214 11215 11216 11217 \
	11218 11302 11303 11306 11307 11308 11309 11310 11311 11312 11313 \
	11314 11315 11402 11403 11404 11405 11406 11407 11408 11409 11410 \
	11411 11412 11502 11505 11507 11508 11509 11510 11511 11602 11605 \
	11606 11607 11608 11609 11610 11611 11702 11703 11704 11705 11706 \
	11707 11708 11709 11710 11711 11712 11713 11714 11715 11716 11717 \
	11718 11719 11720 11721 11802 11803 11804 11805 11806 11807 11808 \
	11809 11810 11811 11812 11813 11814 11815 11816 11817 11818 11819 \
	11820 11821 11902 11903 11904 11905 11906 11907 11908 11909 11910 \
	11911 11912 11913 11914 11915 11916 11917 11918 11919 11920 11921 \
	12002 12003 12004 12005 12006 12007 12008 12009 12010 12011 12012 \
	12013 12014 12015 12016 12017 12018 12019 12020 12021 12102 12103 \
	12104 12105 12106 12107 12108 12109 12110 12111 12112 12113 12114 \
	12115 12116 12117 12118 12119 12120 12121 12202 12203 12204 12205 \
	12206 12207 12208 12209 12210 12211 12302 12303 12304 12305 12306 \
	12307 12308 12309 12310 12402 12403 12404 12405 12503 12504 12505 \
	12603 12604 12605 12703 12704 12705 12803 12804 12805 12903 12904 \
	13003 13103 13203 13204 13303 13304 13403 13404 13503 13504 13505 \
	13506 13604 13605 13606 13607 13706 13707 13708 13806 13808 13813 \
	13906 13907 13908 13909 13910 13911 13912 13913 14006 14007 14008 \
	14009 14010 14011 14012 14013 14014 14106 14107 14108 14110 14111 \
	14112 14113 14114 14206 14207 14208 14209 14210 14211 14212 14213 \
	14214 14215 14216 14217 14218 14219 14220 14221 14222 14306 14307 \
	14308 14309 14310 14311 14312 14313 14314 14407 14408 14409 14410 \
	14411 14412 14413 14414 14507 14508 14511 14512 14513 14514 14608 \
	14609 14610 14611 14612 14706 14707 14708 14709 14710 14711 14712 \
	21747 22942 23393 24262 25483 25589 25841 25859 26144 27335 27676 \
	28032 28437 29122 29723 30395 30448 30513 31336 32154 32710 34150 \
	35294 35304 36149 36577 37365 37738 40213 40749 41078 41794 42265 \
	43966 44188 44578 45516 45871 46414 46828 47668 47912 48679 49043 \
	49844 57140 57397 57426 57444 57622 57643 57931 57955 58159 58288 \
	59020 59446 59623 59678 59730 59992 60067 61081 61741 62276 62452 \
	62957 63192 63391 63514 63788 65128 65395 65729 66471 66661 66864 \
	67725 69358 69608 69946 70100 70117 70150 70667 70941 71616 71849 \
	71900 72122 72732 73244 73357 74130 74857 75669 75710 75814 76774 \
	76905 77048 77366 77508 77640 77644 77904 78555 
 un 1003 7862 2279 9633 3213 5025 3779 6093 1819 \
	1376 4946 
 uf 3548 72611 71992 110591 85976 
CO
 li accept 0 0
 ar 0 0 0 0 0 0 0 0
 st 1

1003 char 0
na Tam
il	1 1030 \
	52 3
tl	2 95 2 7 0 0 0 0
LI
 wh 11711
CH
 lo 50962
 he 100
 lk 2
 lr 1
 sl	600 2 21 0 0 \
	602 2 14 1 0 \
	601 2 14 79 0 \
	603 2 14 25 0 \
	610 2 21 24 0 \
	616 2 14 49 0 \
	614 2 14 49 0 \
	615 2 21 46 0 \
	617 2 14 0 0 \
	900 2 42 0 0 \
	904 0 0 0 0
 bp 50
 at 252
 df 229
 mi 226
CM
 im 1
 ma 1
 ca 1
CO
 li explore
 ar 0 0 0 0 0 0 0 0
 ue 5
 de 7
 pr 3

7862 char 0
na Quinn
il	52 3 \
	87864 1 \
	97640 1
LI
 wh 11810
CH
 lo 50962
 he 100
 lk 2
 lr 1
 sl	610 2 21 19 0 \
	617 2 14 12 0 \
	615 2 21 70 0 \
	616 2 14 59 0 \
	614 2 14 60 0 \
	700 2 21 0 0 \
	702 2 14 7 0 \
	703 2 14 0 0 \
	704 2 14 0 0 \
	670 2 28 0 0 \
	671 2 14 2 0 \
	672 2 21 0 0
 bh 1
 bp 50
 at 313
 df 287
 mi 272
CM
 vp 2
CO
 li explore
 ar 0 0 0 0 0 0 0 0
 ue 5
 de 7
 pr 3

2279 char 0
na Rayner Durban
il	1 1208 \
	52 3
LI
 wh 8423
CH
 lo 50962
 he 100
 lk 2
 lr 1
 sl	680 2 21 0 0 \
	730 2 21 0 0 \
	610 2 21 33 0 \
	616 2 14 24 0 \
	682 2 14 0 0 \
	615 2 21 16 0 \
	650 2 28 0 0 \
	651 2 21 18 0 \
	655 2 14 25 0 \
	656 2 14 20 0 \
	653 2 28 0 0 \
	614 2 14 12 0 \
	658 2 21 0 0 \
	659 2 21 0 0 \
	657 2 21 15 0 \
	661 2 21 5 0
 bp 50
 at 155
 df 133
 mi 139
CM
 vp 2
CO
 li use 616
 ar 0 0 0 0 0 0 0 616
 st 1
 us 616
 ue 4
 de 6
 pr 3

9633 char 0
na R. Mike
il	1 1264 \
	52 1
LI
 wh 8423
CH
 lo 50962
 he 100
 lk 2
 lr 1
 sl	700 2 21 0 0 \
	630 2 28 0 0 \
	702 2 14 10 0 \
	703 2 14 2 0 \
	610 2 21 39 0 \
	616 2 14 33 0 \
	650 2 28 0 0 \
	651 2 21 7 0 \
	704 2 14 0 0 \
	652 2 28 0 0 \
	655 2 14 21 0 \
	656 2 14 15 0 \
	615 2 21 37 0 \
	617 2 14 6 0 \
	614 2 14 29 0 \
	658 2 21 0 0 \
	659 2 21 0 0 \
	661 2 21 8 0 \
	657 2 21 14 0
 bp 50
 at 227
 df 204
 mi 216
CO
 li use 616
 ar 0 0 0 0 0 0 0 616
 st 1
 us 616
 ue 4
 de 6
 pr 3

3213 char 0
na Asbjorn
il	1 848
tl	2 95 15 1 0 0 0 0
LI
 wh 8423
CH
 lo 50962
 he 100
 lk 2
 lr 1
 sl	720 2 21 0 0 \
	610 2 21 5 0 \
	616 2 14 58 0 \
	721 2 14 23 0 \
	722 2 14 28 0 \
	614 2 14 58 0 \
	680 2 21 8 0 \
	682 2 14 0 0 \
	723 2 14 14 0 \
	700 2 21 0 0 \
	615 2 21 54 0 \
	702 2 14 0 0
 bp 50
 at 301
 df 250
 mi 258
CO
 li use 616
 ar 0 0 0 0 0 0 0 616
 st 1
 us 616
 ue 5
 de 6
 pr 3

5025 char 0
na Adam
il	1 2262 \
	52 16
LI
 wh 3830
CH
 lo 50962
 he 100
 lk 2
 lr 1
 sl	680 2 21 3 0 \
	682 2 14 31 0 \
	610 2 21 7 0 \
	616 2 14 63 0 \
	615 2 21 76 0 \
	614 2 14 72 0 \
	900 2 42 0 0
 bh 1
 bp 50
 at 372
 df 350
 mi 334
CM
 im 1
 ma 1
 ca 1
CO
 li move 3830
 ar 3830 7 3830 0 0 0 57955 0
 st 1
 ue 5
 pr 2

3779 char 0
na S. C.
il	1 475 \
	82 2 \
	62020 1 \
	65146 1 \
	69983 1 \
	70078 1 \
	78994 1 \
	96910 1
LI
 wh 3281
CH
 lo 50962
 he 100
 lk 2
 lr 2
 sl	800 2 28 0 0 \
	860 2 35 0 0 \
	610 2 21 7 0 \
	802 2 14 29 0 \
	862 2 14 6 0 \
	617 2 14 4 0 \
	801 2 14 5 0 \
	840 2 35 0 0 \
	880 2 42 0 0 \
	841 2 21 12 0 \
	881 2 14 1 0 \
	861 2 14 0 0 \
	820 2 35 0 0 \
	803 2 14 2 0 \
	821 2 21 0 0 \
	883 2 14 0 0 \
	805 2 14 0 0 \
	882 2 14 0 0 \
	822 2 21 0 0 \
	804 2 21 0 0 \
	824 2 21 0 0 \
	823 2 21 0 0 \
	892 2 21 0 0 \
	884 2 28 0 0 \
	888 2 21 8 0 \
	885 2 14 0 0 \
	891 2 21 0 0 \
	893 2 21 0 0 \
	886 2 14 0 0 \
	887 2 21 6 0 \
	889 2 21 0 0 \
	894 2 21 0 0 \
	807 2 21 0 0 \
	813 2 21 0 0 \
	811 2 21 0 0 \
	809 2 21 0 0 \
	812 2 21 0 0 \
	814 2 21 0 0 \
	806 2 21 0 0 \
	808 2 21 0 0 \
	900 2 42 0 0 \
	842 2 14 0 0 \
	852 2 21 0 0 \
	845 2 21 10 0 \
	849 2 21 11 0 \
	847 2 21 0 0 \
	848 2 21 0 0 \
	843 2 21 0 0 \
	851 2 21 0 0 \
	844 2 21 0 0 \
	864 2 14 0 0 \
	869 2 14 0 0 \
	906 2 21 0 0 \
	907 2 21 0 0 \
	920 2 0 0 0 \
	921 2 28 9 0 \
	922 2 28 1 0 \
	614 2 14 15 0 \
	616 2 14 14 0 \
	615 2 21 18 0 \
	908 2 28 0 0 \
	911 2 21 2 0 \
	904 2 21 0 0 \
	909 2 21 0 0 \
	905 2 21 0 0 \
	865 2 14 0 0 \
	863 2 14 0 0 \
	871 2 21 0 0 \
	867 2 21 0 0 \
	868 2 21 0 0 \
	872 2 21 0 0 \
	866 2 14 0 0 \
	828 2 21 0 0 \
	831 2 28 0 0 \
	825 2 21 0 0 \
	827 2 21 0 0 \
	833 2 21 0 0 \
	826 2 21 0 0 \
	832 2 21 0 0 \
	829 2 21 0 0 \
	846 2 21 0 0
 bh 1
 bp 50
 at 147
 df 125
 mi 116
CM
 im 1
 ma 26
 ca 126
 rb 1
 kw 1
 vp 6
 ar 62020
CO
 li use 616
 ar 0 0 0 0 0 0 0 616
 st 1
 us 616
 ue 3
 de 6
 pr 3

6093 char 0
na Oronir
il	1 301
LI
 wh 1852
CH
 lo 50962
 he 100
 lk 2
 lr 1
 sl	800 2 28 0 0 \
	840 1 21 0 0 \
	813 0 0 0 0 \
	809 0 0 0 0 \
	811 0 0 0 0 \
	812 0 0 0 0 \
	814 0 0 0 0 \
	806 0 0 0 0 \
	808 0 0 0 0 \
	807 0 0 0 0
 bh 1
 bp 50
 at 80
 df 80
CM
 im 1
 ma 1
 ca 1
CO
 li research 840
 ar 840 0 0 0 0 0 0 0
 wa 7
 pr 3

1819 char 0
na Marius
il	1 1 \
	10 20 \
	11 68 \
	12 67 \
	13 20 \
	15 68 \
	16 67 \
	20 23 \
	22 86 \
	52 12 \
	54 42 \
	68 10 \
	69 1 \
	72 20 \
	73 28 \
	74 4 \
	75 133 \
	78 80 \
	82 26 \
	85 120 \
	98 20 \
	271 14 \
	295 4 \
	63854 1 \
	69226 1 \
	72947 1 \
	106338 1 \
	128490 1 \
	145675 1
LI
 wh 76774
CH
 lo 50962
 he 100
 lk 2
 lr 1
 sl	610 2 21 10 0 \
	680 2 21 0 0 \
	682 2 14 15 0 \
	616 2 14 83 0 \
	614 2 14 88 0 \
	615 2 21 90 0 \
	617 2 14 10 0
 bp 50
 ra 70
 at 401
 df 369
 mi 362
CM
 vp 4
CO
 li use 616
 ar 0 0 0 0 0 0 0 616
 st 1
 us 616
 ue 5
 de 6
 pr 3

1376 char 0
na Davion
il	1 3200 \
	62511 1 \
	69425 1
LI
 wh 63514
CH
 lo 50962
 he 100
 lk 2
 lr 1
 sl	610 2 21 0 0 \
	616 2 14 94 0 \
	615 2 21 100 0 \
	614 2 14 97 0 \
	750 2 35 0 0 \
	751 2 28 2 0 \
	755 2 28 0 0 \
	754 2 28 0 0 \
	752 2 28 0 0 \
	756 2 28 12 0 \
	753 2 21 2 0
 bh 1
 bp 50
 at 480
 df 429
 mi 438
CM
 pr 1
 vp 14
 vi 10813 58159 
CO
 li use 616
 ar 0 0 0 0 0 0 0 616
 st 1
 us 616
 ue 5
 de 6
 pr 3

4946 char 0
na Mallory
il	1 90 \
	52 1
LI
 wh 12104
CH
 lo 50962
 he 100
 lk 2
 lr 1
 sl	610 2 21 10 0 \
	615 2 21 45 0 \
	614 2 14 40 0 \
	616 2 14 44 0 \
	617 2 14 1 0
 bh 1
 bp 50
 at 266
 df 211
 mi 216
CM
 vp 2
CO
 li stack garrison
 ar 73042 0 0 0 0 0 0 0
 ue 5
 pr 1

