51167 player pl_regular
na Sirs,Ladies,Dwarf&Fish
il	1 1098
CH
PL
 fn Ria Van Bremt
 em vanbremt@netscape.net
 ve vanbremt@netscape.net
 pw Cthulu
 np 7
 ft 82
 nt 1
 so 1
 lt 260
 kn 69 600 601 602 610 611 612 613 614 615 \
	616 617 630 631 632 633 635 636 637 639 641 \
	650 653 654 655 656 657 670 671 672 680 682 \
	690 700 701 702 703 704 705 706 720 721 730 \
	731 732 733 750 751 752 753 754 755 756 800 \
	840 900 903 908 911 1673 1952 2362 2962 4670 6026 \
	7564 7599 7778 10172 10173 10174 10175 10176 10177 10178 10270 \
	10271 10272 10273 10274 10275 10276 10277 10278 10279 10365 10366 \
	10367 10368 10369 10370 10371 10372 10373 10374 10375 10376 10377 \
	10378 10379 10380 10381 10382 10383 10384 10385 10386 10387 10388 \
	10389 10468 10470 10471 10472 10473 10474 10475 10476 10477 10478 \
	10479 10480 10481 10482 10483 10484 10485 10486 10487 10488 10489 \
	10558 10559 10560 10561 10562 10563 10564 10565 10566 10567 10568 \
	10570 10571 10572 10573 10580 10581 10582 10583 10589 10658 10659 \
	10660 10661 10662 10663 10664 10665 10666 10667 10668 10669 10670 \
	10671 10672 10683 10689 10758 10759 10760 10761 10762 10763 10764 \
	10765 10766 10767 10768 10769 10770 10771 10772 10773 10774 10789 \
	10859 10860 10871 10873 10874 10875 10876 10877 10878 10879 10889 \
	10960 10961 10962 10963 10964 10965 10966 10967 10968 10969 10970 \
	10971 10973 10974 10975 10976 10977 10978 10979 10989 11071 11072 \
	11073 11074 11075 11076 11077 11089 11171 11172 11173 11174 11175 \
	11176 11189 11271 11276 11277 11278 11279 11280 11281 11289 11381 \
	11389 11481 11489 11581 11584 11585 11586 11587 11588 11589 11681 \
	11684 11772 11773 11781 11784 11872 11873 11874 11875 11876 11877 \
	11878 11879 11880 11881 11882 11883 11884 11968 11972 11981 11984 \
	11985 11986 11987 12068 12069 12070 12071 12072 12073 12074 12075 \
	12084 12087 12088 12089 12090 12091 12092 12093 12175 12184 12193 \
	12275 12284 12293 12294 12300 12301 12375 12384 12394 12395 12396 \
	12397 12398 12399 12401 12402 12475 12476 12477 12478 12479 12480 \
	12481 12482 12483 12484 12485 12486 12487 12488 12489 12490 12491 \
	12498 12502 12503 12504 12505 12575 12576 12577 12598 12603 12604 \
	12605 12606 12698 12703 12798 12803 12898 12998 13098 13164 13165 \
	13166 13198 13208 13260 13261 13262 13263 13264 13265 13266 13267 \
	13268 13269 13270 13271 13272 13273 13274 13275 13276 13298 13308 \
	13360 13361 13362 13363 13364 13366 13367 13368 13369 13373 13376 \
	13398 13406 13407 13408 13409 13410 13411 13467 13468 13469 13470 \
	13471 13473 13476 13498 13506 13507 13508 13509 13510 13511 13568 \
	13569 13571 13573 13574 13575 13576 13577 13578 13579 13580 13581 \
	13582 13598 13607 13608 13609 13610 13611 13668 13671 13676 13677 \
	13678 13679 13682 13698 13708 13709 13710 13711 13768 13769 13770 \
	13771 13779 13782 13798 13867 13868 13879 13882 13884 13885 13886 \
	13887 13888 13889 13898 13962 13967 13968 13979 13982 13984 13985 \
	13986 13987 13988 13989 13990 13991 13992 13993 13998 14062 14067 \
	14068 14069 14070 14071 14079 14082 14083 14084 14085 14086 14087 \
	14088 14089 14090 14091 14092 14093 14094 14095 14098 14160 14161 \
	14162 14167 14171 14179 14182 14183 14184 14185 14186 14187 14188 \
	14189 14190 14191 14192 14193 14194 14195 14196 14197 14198 14260 \
	14261 14262 14267 14268 14271 14279 14282 14283 14284 14285 14286 \
	14287 14288 14289 14290 14291 14292 14293 14294 14295 14296 14297 \
	14298 14352 14353 14360 14361 14362 14368 14371 14379 14382 14384 \
	14385 14386 14387 14388 14389 14390 14391 14392 14393 14394 14395 \
	14396 14397 14398 14400 14401 14402 14403 14452 14453 14460 14461 \
	14462 14463 14464 14465 14466 14467 14468 14471 14479 14482 14483 \
	14484 14485 14486 14487 14488 14489 14490 14491 14492 14493 14494 \
	14495 14496 14497 14498 14499 14550 14551 14552 14553 14556 14557 \
	14558 14559 14560 14562 14564 14565 14566 14567 14568 14571 14579 \
	14583 14585 14586 14587 14588 14589 14590 14591 14592 14593 14594 \
	14595 14596 14597 14598 14650 14652 14653 14654 14655 14656 14657 \
	14658 14660 14662 14664 14671 14679 14683 14685 14686 14687 14688 \
	14689 14690 14691 14697 14698 14750 14757 14758 14760 14762 14764 \
	14771 14779 14783 14785 14786 14787 14788 14789 14790 14791 14792 \
	14793 14794 14795 14796 14797 14798 14846 14847 14848 14849 14850 \
	14856 14857 14858 14859 14860 14861 14862 14863 14864 14871 14879 \
	14883 14885 14886 14887 14888 14889 14890 14891 14892 14893 14894 \
	14895 14896 14897 14898 14946 14947 14948 14949 14950 14956 14957 \
	14958 14959 14960 14961 14962 14971 14979 14983 14986 14987 14988 \
	14989 14990 14991 14992 14993 14994 14995 14996 14997 14998 15050 \
	15051 15052 15053 15054 15055 15056 15057 15058 15059 15060 15062 \
	15071 15079 15083 15084 15085 15086 15087 15088 15089 15090 15091 \
	15092 15093 15094 15095 15096 15097 15152 15153 15160 15162 15169 \
	15170 15171 15179 15186 15187 15188 15189 15190 15191 15192 15193 \
	15194 15195 15196 15252 15253 15260 15261 15262 15263 15264 15269 \
	15270 15271 15279 15286 15288 15289 15290 15291 15292 15293 15294 \
	15295 15296 15352 15353 15360 15362 15364 15369 15371 15379 15380 \
	15381 15382 15383 15384 15385 15386 15387 15388 15389 15390 15391 \
	15392 15393 15394 15395 15396 15452 15453 15454 15455 15456 15457 \
	15458 15459 15460 15462 15464 15469 15471 15472 15473 15474 15488 \
	15489 15491 15553 15554 15557 15558 15559 15560 15561 15562 15564 \
	15566 15567 15568 15569 15570 15571 15572 15573 15574 15588 15589 \
	15591 15653 15654 15655 15656 15657 15658 15659 15660 15662 15664 \
	15666 15669 15671 15672 15673 15674 15675 15688 15689 15691 15753 \
	15754 15755 15757 15758 15759 15760 15761 15762 15763 15764 15766 \
	15767 15768 15769 15771 15772 15773 15774 15775 15788 15789 15791 \
	15853 15854 15855 15856 15857 15858 15860 15861 15862 15863 15866 \
	15867 15868 15869 15873 15874 15875 15876 15888 15889 15891 15952 \
	15953 15954 15955 15956 15957 15958 15959 15960 15961 15962 15966 \
	15967 15968 15969 15970 15971 15972 15973 15974 15975 15976 15988 \
	15989 15991 16052 16053 16054 16055 16056 16057 16059 16062 16063 \
	16064 16065 16066 16067 16068 16069 16070 16071 16072 16073 16087 \
	16088 16089 16091 16144 16149 16150 16151 16152 16153 16154 16155 \
	16156 16159 16162 16163 16164 16165 16166 16167 16168 16169 16170 \
	16171 16172 16173 16174 16187 16189 16191 16242 16243 16244 16245 \
	16246 16247 16248 16249 16251 16252 16253 16254 16255 16259 16262 \
	16266 16267 16268 16269 16270 16271 16272 16273 16274 16286 16287 \
	16289 16291 16344 16349 16351 16352 16353 16354 16355 16356 16359 \
	16360 16361 16362 16366 16367 16369 16370 16371 16372 16373 16385 \
	16386 16389 16391 16444 16449 16450 16451 16452 16453 16454 16455 \
	16456 16457 16458 16459 16460 16466 16467 16468 16469 16470 16471 \
	16482 16483 16484 16485 16489 16491 16544 16549 16550 16551 16552 \
	16553 16554 16555 16566 16567 16568 16569 16570 16581 16582 16589 \
	16590 16591 16644 16649 16650 16651 16652 16653 16654 16655 16656 \
	16657 16666 16681 16689 16690 16744 16747 16748 16749 16750 16751 \
	16752 16753 16754 16755 16766 16777 16778 16779 16780 16781 16782 \
	16783 16784 16785 16786 16787 16788 16789 16790 16844 16845 16846 \
	16847 16848 16849 16850 16851 16852 16853 16854 16855 16866 16877 \
	16878 16881 16945 16947 16948 16949 16950 16951 16952 16953 16954 \
	16955 16964 16966 16967 16968 16969 16970 16977 16978 16979 16980 \
	16981 17045 17046 17047 17048 17049 17050 17051 17052 17053 17054 \
	17055 17056 17057 17058 17059 17060 17061 17062 17063 17064 17065 \
	17066 17067 17070 17071 17072 17073 17074 17075 17076 17077 17078 \
	17079 17150 17151 17152 17153 17154 17155 17156 17157 17158 17159 \
	17160 17161 17162 17163 17164 17165 17166 17167 17168 17169 17170 \
	17171 17172 17178 17250 17254 17255 17256 17257 17258 17259 17260 \
	17261 17262 17263 17264 17265 17266 17267 17268 17270 17278 17350 \
	17351 17352 17353 17354 17355 17356 17357 17358 17359 17360 17361 \
	17362 17368 17369 17370 17371 17372 17378 17454 17462 17468 17469 \
	17470 17472 17478 17554 17562 17569 17570 17572 17578 17654 17662 \
	17663 17669 17670 17672 17673 17674 17678 17754 17762 17769 17770 \
	17778 17854 17869 17870 17871 17872 17873 17878 17970 17973 17978 \
	18073 18078 18173 18178 18273 18274 18275 18276 18278 18376 18378 \
	18476 18477 18478 18570 18571 18572 18573 18574 18575 18576 18577 \
	20851 23075 23952 25623 25631 27249 27692 27996 28963 31600 31787 \
	32443 33757 33925 34715 35422 36350 37727 39250 39310 40094 46489 \
	46570 47230 56782 56867 56872 56938 56949 57027 57030 57047 57091 \
	57114 57133 57149 57190 57265 57266 57291 57355 57357 57477 57516 \
	57546 57568 57570 57626 57628 57652 57658 57666 57745 57748 57798 \
	57812 57826 57842 57855 57874 57885 57934 57948 58013 58031 58056 \
	58105 58138 58139 58216 58251 58323 58335 58338 58462 58493 58521 \
	58539 58582 58589 58590 58641 58665 58666 59168 59655 62136 62292 \
	62338 62391 63113 63707 63754 64714 64798 64833 65439 65482 66669 \
	66815 66890 67873 68221 69212 69526 70116 70677 70784 72184 72202 \
	72704 72743 73599 74089 74193 74213 74324 74356 75090 75209 75219 \
	76615 77820 78031 78538 78923 82880 136525 
 un 138274 61651 63217 149315 137129 63934 60715 84095 136584 \
	95751 93417 88861 144075 120498 128537 148380 101308 124972 8326 
 uf 90986 125835 111237 85055 99520 
 am 6026 0 50106 50765 51167 51176 51305 51516 51896 \
	55749 56183 56406 56754 
 am 51167 0 50106 51176 56183 56406 
 am 82880 0 50106 
CO
 li accept 0 0
 ar 0 0 0 0 0 0 0 0
 st 1

138274 char 0
na John Jay Jackson
il	1 158 \
	19 10 \
	54 1
tl	2 95 981 7 0 0 0 0
LI
 wh 7564
CH
 lo 51167
 he 100
 lk 3
 lr 43
 sl	610 2 21 1 0 \
	630 2 28 0 0 \
	680 2 21 0 0 \
	730 2 21 0 0 \
	732 2 14 1 0 \
	733 2 14 1 0 \
	611 2 28 0 0 \
	612 2 28 1 0 \
	617 2 14 0 0 \
	615 2 21 2 0 \
	635 2 28 0 0 \
	600 2 21 0 0 \
	601 2 14 18 0
 at 80
 df 80
 mi 69
CO
 li sail bm03 s
 ar 12903 3 12903 0 0 7 12803 0
 cs 2
 wa 5
 st 1
 ue 1
 de 2
 pr 4

61651 char 0
na Feathers
il	1 1220 \
	54 2
LI
 wh 1088
 hl 63217 149315 137129 63934 
CH
 lo 51167
 he 100
 lk 2
 lr 1
 sl	610 2 21 15 0 \
	630 2 28 0 0 \
	612 2 28 1 0 \
	616 2 14 0 0 \
	614 2 14 0 0 \
	613 2 14 0 0 \
	617 2 14 7 0 \
	611 2 28 0 0 \
	635 1 14 0 0
 mo 7800
 at 80
 df 80
CO
 li study 635
 ar 635 0 0 0 0 0 0 0
 wa 7
 st 1
 ue 1
 po 1
 pr 3

63217 char 0
na Dirk
il	1 324 \
	94 16
tl	2 94 989 4 0 0 0 0
LI
 wh 61651
CH
 lo 51167
 he 100
 lk 2
 lr 1
 sl	610 2 21 13 0 \
	630 2 28 0 0 \
	639 2 21 0 0 \
	615 2 21 0 0 \
	641 2 28 1 0 \
	612 2 28 1 0 \
	616 2 14 0 0 \
	617 2 14 10 0 \
	614 2 14 0 0 \
	613 2 14 0 0 \
	611 2 28 0 0 \
	635 1 14 0 0
 mo 7800
 at 80
 df 80
 mi 50
CM
 hs 1
CO
 li study 635
 ar 635 0 0 0 0 0 0 0
 wa 7
 st 1
 ue 1
 po 1
 pr 3

149315 char 0
na Joust
il	1 364
tl	2 94 992 4 0 0 0 0
LI
 wh 61651
CH
 lo 51167
 he 100
 lk 3
 lr 7
 sl	610 2 21 0 0 \
	630 2 28 0 0 \
	641 2 28 1 0 \
	612 2 28 1 0 \
	617 2 14 12 0 \
	616 2 14 0 0 \
	615 2 21 0 0 \
	613 2 14 0 0 \
	611 2 28 0 0 \
	680 2 21 0 0 \
	682 2 14 0 0 \
	635 1 14 0 0
 mo 7800
 at 80
 df 80
 mi 50
CM
 hs 1
CO
 li study 635
 ar 635 0 0 0 0 0 0 0
 wa 7
 st 1
 ue 1
 po 1
 pr 3

137129 char 0
na Eburon
il	1 330 \
	54 3
LI
 wh 61651
CH
 lo 51167
 he 100
 lk 3
 lr 13
 sl	610 2 21 0 0 \
	630 2 28 0 0 \
	641 2 28 1 0 \
	617 2 14 11 0 \
	612 2 28 1 0 \
	613 2 14 0 0 \
	616 2 14 0 0 \
	614 2 14 0 0 \
	611 2 28 0 0 \
	635 1 14 0 0
 mo 7800
 at 80
 df 30
 dt 167 21 5001
CM
 hs 1
CO
 li study 635
 ar 635 0 0 0 0 0 0 0
 wa 7
 st 1
 ue 1
 po 1
 pr 3

63934 char 0
na Gork
il	1 180 \
	54 5
LI
 wh 61651
CH
 lo 51167
 he 100
 lk 3
 lr 5
 sl	610 2 21 4 0 \
	630 2 28 0 0 \
	641 2 28 1 0 \
	612 2 28 1 0 \
	613 2 14 0 0 \
	616 2 14 0 0 \
	614 2 14 0 0 \
	617 2 14 0 0 \
	611 2 28 0 0 \
	700 2 21 0 0 \
	720 2 21 0 0 \
	680 2 21 0 0 \
	635 1 14 0 0
 mo 7800
 at 80
 df 80
CM
 hs 1
CO
 li seek
 ar 0 0 0 0 0 0 0 0
 wa 7
 st 1
 ue 1
 po 1
 pr 3

60715 char 0
na Ribus
il	1 254 \
	11 5 \
	78 100
LI
 wh 12075
 hl 84095 
CH
 lo 51167
 he 100
 lk 2
 lr 1
 sl	630 2 28 0 0 \
	600 2 21 0 0 \
	610 2 21 9 0 \
	700 2 21 0 0 \
	601 2 14 9 0 \
	617 2 14 8 0 \
	702 2 14 13 0 \
	703 2 14 0 0 \
	704 2 14 0 0 \
	612 2 28 1 0 \
	631 2 14 0 0 \
	614 2 14 4 0 \
	616 2 14 1 0 \
	615 2 21 3 0 \
	705 2 14 0 0 \
	613 2 14 1 0 \
	701 2 14 0 0 \
	632 2 14 0 0 \
	706 2 14 0 0 \
	635 2 28 0 0 \
	636 2 14 0 0 \
	611 2 28 0 0 \
	602 2 14 0 0 \
	633 2 14 0 0 \
	680 2 21 2 0 \
	682 2 14 7 0
 at 85
 df 101
 mi 61
CO
 li seek
 ar 0 0 0 0 0 0 0 0
 cs 2
 wa 5
 st 1
 ue 2
 de 2
 po 1
 pr 3

84095 char 0
na Cyd Fanan
il	1 960 \
	54 2
tl	2 95 858 7 0 0 0 0 \
	2 94 956 4 0 0 0 0
LI
 wh 60715
CH
 lo 51167
 he 100
 lk 3
 lr 39
 sl	610 2 21 1 0 \
	630 2 28 0 0 \
	680 2 21 0 0 \
	730 2 21 0 0 \
	732 2 14 3 0 \
	600 2 21 0 0 \
	601 2 14 8 0 \
	639 2 21 0 0 \
	612 2 28 0 0
 bp 50
 at 80
 df 80
CO
 li seek
 ar 0 0 0 0 0 0 0 0
 cs 2
 wa 6
 st 1
 ue 1
 de 1
 po 1
 pr 3

136584 char 0
na Jared Joe Jimenez
il	1 921 \
	92543 1
LI
 wh 1952
CH
 lo 51167
 he 100
 lk 3
 lr 46
 sl	610 2 21 3 0 \
	630 2 28 0 0 \
	680 2 21 0 0 \
	730 1 0 0 0 \
	611 2 28 0 0 \
	612 2 28 1 0 \
	637 0 0 0 0 \
	636 0 0 0 0
 at 80
 df 80
CO
 li research 630
 ar 630 0 0 0 0 0 0 0
 cs 2
 wa 1
 st 1
 ue 1
 de 6
 pr 3

95751 char 0
na King of Atnos
il	1 46091 \
	10 15 \
	12 39 \
	14 18 \
	15 10 \
	16 5 \
	22 183 \
	51 18 \
	52 53 \
	53 86 \
	54 77 \
	55 6 \
	73 130 \
	74 132 \
	75 111 \
	79 12 \
	94 16 \
	278 1 \
	282 188 \
	285 1 \
	286 3 \
	64141 1 \
	74283 1 \
	81378 48 \
	138730 47
tl	2 95 943 7 0 0 0 0
LI
 wh 6026
CH
 lo 51167
 he 100
 lk 2
 lr 2
 sl	610 2 21 0 0 \
	630 2 28 0 0 \
	680 2 21 0 0 \
	611 2 28 0 0 \
	900 2 42 0 0 \
	650 2 28 0 0 \
	612 2 28 1 0 \
	908 2 28 0 0 \
	654 2 28 28 0 \
	653 2 28 0 0 \
	635 2 28 0 0 \
	903 2 21 1 0 \
	911 2 21 0 0 \
	615 2 21 0 0
 ra 80
 at 80
 df 80
 mi 50
CM
 im 1
 ma 4
 ca 4
CO
 li breed 282 282
 ar 282 282 0 0 0 0 0 0
 cs 2
 wa 4
 st 1
 ue 1
 de 2
 pr 3

93417 char 0
na Melinda Cunningham
il	1 20589 \
	20 10 \
	54 4 \
	295 1 \
	60750 1 \
	66120 1 \
	71317 1 \
	74307 1 \
	77782 1 \
	82843 1 \
	99837 1 \
	135611 1
tl	2 95 950 7 0 0 0 0
LI
 wh 6026
CH
 lo 51167
 he 100
 lk 2
 lr 1
 sl	610 2 21 1 0 \
	630 2 28 0 0 \
	680 2 21 0 0 \
	730 2 21 0 0 \
	732 2 14 3 0 \
	733 2 14 1 0 \
	612 2 28 1 0 \
	611 2 28 0 0 \
	615 2 21 10 0 \
	635 2 28 0 0 \
	617 2 14 0 0 \
	616 2 14 1 0 \
	637 0 0 0 0 \
	641 2 28 0 0 \
	636 1 10 0 0
 at 80
 df 80
 mi 184
CO
 li study 636
 ar 636 0 0 0 0 0 0 0
 cs 2
 wa 4
 st 1
 ue 2
 de 3
 po 1
 pr 3

88861 char 0
na Sir Robin of Locksley
il	1 4800
tl	2 95 974 7 0 0 0 0
LI
 wh 6026
CH
 lo 51167
 he 100
 lk 3
 lr 45
 sl	610 2 21 0 0 \
	630 2 28 0 0 \
	680 2 21 0 0 \
	730 2 21 0 0 \
	732 2 14 1 0 \
	733 2 14 3 0 \
	612 2 28 1 0 \
	720 2 21 0 0 \
	721 2 14 0 0 \
	635 2 28 0 0 \
	611 1 14 0 0
 at 80
 df 80
MI
 ds Defender of the People
CO
 li seek
 ar 0 0 0 0 0 0 0 0
 cs 2
 wa 6
 st 1
 ue 1
 de 1
 po 1
 pr 3

144075 char 0
na James Jacard Jefferies
il	1 9578 \
	20 10 \
	69 1 \
	73 5 \
	71788 1 \
	72332 1
tl	2 95 969 7 0 0 0 0
LI
 wh 6026
CH
 lo 51167
 he 100
 lk 3
 lr 39
 sl	610 2 21 7 0 \
	630 2 28 0 0 \
	680 2 21 0 0 \
	730 2 21 0 0 \
	732 2 14 2 0 \
	733 2 14 1 0 \
	611 2 28 0 0 \
	612 2 28 1 0 \
	635 2 28 0 0 \
	637 0 0 0 0 \
	641 2 28 1 0 \
	616 2 14 1 0
 at 80
 df 80
CM
 hs 1
CO
 li get 95751 73 5
 ar 95751 73 5 0 0 0 0 0
 st 1
 ue 1
 pr 1

120498 char 0
na Aldebaran
il	1 135 \
	52 3
LI
 wh 58590
CH
 lo 51167
 he 100
 lk 3
 lr 57
 sl	610 2 21 0 0 \
	630 2 28 0 0 \
	670 2 28 0 0 \
	680 2 21 0 0 \
	700 2 21 0 0 \
	611 2 28 0 0 \
	612 2 28 1 0 \
	635 2 28 0 0
 at 80
 df 80
MI
 ds He Who marked the Vernal Equinox
CO
 li seek
 ar 0 0 0 0 0 0 0 0
 cs 2
 wa 1
 st 1
 ue 1
 de 6
 po 1
 pr 3

128537 char 0
na Antares
il	1 50 \
	52 2 \
	77 30
LI
 wh 58590
CH
 lo 51167
 pl 56754
 he 100
 lk 3
 lr 49
 sl	610 2 21 0 0 \
	630 2 28 0 0 \
	670 1 14 0 0 \
	680 2 21 0 0 \
	690 2 28 0 0 \
	720 2 21 0 0 \
	700 2 21 0 0 \
	702 2 14 1 0 \
	617 2 14 0 0 \
	612 2 28 1 0 \
	611 2 28 0 0 \
	635 2 28 0 0
 bh 5
 at 80
 df 80
MI
 ds He Who marked the Autum Equinox
CO
 li seek
 ar 0 0 0 0 0 0 0 0
 cs 2
 wa 1
 st 1
 ue 1
 de 6
 po 1
 pr 3

148380 char 0
na Regulus
il	1 575 \
	52 1 \
	54 25 \
	74 24 \
	77 5 \
	94 5
tl	2 94 954 4 0 0 0 0
LI
 wh 58590
CH
 lo 51167
 he 100
 lk 3
 lr 57
 sl	610 2 21 0 0 \
	630 2 28 0 0 \
	670 2 28 0 0 \
	680 2 21 0 0 \
	700 2 21 0 0 \
	617 2 14 1 0 \
	612 2 28 1 0 \
	611 2 28 0 0 \
	616 2 14 0 0 \
	635 1 14 0 0
 at 80
 df 80
MI
 ds He Who marked the Summer Solstice
CO
 li seek
 ar 0 0 0 0 0 0 0 0
 cs 2
 wa 5
 st 1
 ue 1
 de 2
 po 1
 pr 3

101308 char 0
na Formalhaut
il	1 856 \
	52 3
LI
 wh 58590
CH
 lo 51167
 he 100
 lk 3
 lr 56
 sl	610 2 21 0 0 \
	630 2 28 0 0 \
	670 2 28 0 0 \
	680 2 21 0 0 \
	700 2 21 0 0 \
	612 2 28 1 0 \
	611 2 28 0 0 \
	635 2 28 0 0
 at 80
 df 80
MI
 ds He Who marked the Winter Solstice
CO
 li seek
 ar 0 0 0 0 0 0 0 0
 cs 2
 wa 1
 st 1
 ue 1
 de 6
 po 1
 pr 3

124972 char 0
na Pistis Sophia
il	1 800 \
	52 2 \
	54 2 \
	68 30 \
	82 9
LI
 wh 58590
CH
 lo 51167
 he 100
 lk 2
 lr 1
 sl	610 2 21 0 0 \
	630 2 28 0 0 \
	670 2 28 0 0 \
	680 2 21 0 0 \
	700 2 21 0 0 \
	612 2 28 1 0 \
	611 2 28 0 0 \
	635 1 14 0 0
 at 80
 df 80
CO
 li seek
 ar 0 0 0 0 0 0 0 0
 cs 2
 wa 1
 st 1
 ue 1
 de 6
 po 1
 pr 3

8326 char 0
na Shekinah
il	1 300
LI
 wh 31600
CH
 lo 51167
 pl 56754
 he 100
 lk 2
 lr 1
 sl	680 2 21 8 0 \
	610 2 21 24 0 \
	617 2 14 10 0 \
	682 2 14 14 0 \
	615 2 21 14 0 \
	616 2 14 3 0 \
	613 2 14 4 0 \
	630 2 28 0 0 \
	641 2 28 1 0 \
	612 2 28 1 0 \
	635 2 28 0 0 \
	730 2 21 0 0 \
	731 2 14 0 0 \
	733 2 14 0 0 \
	732 2 14 0 0 \
	720 2 21 0 0 \
	721 2 14 0 0 \
	700 2 21 0 0 \
	704 2 14 0 0
 bh 5
 at 80
 df 80
 mi 137
CM
 hs 1
MI
 ds The way of the Tree of Life
CO
 li explore
 ar 0 0 0 0 0 0 0 0
 cs 2
 wa 1
 st 1
 ue 1
 de 6
 pr 3

