51176 player pl_regular
na Stone Crown
il	1 5339 \
	77 25
ad 50106 51305 56754 
CH
PL
 fn Conrad C Chu
 em conradc@yahoo.com
 pw 2611?
 np 5
 fs 4
 ft 2
 so 1
 lt 260
 kn 69 600 601 602 603 610 611 612 613 614 \
	615 616 617 630 631 632 633 634 635 636 637 \
	639 641 650 651 652 653 654 655 656 657 658 \
	659 661 670 671 672 673 674 675 676 680 681 \
	682 690 691 692 693 694 695 696 697 700 701 \
	702 703 704 705 706 707 720 721 722 723 730 \
	731 732 733 750 751 800 801 802 803 804 805 \
	806 807 808 809 811 812 813 814 820 821 822 \
	823 824 825 826 827 828 829 831 832 833 840 \
	841 842 843 844 845 846 847 848 849 851 852 \
	860 861 862 863 864 865 866 867 868 869 871 \
	872 880 881 882 883 884 885 886 887 888 889 \
	891 892 893 894 900 901 902 903 904 905 906 \
	907 908 909 911 920 921 922 3969 4508 5677 6039 \
	6980 7986 8845 9228 9708 10058 10059 10060 10061 10062 10063 \
	10064 10065 10066 10067 10068 10069 10070 10071 10072 10073 10074 \
	10075 10076 10077 10158 10159 10160 10161 10162 10163 10164 10165 \
	10166 10167 10168 10169 10170 10171 10172 10173 10174 10175 10176 \
	10177 10178 10241 10242 10243 10246 10247 10248 10249 10250 10256 \
	10257 10258 10259 10260 10271 10272 10273 10274 10275 10276 10277 \
	10278 10279 10280 10286 10287 10288 10289 10339 10340 10341 10342 \
	10343 10344 10345 10346 10347 10350 10352 10353 10356 10357 10365 \
	10366 10367 10368 10369 10370 10371 10372 10373 10374 10375 10376 \
	10377 10378 10379 10380 10381 10382 10383 10384 10385 10386 10387 \
	10388 10389 10390 10391 10439 10440 10441 10442 10443 10444 10445 \
	10446 10447 10449 10450 10451 10452 10453 10454 10455 10456 10457 \
	10460 10461 10462 10463 10464 10465 10466 10467 10468 10469 10470 \
	10471 10472 10473 10474 10475 10476 10477 10478 10479 10480 10481 \
	10482 10483 10484 10485 10486 10487 10488 10489 10490 10491 10540 \
	10541 10542 10543 10544 10545 10546 10547 10548 10549 10550 10551 \
	10552 10553 10554 10558 10559 10560 10561 10562 10563 10564 10565 \
	10566 10569 10570 10571 10572 10573 10574 10575 10576 10577 10578 \
	10579 10580 10581 10582 10583 10584 10585 10586 10587 10588 10589 \
	10590 10591 10592 10593 10641 10642 10643 10644 10645 10646 10647 \
	10648 10649 10650 10651 10652 10653 10654 10655 10656 10657 10658 \
	10659 10660 10661 10662 10663 10664 10665 10666 10669 10670 10671 \
	10672 10673 10674 10675 10676 10677 10678 10679 10680 10681 10682 \
	10683 10684 10685 10686 10687 10688 10689 10690 10691 10692 10693 \
	10694 10704 10705 10744 10745 10746 10747 10750 10751 10752 10753 \
	10754 10755 10756 10757 10758 10759 10760 10761 10762 10763 10764 \
	10765 10766 10769 10771 10772 10773 10774 10777 10778 10779 10780 \
	10781 10782 10783 10784 10785 10786 10787 10788 10789 10790 10791 \
	10792 10793 10794 10795 10796 10816 10844 10845 10846 10847 10850 \
	10851 10852 10853 10854 10855 10856 10857 10858 10859 10860 10861 \
	10862 10863 10864 10865 10866 10867 10869 10871 10872 10878 10879 \
	10880 10881 10882 10883 10884 10885 10886 10887 10888 10889 10890 \
	10891 10892 10893 10894 10895 10896 10944 10945 10946 10947 10950 \
	10951 10952 10953 10954 10955 10956 10957 10958 10959 10960 10961 \
	10962 10963 10964 10965 10966 10967 10968 10969 10970 10971 10972 \
	10973 10974 10975 10979 10980 10981 10982 10983 10986 10987 10988 \
	10989 10990 10991 10992 10993 10994 10995 10996 10997 11044 11045 \
	11046 11047 11050 11051 11052 11053 11054 11055 11056 11057 11058 \
	11059 11060 11061 11062 11063 11064 11065 11066 11067 11068 11069 \
	11070 11071 11072 11073 11074 11075 11076 11077 11079 11080 11081 \
	11082 11083 11086 11087 11088 11089 11090 11091 11092 11093 11094 \
	11095 11096 11097 11145 11146 11147 11150 11151 11152 11153 11154 \
	11155 11156 11157 11158 11159 11160 11161 11162 11163 11164 11165 \
	11166 11167 11168 11169 11170 11171 11172 11173 11174 11175 11176 \
	11177 11181 11182 11183 11185 11186 11187 11188 11189 11190 11191 \
	11192 11193 11194 11195 11196 11197 11198 11246 11247 11250 11251 \
	11252 11253 11254 11255 11256 11257 11258 11259 11260 11261 11262 \
	11263 11264 11265 11266 11267 11268 11269 11270 11271 11272 11273 \
	11274 11275 11276 11277 11281 11283 11285 11286 11287 11288 11289 \
	11290 11291 11292 11293 11294 11295 11296 11297 11298 11347 11348 \
	11349 11350 11351 11354 11355 11356 11357 11358 11359 11360 11361 \
	11362 11363 11364 11365 11366 11367 11368 11369 11370 11371 11381 \
	11382 11383 11385 11386 11387 11388 11389 11390 11391 11392 11393 \
	11394 11395 11396 11397 11398 11447 11448 11449 11450 11451 11452 \
	11453 11454 11455 11456 11457 11458 11459 11460 11461 11462 11463 \
	11464 11465 11466 11467 11468 11469 11482 11483 11485 11486 11487 \
	11488 11489 11490 11491 11492 11493 11494 11495 11496 11497 11498 \
	11547 11548 11549 11550 11551 11552 11553 11554 11555 11556 11557 \
	11558 11559 11560 11561 11562 11563 11564 11565 11566 11567 11568 \
	11569 11570 11571 11582 11583 11585 11586 11587 11588 11589 11590 \
	11591 11592 11593 11594 11595 11596 11597 11598 11647 11648 11649 \
	11650 11651 11652 11653 11654 11655 11656 11657 11658 11659 11660 \
	11661 11662 11663 11664 11665 11666 11667 11668 11669 11670 11671 \
	11682 11683 11684 11685 11686 11687 11688 11689 11690 11691 11692 \
	11693 11694 11695 11747 11748 11749 11750 11751 11752 11753 11754 \
	11755 11756 11757 11758 11759 11760 11761 11762 11763 11764 11765 \
	11766 11767 11768 11769 11770 11771 11772 11773 11774 11775 11776 \
	11777 11778 11779 11780 11781 11782 11783 11784 11786 11787 11788 \
	11789 11790 11791 11792 11793 11794 11795 11842 11843 11844 11845 \
	11846 11847 11848 11849 11850 11851 11852 11853 11854 11855 11856 \
	11857 11858 11859 11860 11861 11862 11863 11864 11865 11866 11867 \
	11872 11873 11874 11875 11876 11877 11878 11879 11880 11881 11882 \
	11883 11884 11894 11895 11942 11943 11944 11945 11946 11947 11948 \
	11949 11950 11951 11952 11953 11954 11955 11956 11957 11958 11959 \
	11960 11961 11962 11963 11964 11965 11966 11967 11968 11969 11972 \
	11973 11974 11975 11976 11977 11978 11979 11980 11981 11982 11983 \
	11984 11985 11986 11987 12046 12047 12048 12049 12050 12051 12052 \
	12053 12054 12055 12056 12057 12058 12059 12060 12061 12062 12063 \
	12064 12065 12066 12067 12068 12069 12070 12072 12073 12074 12075 \
	12076 12077 12078 12079 12080 12081 12082 12083 12084 12085 12086 \
	12087 12088 12089 12090 12091 12092 12145 12146 12147 12148 12149 \
	12150 12151 12152 12153 12154 12155 12156 12157 12158 12159 12160 \
	12161 12162 12163 12164 12165 12166 12167 12169 12170 12171 12172 \
	12173 12174 12175 12176 12177 12178 12179 12180 12181 12182 12183 \
	12184 12185 12186 12187 12188 12189 12190 12192 12193 12245 12246 \
	12247 12248 12249 12250 12251 12252 12253 12254 12255 12256 12257 \
	12258 12259 12260 12261 12262 12263 12264 12265 12266 12267 12271 \
	12272 12273 12274 12275 12276 12277 12278 12279 12280 12281 12282 \
	12283 12284 12285 12286 12287 12288 12289 12290 12291 12292 12293 \
	12294 12342 12343 12344 12345 12346 12347 12348 12349 12350 12351 \
	12352 12353 12354 12355 12356 12357 12358 12359 12360 12361 12362 \
	12363 12364 12365 12366 12367 12381 12382 12383 12384 12385 12386 \
	12387 12388 12389 12390 12391 12392 12393 12394 12395 12396 12442 \
	12443 12444 12445 12446 12447 12448 12449 12450 12451 12452 12453 \
	12454 12455 12456 12457 12458 12459 12460 12461 12462 12463 12464 \
	12465 12466 12467 12472 12473 12474 12475 12476 12477 12478 12479 \
	12480 12481 12482 12483 12484 12485 12486 12487 12488 12489 12490 \
	12491 12492 12493 12494 12495 12496 12497 12539 12540 12541 12542 \
	12543 12544 12545 12546 12547 12548 12549 12550 12551 12552 12553 \
	12554 12555 12556 12557 12558 12559 12560 12561 12562 12563 12564 \
	12565 12566 12567 12572 12573 12574 12575 12576 12577 12578 12579 \
	12580 12581 12582 12583 12584 12585 12586 12587 12588 12589 12590 \
	12591 12592 12593 12595 12596 12597 12639 12640 12641 12642 12643 \
	12644 12645 12646 12647 12648 12649 12650 12651 12652 12653 12654 \
	12655 12656 12657 12658 12659 12660 12661 12662 12663 12664 12665 \
	12666 12667 12668 12669 12670 12671 12672 12673 12674 12675 12676 \
	12677 12678 12679 12680 12681 12682 12683 12684 12685 12686 12687 \
	12688 12689 12690 12691 12692 12693 12694 12695 12696 12697 12746 \
	12747 12748 12749 12754 12755 12756 12757 12758 12759 12760 12761 \
	12762 12763 12764 12765 12766 12767 12768 12769 12770 12771 12772 \
	12773 12774 12775 12776 12777 12778 12779 12780 12781 12782 12783 \
	12784 12785 12786 12787 12788 12789 12790 12791 12792 12793 12794 \
	12795 12796 12797 12867 12868 12869 12870 12871 12872 12873 12874 \
	12875 12876 12877 12878 12879 12880 12881 12882 12884 12885 12886 \
	12887 12888 12889 12890 12891 12892 12893 12894 12895 12896 12897 \
	12968 12969 12970 12977 12979 12980 12981 12982 12984 12985 12986 \
	12987 12988 12989 12990 12991 12992 12993 12994 12995 12996 12997 \
	13068 13069 13077 13078 13079 13080 13081 13082 13083 13084 13085 \
	13086 13087 13088 13089 13090 13091 13092 13093 13094 13095 13096 \
	13097 13168 13169 13177 13178 13180 13182 13183 13184 13185 13186 \
	13187 13188 13189 13190 13191 13192 13193 13194 13195 13196 13197 \
	13268 13269 13277 13278 13279 13280 13281 13282 13283 13284 13285 \
	13286 13287 13288 13289 13290 13291 13292 13293 13294 13295 13296 \
	13343 13344 13345 13346 13347 13359 13360 13361 13362 13363 13364 \
	13365 13366 13367 13368 13369 13370 13380 13381 13382 13383 13384 \
	13385 13386 13387 13388 13389 13390 13391 13392 13393 13394 13395 \
	13439 13440 13441 13442 13443 13444 13445 13446 13457 13458 13459 \
	13470 13471 13482 13483 13484 13487 13488 13489 13490 13491 13492 \
	13493 13494 13508 13538 13539 13543 13544 13545 13546 13547 13555 \
	13556 13557 13571 13584 13586 13587 13588 13589 13590 13591 13592 \
	13593 13594 13637 13638 13643 13646 13647 13648 13649 13650 13651 \
	13655 13656 13657 13658 13671 13684 13686 13736 13737 13743 13746 \
	13748 13749 13750 13751 13758 13759 13761 13762 13763 13771 13782 \
	13783 13784 13785 13786 13835 13836 13837 13843 13846 13847 13848 \
	13849 13850 13851 13859 13860 13861 13863 13870 13871 13882 13884 \
	13885 13886 13887 13888 13889 13935 13936 13937 13943 13949 13950 \
	13951 13952 13953 13954 13955 13960 13961 13962 13963 13970 13980 \
	13981 13982 13986 13987 13988 13989 13990 13991 13992 14036 14037 \
	14038 14039 14040 14043 14049 14050 14051 14052 14053 14055 14059 \
	14060 14061 14062 14063 14064 14065 14066 14070 14077 14078 14079 \
	14080 14089 14090 14091 14092 14093 14094 14095 14136 14137 14138 \
	14139 14140 14143 14149 14152 14153 14155 14159 14160 14161 14162 \
	14163 14164 14165 14166 14168 14169 14170 14171 14172 14173 14174 \
	14175 14176 14177 14190 14191 14195 14196 14232 14233 14234 14235 \
	14236 14237 14238 14239 14240 14243 14249 14250 14251 14252 14253 \
	14254 14255 14259 14260 14261 14262 14263 14268 14269 14270 14273 \
	14274 14275 14276 14290 14296 14297 14332 14338 14339 14343 14347 \
	14348 14349 14350 14352 14353 14359 14360 14361 14362 14363 14364 \
	14365 14366 14367 14368 14369 14390 14397 14432 14434 14435 14436 \
	14437 14438 14439 14443 14444 14445 14446 14447 14448 14449 14450 \
	14451 14452 14453 14454 14455 14456 14457 14458 14459 14469 14485 \
	14490 14497 14531 14532 14533 14534 14538 14539 14540 14541 14542 \
	14543 14545 14546 14548 14549 14550 14551 14552 14553 14569 14585 \
	14586 14590 14597 14631 14632 14633 14641 14643 14644 14645 14648 \
	14649 14650 14669 14670 14671 14685 14686 14690 14697 14743 14744 \
	14750 14771 14785 14786 14787 14788 14790 14791 14797 14850 14871 \
	14872 14885 14886 14888 14889 14890 14891 14897 14941 14942 14943 \
	14944 14945 14946 14947 14948 14950 14972 14973 14974 14986 14987 \
	14996 14997 15041 15044 15045 15046 15047 15048 15050 15073 15087 \
	15095 15096 15141 15144 15146 15147 15148 15149 15150 15173 15187 \
	15188 15194 15195 15234 15240 15241 15243 15244 15246 15248 15249 \
	15250 15251 15252 15273 15288 15289 15290 15291 15292 15293 15294 \
	15340 15343 15346 15347 15348 15349 15350 15351 15352 15373 15440 \
	15443 15450 15451 15452 15453 15454 15455 15473 15540 15543 15550 \
	15551 15552 15553 15554 15555 15573 15640 15641 15642 15643 15673 \
	15740 15773 15828 15873 15973 16073 16173 16273 16373 16517 17585 \
	18005 18006 18007 18008 18246 18706 19451 20030 20053 20101 20126 \
	20178 20180 20201 20237 20262 20289 20352 20416 20434 20496 20502 \
	20504 20622 20638 20641 20662 20700 20719 20764 20766 20774 20776 \
	20804 20822 20855 20897 21065 21098 21117 21167 21194 21252 21258 \
	21303 21345 21349 21350 21364 21426 21458 21463 21511 21550 21553 \
	21560 21575 21578 21605 21674 21777 21822 21827 21850 21894 21967 \
	21988 21991 22085 22143 22179 22232 22238 22302 22327 22358 22487 \
	22495 22515 22554 22593 22754 22759 22776 22800 22831 22873 22950 \
	22957 22959 23023 23075 23091 23093 23155 23167 23186 23264 23270 \
	23271 23317 23352 23358 23402 23405 23453 23455 23467 23479 23511 \
	23528 23647 23675 23684 23731 23736 23741 23748 23751 23755 23874 \
	23952 23958 23971 23990 24031 24082 24112 24162 24230 24239 24270 \
	24395 24399 24413 24432 24477 24543 24552 24593 24662 24678 24691 \
	24741 24779 24780 24795 24800 24807 24824 24832 24965 25013 25025 \
	25092 25200 25276 25312 25316 25354 25400 25459 25495 25530 25535 \
	25543 25577 25650 25685 25711 25764 25803 25809 25837 25922 25961 \
	26094 26097 26135 26245 26251 26285 26394 26399 26466 26487 26542 \
	26626 26634 26636 26643 26716 26757 26778 26836 26841 26928 26936 \
	27025 27026 27191 27249 27271 27289 27294 27307 27421 27493 27516 \
	27564 27666 27669 27692 27718 27805 27808 27875 27898 27996 28018 \
	28083 28117 28277 28329 28374 28391 28399 28428 28441 28458 28517 \
	28533 28555 28562 28604 28606 28623 28645 28664 28685 28791 28793 \
	28817 28832 28895 28907 29109 29157 29211 29300 29343 29432 29493 \
	29512 29545 29590 29640 29678 29741 29790 29816 29912 29934 29945 \
	29953 29975 30004 30117 30146 30200 30287 30356 30417 30556 30609 \
	30648 30678 30710 30713 30746 30760 30866 30871 30885 30909 30934 \
	31053 31103 31131 31149 31279 31294 31392 31467 31472 31499 31509 \
	31575 31580 31603 31625 31649 31688 31746 31765 31778 31787 31791 \
	31823 31904 31927 31934 32030 32070 32082 32185 32289 32313 32321 \
	32431 32443 32510 32529 32670 32673 32720 32734 32742 32833 32837 \
	32841 32844 32847 32863 32881 32978 32990 33063 33067 33121 33122 \
	33178 33244 33268 33285 33286 33303 33363 33402 33518 33535 33608 \
	33612 33643 33675 33700 33734 33757 33805 33857 33862 33925 33995 \
	34011 34167 34279 34337 34374 34378 34386 34411 34437 34508 34527 \
	34542 34546 34590 34596 34680 34700 34702 34715 34756 34802 34815 \
	34858 34859 34867 34883 34982 35002 35014 35078 35099 35180 35204 \
	35207 35213 35236 35242 35256 35288 35303 35374 35401 35415 35422 \
	35466 35547 35565 35608 35613 35636 35648 35654 35676 35677 35710 \
	35742 35753 35863 35949 35967 35976 36017 36049 36051 36086 36105 \
	36119 36139 36140 36278 36288 36292 36315 36350 36353 36555 36570 \
	36669 36688 36697 36717 36886 36900 36913 36924 36959 37004 37016 \
	37049 37118 37126 37154 37190 37243 37344 37377 37398 37476 37478 \
	37503 37539 37558 37560 37649 37680 37692 37718 37719 37722 37727 \
	37747 37758 37772 37803 37805 37851 37899 37917 37943 38003 38010 \
	38048 38077 38078 38114 38131 38236 38308 38320 38561 38591 38636 \
	38743 38755 38757 38951 38969 38989 39004 39059 39080 39102 39115 \
	39160 39183 39194 39202 39246 39266 39275 39310 39337 39375 39456 \
	39511 39522 39538 39599 39625 39626 39776 39780 39781 39825 39958 \
	39991 40006 40015 40087 40094 40131 40162 40180 40232 40343 40391 \
	40441 40474 40573 40597 40753 40765 40792 40904 41003 41006 41026 \
	41057 41096 41130 41211 41249 41335 41395 41412 41464 41503 41637 \
	41660 41774 41846 41853 41856 41858 41900 41991 42166 42178 42228 \
	42248 42281 42330 42367 42428 42435 42444 42834 42871 42905 42973 \
	42976 43067 43129 43143 43164 43247 43251 43261 43280 43287 43303 \
	43384 43388 43398 43425 43484 43487 43506 43515 43580 43639 43695 \
	43717 43720 43787 43788 43807 43810 43903 43909 43930 43949 44004 \
	44013 44058 44109 44211 44219 44221 44239 44240 44243 44345 44356 \
	44361 44390 44492 44507 44635 44656 44710 44744 44753 44763 44786 \
	44859 44862 44882 44900 44921 44953 44955 44959 44989 45008 45050 \
	45066 45067 45086 45123 45125 45141 45162 45188 45266 45272 45285 \
	45311 45319 45356 45587 45635 45636 45644 45649 45666 45667 45675 \
	45758 45803 45860 45885 45954 46051 46068 46167 46173 46195 46201 \
	46217 46335 46424 46437 46450 46457 46480 46489 46519 46553 46570 \
	46760 46833 46897 46959 47066 47176 47219 47225 47303 47390 47447 \
	47467 47490 47506 47576 47600 47637 47680 47737 47747 47761 47882 \
	47917 47920 47934 47959 47985 48015 48081 48181 48198 48286 48299 \
	48307 48321 48333 48390 48395 48481 48503 48507 48537 48544 48578 \
	48694 48866 48882 48918 48982 48989 48999 49073 49178 49216 49257 \
	49272 49325 49396 49466 49470 49523 49534 49560 49563 49661 49718 \
	49765 49791 49833 49836 49918 49950 56806 56938 56952 57027 57028 \
	57031 57047 57088 57114 57134 57154 57165 57241 57263 57266 57294 \
	57352 57357 57477 57497 57516 57531 57539 57553 57570 57625 57628 \
	57646 57658 57666 57679 57704 57712 57714 57743 57748 57757 57798 \
	57826 57852 57870 57891 57893 57948 58014 58031 58074 58138 58323 \
	58364 58424 58447 58462 58485 58521 58539 58548 58565 58575 58582 \
	58589 58590 58641 58643 58644 58687 58707 58736 58738 58755 58758 \
	59229 59246 59344 59400 59450 59561 59592 59605 60034 60047 60050 \
	60320 60440 60679 60727 60838 60910 61216 61486 61872 61930 61952 \
	62105 62112 62115 62182 62217 62266 62374 62976 63075 63363 63517 \
	63730 63754 63867 64060 64239 64324 64610 64716 64882 64904 65050 \
	65196 65276 65434 65516 65610 65785 66128 66152 66215 66567 66636 \
	66688 66805 66850 66935 66941 67083 67184 67290 67331 67587 67739 \
	67955 67960 68550 68579 68586 68906 69035 69234 69475 69526 69581 \
	69642 69809 69837 70002 70009 70128 70156 70229 70537 70694 70768 \
	70769 71618 71883 71916 72169 72369 72390 72502 72515 72688 72743 \
	73180 73225 73264 73662 73869 74383 74572 75136 75337 75479 75748 \
	76663 76963 77084 77179 77268 77361 77384 77912 78061 78380 78538 \
	78747 78877 78923 88850 111143 119141 121735 127364 
 un 61997 1522 65793 2382 3633 3234 67696 3131 74943 \
	9960 1291 7100 2040 74828 3379 65408 
 uf 125181 103814 97348 149932 116596 
 am 1291 0 50106 51896 55976 51305 55985 56754 
 am 1522 0 50106 51896 55976 51305 55985 56754 
 am 2382 0 50106 51896 55976 51305 55985 56754 
 am 3131 0 50106 51896 55976 51305 55985 56754 
 am 3379 0 50106 51896 55976 51305 55985 56754 
 am 3633 0 50106 51896 55976 51305 55985 56754 
 am 3969 0 50106 51896 55976 51305 55985 56754 
 am 5677 0 50106 50765 51167 51305 51516 51896 55749 \
	55985 56183 56406 56754 
 am 6980 0 50106 51896 55976 51305 55985 56754 
 am 7100 0 50106 51896 55976 51305 55985 56754 
 am 7986 0 50106 51896 55976 51305 55985 56754 
 am 8000 0 50106 51896 55976 51305 55985 56754 
 am 9228 0 50106 51896 55976 51305 55985 56754 
 am 9960 0 50106 51896 55976 51305 55985 56754 
 am 67254 0 50106 51896 55976 51305 55985 56754 
CO
 li accept zz4 0
 ar 56754 0 0 0 0 0 0 0
 st 1

61997 char 0
na Yolan
il	1 274 \
	54 1
LI
 wh 13647
CH
 lo 51176
 he 100
 lk 1
 lr 250
 sl	610 2 21 0 0 \
	630 2 28 0 0 \
	641 2 28 1 0 \
	612 2 28 1 0 \
	634 2 14 0 0
 at 80
 df 80
CM
 hs 1
CO
 li move bv47
 ar 13647 2 13647 0 0 5 13646 0
 st 1
 ue 1
 de 5
 pr 2

1522 char 0
na Karmon
il	1 459 \
	52 2 \
	84 1 \
	98 3 \
	125134 1
tl	2 99 4 126 0 0 0 0
LI
 wh 14363
CH
 lo 51176
 he 100
 lk 3
 lr 821
 sl	630 2 28 0 0 \
	635 2 28 0 0 \
	631 2 14 24 0 \
	610 2 21 15 0 \
	612 2 28 1 0 \
	632 2 14 0 0 \
	641 2 28 2 0 \
	634 2 14 0 0 \
	633 2 14 0 0 \
	611 2 28 0 0 \
	617 2 14 3 0 \
	616 2 14 2 0
 at 80
 df 80
 ct 8892 
CM
 hs 1
 pl 117325
CO
 li explore
 ar 0 0 0 0 0 0 0 0
 ue 1
 de 7
 pr 3

65793 char 0
na Boris
il	1 310 \
	52 2
LI
 wh 14553
CH
 lo 51176
 he 100
 lk 1
 lr 150
 sl	630 2 28 0 0 \
	641 2 28 1 0 \
	610 2 21 0 0 \
	612 2 28 1 0
 at 80
 df 80
CM
 hs 1
CO
 li move s
 ar 0 3 14553 0 0 4 14453 0
 st 1
 ue 1
 de 4
 pr 2

2382 char 0
na Benis
il	1 1510 \
	68 25 \
	79 15
tl	2 95 6 7 0 0 0 0
LI
 wh 12086
CH
 lo 51176
 pl 100
 he 100
 lk 1
 lr 250
 sl	700 2 21 0 0 \
	702 2 14 17 0 \
	703 2 14 168 0 \
	720 2 21 0 0 \
	722 2 14 33 0 \
	610 2 21 66 0 \
	721 2 14 65 0 \
	690 2 28 0 0 \
	612 2 28 1 0 \
	723 2 14 60 0 \
	693 2 21 0 0 \
	692 2 21 0 0 \
	694 2 21 0 0 \
	701 2 14 0 0 \
	704 2 14 0 0 \
	691 2 21 0 0 \
	705 2 14 0 0 \
	611 2 28 0 0
 ra 70
 at 80
 df 80
CM
 pl 1088
CO
 li use 615
 ar 615 0 0 0 0 0 0 0
 wa -1
 us 615
 ue 5
 po 1
 pr 3

3633 char 0
na Polo
il	1 906 \
	10 5 \
	82 4 \
	84 1 \
	98 10 \
	59477 1 \
	62175 1 \
	65747 1 \
	66752 1 \
	70475 1 \
	71009 1 \
	72129 1 \
	72250 1 \
	74909 1 \
	75668 1 \
	77098 1 \
	85375 1 \
	118566 1 \
	146564 1
tl	2 99 77 126 0 0 0 0 \
	2 95 16 7 0 0 0 0 \
	2 94 29 4 0 0 0 0
LI
 wh 1513
CH
 lo 51176
 pl 100
 he 100
 lk 1
 lr 350
 sl	730 2 21 0 0 \
	880 2 42 0 0 \
	888 2 21 4 0 \
	893 2 21 0 0 \
	881 2 14 1 0 \
	882 2 14 0 0 \
	883 2 14 3 0 \
	889 2 21 0 0 \
	731 2 14 0 0 \
	732 2 14 4 0 \
	885 2 14 0 0 \
	733 2 14 1 0 \
	887 2 21 7 0 \
	894 2 21 0 0 \
	884 2 28 1 0 \
	891 2 21 0 0 \
	892 2 21 12 0 \
	886 2 14 0 0 \
	920 2 0 0 0 \
	922 2 28 51 0 \
	921 2 28 8 0 \
	610 2 21 51 0 \
	612 2 28 1 0 \
	611 2 28 0 0 \
	630 2 28 0 0 \
	641 2 28 1 0 \
	616 2 14 24 0 \
	614 2 14 19 0 \
	615 2 21 4 0 \
	617 2 14 4 0 \
	670 2 28 0 0 \
	671 2 14 1 0 \
	720 2 21 0 0 \
	721 2 14 4 0 \
	722 2 14 4 0
 at 257
 df 198
 mi 50
CM
 im 1
 ma 3
 ca 24
 hs 1
 ar 77098
MI
 di 4
CO
 li seek
 ar 0 0 0 0 0 0 0 0
 cs 2
 wa 6
 st 1
 ue 4
 de 1
 po 1
 pr 3

3234 char 0
na Xeon
il	1 3418 \
	98 5
tl	2 99 75 126 0 0 0 0 \
	2 94 97 4 0 0 0 0
LI
 wh 1513
CH
 lo 51176
 he 100
 lk 3
 lr 9
 sl	610 2 21 16 0 \
	612 2 28 2 0 \
	630 2 28 0 0 \
	615 2 21 25 0 \
	616 2 14 21 0 \
	614 2 14 22 0 \
	641 2 28 1 0 \
	634 2 14 0 0 \
	611 2 28 0 0
 at 158
 df 167
 mi 167
CM
 hs 1
CO
 li use 615
 ar 0 0 0 0 0 0 0 615
 st 1
 us 615
 ue 4
 de 6
 pr 3

67696 char 0
na Fredrick
il	1 954 \
	94 1
tl	2 94 76 4 0 0 0 0
LI
 wh 1513
CH
 lo 51176
 he 100
 lk 1
 lr 400
 sl	750 2 35 0 0 \
	751 1 7 0 0
 bp 50
 at 80
 df 80
CO
 li make 94
 ar 94 0 0 16 0 0 0 0
 st 1
 de 16
 po 1
 pr 3

3131 char 0
na Naher
il	1 4287 \
	51 4 \
	53 7 \
	54 10 \
	69 6 \
	76 3 \
	98 4 \
	285 76 \
	73477 1 \
	107567 1
tl	2 99 115 126 0 0 0 0 \
	2 95 23 7 0 0 0 0 \
	2 94 95 4 0 0 0 0
LI
 wh 1513
CH
 lo 51176
 he 100
 lk 3
 lr 823
 sl	650 2 28 0 0 \
	610 2 21 11 0 \
	655 2 14 134 0 \
	656 2 14 60 0 \
	612 2 28 1 0 \
	652 2 28 0 0 \
	653 2 28 0 0 \
	654 2 28 74 0 \
	657 2 21 96 0 \
	651 2 21 0 0 \
	611 2 28 0 0
 at 80
 df 80
CO
 li breed 76 76
 ar 76 76 0 0 0 0 0 0
 cs 2
 wa 2
 st 1
 ue 5
 de 4
 pr 3

74943 char 0
na Pauline
il	1 1773 \
	10 5 \
	12 64 \
	15 100 \
	54 1 \
	82 10 \
	94 2 \
	98 2 \
	76407 1 \
	84254 1 \
	119658 1 \
	149780 1
LI
 wh 5677
CH
 lo 51176
 pl 55985
 he 100
 lk 2
 lr 1
 sl	610 2 21 0 0 \
	840 2 35 0 0 \
	900 2 42 0 0 \
	848 2 21 0 0 \
	843 2 21 0 0 \
	851 2 21 1 0 \
	844 2 21 0 0 \
	845 2 21 0 0 \
	852 2 21 0 0 \
	846 2 21 0 0 \
	842 2 14 2 0 \
	847 2 21 0 0 \
	849 2 21 2 0 \
	911 2 21 0 0 \
	906 2 21 0 0 \
	905 2 21 0 0 \
	904 2 21 0 0 \
	907 2 21 0 0 \
	909 2 21 10 0 \
	908 2 28 4 0 \
	903 2 21 0 0 \
	841 2 21 1 0 \
	902 2 21 0 0 \
	860 2 35 0 0 \
	861 2 14 0 0 \
	862 2 14 0 0 \
	871 2 21 0 0 \
	869 2 14 0 0 \
	867 2 21 0 0 \
	865 2 14 0 0 \
	800 2 0 0 0 \
	680 2 0 0 0 \
	630 2 0 0 0 \
	802 2 0 24 0 \
	801 2 0 0 0 \
	682 2 0 0 0 \
	803 2 0 2 0 \
	612 2 0 1 0 \
	804 2 0 0 0 \
	807 2 0 0 0 \
	812 2 0 0 0 \
	808 2 0 0 0 \
	805 2 0 0 0 \
	813 2 0 20 0 \
	811 2 0 0 0 \
	809 2 0 0 0 \
	806 2 0 0 0 \
	814 2 0 0 0 \
	681 2 0 0 0 \
	641 2 0 1 0 \
	901 2 28 0 0 \
	863 2 14 0 0 \
	864 2 14 0 0 \
	866 2 14 0 0 \
	868 2 21 0 0 \
	820 2 0 0 0 \
	700 2 0 0 0 \
	880 2 0 0 0 \
	920 2 0 0 0 \
	821 2 0 0 0 \
	702 2 0 0 0 \
	703 2 0 0 0 \
	704 2 0 0 0 \
	822 2 0 0 0 \
	823 2 0 0 0 \
	705 2 0 0 0 \
	701 2 0 0 0 \
	824 2 0 0 0 \
	832 2 0 2 0 \
	831 2 0 0 0 \
	827 2 0 0 0 \
	826 2 0 0 0 \
	833 2 0 0 0 \
	828 2 0 0 0 \
	829 2 0 9 0 \
	825 2 0 1 0 \
	614 2 0 8 0 \
	707 2 0 0 0 \
	706 2 0 0 0 \
	881 2 0 1 0 \
	887 2 21 0 0 \
	886 2 14 0 0 \
	884 2 28 0 0 \
	889 2 21 0 0 \
	888 2 21 0 0 \
	892 2 21 0 0 \
	894 2 21 0 0 \
	885 2 14 2 0 \
	891 2 21 0 0 \
	893 2 21 0 0 \
	921 2 28 29 0 \
	922 2 28 3 0 \
	670 2 28 0 0 \
	671 2 14 1 0 \
	611 2 28 0 0 \
	616 2 14 7 0 \
	617 2 14 0 0
 ra 40
 at 121
 df 115
CM
 im 1
 ma 1
 ca 122
 hs 1
 kw 1
 pl 1763
 ar 84254
CO
 li seek
 ar 0 0 0 0 0 0 0 0
 cs 2
 wa 2
 st 1
 ue 2
 de 5
 po 1
 pr 3

9960 char 0
na Marcus
il	1 1373 \
	52 1 \
	82 1 \
	84 1 \
	98 3 \
	59058 1 \
	59310 1 \
	59462 1 \
	59618 1 \
	59984 1 \
	60460 1 \
	60898 1 \
	60933 1 \
	61009 1 \
	61209 1 \
	61360 1 \
	61505 1 \
	62022 1 \
	62488 1 \
	62773 1 \
	64208 1 \
	64600 1 \
	65715 1 \
	65743 1 \
	65782 1 \
	66658 1 \
	66894 1 \
	67000 1 \
	67024 1 \
	67173 1 \
	67493 1 \
	68119 1 \
	68225 1 \
	68631 1 \
	68632 1 \
	68683 1 \
	69173 1 \
	69215 1 \
	69355 1 \
	69659 1 \
	70346 1 \
	70371 1 \
	70579 1 \
	70678 1 \
	71412 1 \
	71430 1 \
	71611 1 \
	73070 1 \
	74082 1 \
	74107 1 \
	74272 1 \
	75477 1 \
	75662 1 \
	75963 1 \
	75986 1 \
	76089 1 \
	76267 1 \
	76682 1 \
	76769 1 \
	76855 1 \
	77469 1 \
	77753 1 \
	78069 1 \
	78252 1 \
	78373 1 \
	78790 1 \
	98948 1 \
	102014 1 \
	111752 1 \
	121227 1 \
	122157 1 \
	123876 1 \
	132188 1 \
	133241 1 \
	140273 1 \
	144261 1
tl	2 94 80 4 0 0 0 0 \
	2 95 93 7 0 0 0 0
LI
 wh 5677
CH
 lo 51176
 he 100
 lk 2
 lr 1
 sl	680 2 21 8 0 \
	610 2 21 6 0 \
	612 2 28 1 0 \
	900 2 42 0 0 \
	911 2 21 2 0 \
	616 2 14 23 0 \
	902 2 21 1 0 \
	908 2 28 7 0 \
	903 2 21 3 0 \
	905 2 21 1 0 \
	907 2 21 0 0 \
	904 2 21 0 0 \
	906 2 21 0 0 \
	909 2 21 0 0 \
	820 2 0 0 0 \
	700 2 0 0 0 \
	825 2 0 0 0 \
	827 2 0 0 0 \
	821 2 0 0 0 \
	833 2 0 0 0 \
	822 2 0 0 0 \
	826 2 0 0 0 \
	829 2 0 0 0 \
	831 2 0 0 0 \
	828 2 0 0 0 \
	823 2 0 1 0 \
	824 2 0 0 0 \
	832 2 0 1 0 \
	706 2 0 0 0 \
	705 2 0 0 0 \
	704 2 0 0 0 \
	703 2 0 0 0 \
	702 2 0 0 0 \
	701 2 0 0 0 \
	880 2 42 0 0 \
	840 2 0 0 0 \
	682 2 0 1 0 \
	841 2 0 1 0 \
	849 2 0 9 0 \
	845 2 0 0 0 \
	847 2 0 0 0 \
	843 2 0 0 0 \
	848 2 0 0 0 \
	681 2 0 0 0 \
	842 2 0 0 0 \
	844 2 0 0 0 \
	852 2 0 0 0 \
	846 2 0 0 0 \
	851 2 0 10 0 \
	885 2 14 6 0 \
	886 2 14 2 0 \
	887 2 21 0 0 \
	889 2 21 0 0 \
	891 2 21 0 0 \
	884 2 28 3 0 \
	892 2 21 0 0 \
	894 2 21 0 0 \
	893 2 21 2 0 \
	883 2 14 1 0 \
	882 2 14 0 0 \
	881 2 14 1 0 \
	888 2 21 0 0 \
	600 2 0 0 0 \
	860 2 0 0 0 \
	630 2 0 0 0 \
	602 2 0 0 0 \
	601 2 0 0 0 \
	603 2 0 0 0 \
	861 2 0 0 0 \
	862 2 0 0 0 \
	868 2 0 0 0 \
	869 2 0 0 0 \
	867 2 0 0 0 \
	864 2 0 0 0 \
	871 2 0 0 0 \
	865 2 0 0 0 \
	872 2 0 0 0 \
	866 2 0 0 0 \
	863 2 0 0 0 \
	641 2 0 1 0 \
	800 2 28 0 0 \
	801 2 14 0 0 \
	802 2 14 12 0 \
	803 2 14 1 0 \
	804 2 21 0 0 \
	805 2 14 0 0 \
	611 2 28 0 0 \
	806 2 21 0 0 \
	807 2 21 0 0 \
	808 2 21 0 0 \
	614 2 14 19 0 \
	809 2 21 0 0 \
	811 2 21 0 0 \
	812 2 21 0 0 \
	813 2 21 13 0 \
	814 2 21 0 0 \
	901 2 28 0 0 \
	920 2 0 0 0 \
	921 2 28 13 0 \
	922 2 28 4 0 \
	615 2 21 0 0 \
	617 2 14 4 0 \
	634 2 14 0 0
 at 183
 df 177
 mi 50
CM
 im 1
 ma 3
 ca 775
 hs 1
 kw 1
 pl 1763
 ar 133241
CO
 li use 614
 ar 614 0 0 0 0 0 0 0
 wa -1
 st 1
 ue 4
 po 1
 pr 3

1291 char 0
na Jose
il	1 3163 \
	10 10 \
	51 5 \
	53 6 \
	69 1 \
	73 2 \
	74 129 \
	76 7 \
	78 55 \
	79 43 \
	82 159 \
	83 1 \
	85 4 \
	93 199 \
	95 13 \
	98 63 \
	271 11 \
	285 66 \
	287 1 \
	295 1 \
	75656 1 \
	77817 1 \
	78134 1
tl	2 94 18 4 0 0 0 0 \
	2 99 78 126 0 0 0 0
LI
 wh 5677
 hl 7100 
CH
 lo 51176
 he 100
 lk 1
 lr 350
 sl	650 2 28 0 0 \
	654 2 28 211 0 \
	661 2 21 4 0 \
	657 2 21 165 0 \
	610 2 21 22 0 \
	658 2 21 0 0 \
	659 2 21 0 0 \
	612 2 28 1 0 \
	653 2 28 0 0 \
	651 2 21 0 0 \
	611 2 28 0 0 \
	652 2 28 0 0 \
	655 2 14 0 0 \
	656 2 14 13 0
 at 80
 df 80
CM
 pl 1763
CO
 li make 53 1
 ar 53 1 1 0 0 0 0 0
 cs 2
 wa 2
 st 1
 ue 5
 de 4
 pr 3

7100 char 0
na Theo
il	52 15 \
	54 3 \
	72 125 \
	73 26 \
	98 1
tl	2 94 95 4 0 0 0 0 \
	2 99 84 126 0 0 0 0
ah 7080 8223 66305 
LI
 wh 1291
CH
 lo 51176
 he 100
 lk 2
 lr 1
 sl	610 2 21 25 0 \
	611 2 28 0 0 \
	612 2 28 1 0 \
	617 2 14 56 0 \
	616 2 14 48 0 \
	615 2 21 47 0 \
	630 2 28 0 0 \
	670 2 28 0 0 \
	671 2 14 0 0 \
	614 2 14 7 0 \
	641 2 28 0 0 \
	634 2 14 2 0
 at 125
 df 113
 mi 150
CM
 pl 1763
CO
 li use 614
 ar 0 0 0 0 0 0 0 614
 cs 2
 wa 2
 st 1
 us 614
 ue 2
 de 5
 pr 3

2040 char 0
na Walter
il	1 1238 \
	98 13
tl	2 94 91 4 0 0 0 0 \
	2 99 118 126 0 0 0 0
LI
 wh 12387
CH
 lo 51176
 he 100
 lk 3
 lr 23
 sl	610 2 21 36 0 \
	720 2 21 0 0 \
	722 2 14 21 0 \
	721 2 14 17 0 \
	612 2 28 1 0 \
	723 2 14 7 0 \
	616 2 14 34 0 \
	611 2 28 0 0 \
	614 2 14 25 0 \
	615 2 21 24 0 \
	617 2 14 0 0
 at 172
 df 168
 mi 100
CM
 pl 2117
CO
 li use 614
 ar 0 0 0 0 0 0 0 614
 cs 2
 wa 4
 st 1
 us 614
 ue 4
 de 2
 pr 3

74828 char 0
na Donald
il	1 1356
tl	2 94 35 4 0 0 0 0
LI
 wh 12389
CH
 lo 51176
 he 100
 lk 1
 lr 350
 sl	610 2 21 15 0 \
	612 2 28 2 0 \
	611 2 28 0 0 \
	614 2 14 26 0 \
	616 2 14 33 0
 at 213
 df 202
CO
 li use 616
 ar 0 0 0 0 0 0 0 616
 cs 2
 wa 3
 st 1
 us 616
 ue 4
 de 3
 pr 3

3379 char 0
na Erik the Dark
il	1 1237 \
	54 2 \
	84 1 \
	73894 1
tl	2 99 120 126 0 0 0 0 \
	2 95 91 7 0 0 0 0 \
	2 94 88 4 0 0 0 0
LI
 wh 12758
CH
 lo 51176
 he 100
 lk 3
 lr 817
 sl	630 2 28 0 0 \
	631 2 14 39 0 \
	635 2 28 0 0 \
	730 2 21 0 0 \
	731 2 14 0 0 \
	732 2 14 4 0 \
	733 2 14 2 0 \
	632 2 14 0 0 \
	633 2 14 1 0 \
	634 2 14 0 0 \
	610 2 21 19 0 \
	612 2 28 1 0 \
	690 2 28 0 0 \
	691 2 21 1 0 \
	692 2 21 0 0 \
	693 2 21 0 0 \
	616 2 14 10 0 \
	720 2 21 0 0 \
	697 2 28 0 0 \
	641 2 28 1 0 \
	721 2 14 12 0 \
	611 2 28 0 0 \
	694 2 21 0 0 \
	637 2 21 0 0 \
	722 2 14 10 0 \
	723 2 14 11 0 \
	615 2 21 12 0 \
	614 2 14 11 0 \
	696 2 14 0 0 \
	695 2 21 1 0 \
	636 2 14 0 0 \
	639 2 21 0 0 \
	617 2 14 0 0 \
	613 2 14 0 0 \
	670 2 28 0 0 \
	671 2 14 0 0
 at 118
 df 118
 mi 119
CM
 hs 1
CO
 li use 615
 ar 615 0 0 0 0 0 0 0
 wa -1
 st 1
 ue 2
 po 1
 pr 3

65408 char 0
na Arnis
il	1 32 \
	52 1
LI
 wh 47506
CH
 lo 51176
 he 100
 lk 2
 lr 1
 sl	630 2 28 0 0 \
	641 2 28 1 0
 bp 50
 at 80
 df 80
CM
 hs 1
CO
 li explore
 ar 0 0 0 0 0 0 0 0
 ue 1
 de 7
 pr 3

