51304 player pl_regular
na The Watchers
il	1 3550
CH
PL
 fn walter
 em walt0matic@aol.com
 pw Alzugaray
 np 26
 fs 2
 ft 83
 lt 121
 kn 600 601 603 610 611 612 614 615 616 617 \
	630 650 652 653 654 655 656 670 680 682 700 \
	702 703 706 720 730 732 800 801 802 803 804 \
	805 860 861 862 1864 2977 7910 10320 10321 10322 10323 \
	10324 10325 10415 10416 10417 10418 10419 10420 10425 10515 10520 \
	10521 10522 10523 10524 10525 10624 10625 10626 10726 10727 10728 \
	10729 10730 10731 10732 10733 10734 10735 10736 10737 10738 10739 \
	10740 10840 10940 11040 11140 11141 11142 11143 11144 11244 11344 \
	11444 11544 11644 11744 11844 11944 12044 12141 12142 12143 12144 \
	12241 12340 12341 12440 12533 12534 12535 12536 12537 12538 12539 \
	12540 12639 12739 12839 12840 12940 12941 13041 13141 13241 13242 \
	13243 13244 13245 13246 13247 13248 13347 13348 13447 13448 13449 \
	13450 13451 13547 13550 13551 13552 13639 13640 13641 13642 13643 \
	13644 13645 13646 13647 13648 13649 13650 13651 13652 13741 13747 \
	13750 13751 13841 13842 13843 13844 13845 13846 13847 13848 13849 \
	13850 13851 13941 13948 13949 13950 13951 13952 14039 14040 14041 \
	14042 14043 14044 14045 14046 14047 14048 14139 14141 14239 56896 \
	57081 57268 57679 58575 58599 58620 58622 58687 58707 70600 78536 
 un 77352 62601 66231 68621 
 uf 74519 71630 70781 67014 63623 
CO
 li name fa4 "The Watchers"
 ar 0 0 0 0 0 0 0 0
 st 1
 pr 1

77352 char 0
na Sir Alexander
tl	2 94 33 3 0 0 0 0 \
	2 77 50 2 0 0 0 0
LI
 wh 70600
CH
 lo 51304
 he 100
 lk 2
 lr 2
 sl	610 2 21 2 0 \
	612 2 28 0 0 \
	614 2 14 7 0 \
	615 2 21 3 0 \
	616 2 14 7 0 \
	617 2 14 0 0 \
	700 2 21 0 0 \
	706 2 14 0 0 \
	730 2 21 0 0 \
	800 2 28 0 0 \
	630 2 28 0 0 \
	802 2 14 4 0 \
	650 2 28 0 0 \
	652 1 21 0 0
 bp 50
 at 113
 df 117
 mi 64
CM
 im 1
 ma 2
 ca 2
CO
 li quest
 ar 0 0 0 0 0 0 0 0
 wa 7
 ue 2
 pr 3

62601 char 0
na Scurvy  Joe
il	1 1 \
	52 6 \
	54 2 \
	77 65 \
	94 67 \
	95 110
tl	2 95 110 2 0 0 0 0 \
	2 94 67 2 0 0 0 0 \
	1 77 50 2 0 0 0 0 \
	2 77 30 5 0 0 0 0
LI
 wh 1864
CH
 lo 51304
 he 100
 lk 2
 lr 1
 sl	600 2 21 0 0 \
	603 2 14 0 0 \
	700 2 21 0 0 \
	702 2 14 6 0 \
	601 2 14 1 0
 bp 50
 at 80
 df 80
CO
 li train 19 11
 ar 19 11 11 11 0 0 0 0
 st 1
 de 11
 po 1
 pr 3

66231 char 0
na Moe
il	1 116 \
	94 7 \
	59836 5
tl	2 93 14 5 0 0 0 0 \
	2 59836 5 100 0 0 0 0 \
	1 59606 45 10 0 0 0 0 \
	1 54 75 4 0 0 0 0
LI
 wh 57081
CH
 lo 51304
 he 100
 lk 2
 lr 1
 sl	600 2 21 0 0 \
	610 2 21 0 0 \
	700 2 21 0 0 \
	611 2 28 0 0 \
	703 2 14 0 0 \
	612 2 28 0 0 \
	730 2 21 0 0
 bp 50
 at 80
 df 80
CO
 li move d21
 ar 57081 7 57081 0 0 1 13451 0
 st 1
 ue 1
 de 1
 pr 2

68621 char 0
na Lord Demosthenes
tl	2 94 5 2 0 0 0 0 \
	2 52 5 80 0 0 0 0
LI
 wh 13645
CH
 lo 51304
 he 100
 lk 2
 lr 1
 sl	730 2 21 0 0 \
	732 2 14 0 0 \
	650 2 28 0 0 \
	655 2 14 11 0 \
	656 2 14 15 0 \
	654 2 28 0 0 \
	653 2 28 0 0 \
	652 2 28 0 0 \
	610 2 21 3 0
 bp 50
 at 80
 df 80
CO
 li claim 1 70
 ar 1 70 0 0 0 0 0 0
 st 1
 ue 3
 pr 1

