51305 player pl_regular
na Zodiacal Light
il	1 6848 \
	77 50
ad 50106 51176 56754 
CH
PL
 fn Doug Lenat
 em doug@cyc.com
 pw salt
 np 3
 fs 21
 ft 2
 so 1
 lt 260
 kn 69 600 601 602 603 610 611 612 613 614 \
	615 616 617 630 631 632 633 634 635 636 637 \
	639 641 650 651 652 653 654 655 656 657 658 \
	659 661 670 671 672 673 674 675 676 680 681 \
	682 690 691 692 693 694 695 696 697 700 701 \
	702 703 704 705 706 707 720 721 722 723 730 \
	731 732 733 750 751 752 753 754 755 756 800 \
	801 802 803 804 805 806 807 808 809 811 812 \
	813 814 820 821 822 823 824 825 826 827 828 \
	829 831 832 833 840 841 842 843 844 845 846 \
	847 848 849 851 852 860 861 862 863 864 865 \
	866 867 868 869 871 872 880 881 882 883 884 \
	885 886 887 888 889 891 892 893 894 900 901 \
	902 903 904 905 906 907 908 909 911 920 921 \
	922 1111 2524 7341 7389 7941 8845 9228 9708 11772 11773 \
	11872 11873 11972 11973 12072 12073 12169 12170 12171 12172 12173 \
	12174 12175 12176 12177 12178 12179 12180 12181 12190 12191 12269 \
	12270 12271 12272 12273 12274 12275 12276 12277 12278 12279 12280 \
	12281 12282 12283 12284 12285 12286 12287 12288 12289 12290 12291 \
	12292 12293 12369 12370 12371 12372 12373 12374 12375 12376 12377 \
	12378 12379 12380 12381 12382 12383 12384 12385 12386 12387 12388 \
	12389 12390 12391 12392 12393 12472 12473 12474 12475 12476 12477 \
	12478 12479 12480 12481 12482 12483 12484 12485 12486 12487 12488 \
	12489 12490 12491 12492 12493 12570 12571 12572 12573 12574 12575 \
	12576 12577 12578 12579 12580 12581 12582 12583 12584 12585 12586 \
	12587 12588 12589 12590 12591 12592 12593 12670 12682 12683 12684 \
	12685 12686 12687 12688 12689 12690 12691 12692 12693 12694 12695 \
	12696 12769 12770 12782 12783 12784 12785 12786 12787 12788 12789 \
	12790 12791 12792 12793 12794 12796 12869 12870 12883 12885 12886 \
	12887 12888 12890 12891 12892 12893 12894 12895 12896 12970 12971 \
	12972 12973 12974 12975 12976 12977 12978 12979 12980 12981 12982 \
	12983 12985 12986 12987 12988 12989 12990 12991 12993 12994 12995 \
	13085 13086 13087 13088 13090 13091 13092 13093 13094 13095 13185 \
	13188 13189 13190 13191 13192 13193 13194 13285 13290 13291 13292 \
	13293 13390 13490 13586 13587 13588 13589 13590 13686 13782 13783 \
	13784 13785 13786 13882 13885 13980 13981 13982 14077 14078 14079 \
	14080 14176 14177 14273 14274 14275 14276 20129 20998 24898 25126 \
	26089 26755 26965 27129 28385 30399 31905 37917 39702 40211 43725 \
	44257 46169 47993 56952 57263 57570 57712 57743 58138 58364 58447 \
	58548 58643 58644 58736 59175 60666 60685 60699 61790 61810 61882 \
	62262 64182 64756 64831 64942 65000 65047 65207 65566 65785 66566 \
	66878 67184 67303 67315 67413 68053 68238 68843 68946 69904 70759 \
	71004 71163 71536 72169 72472 72502 72870 72988 73084 73094 73561 \
	73782 73992 74588 74890 75412 75613 76148 76300 76401 76589 76674 \
	76818 76917 77045 77046 78421 78423 78465 
 un 83060 9601 8226 4227 6729 7649 1850 1402 8934 \
	5366 6780 
 uf 77439 67076 63900 104145 104413 
 am 1111 0 51176 56754 50106 
 am 1402 0 51176 56754 50106 
 am 1850 0 51176 56754 50106 
 am 2524 0 51176 56754 50106 
 am 4227 0 51176 56754 50106 
 am 5366 0 51176 56754 50106 
 am 6729 0 51176 56754 50106 
 am 6780 0 51176 56754 50106 
 am 7341 0 51176 56754 50106 
 am 7389 0 51176 56754 50106 
 am 7941 0 51176 56754 50106 
 am 8226 0 51176 56754 50106 
 am 8845 0 51176 56754 50106 
 am 8934 0 51176 56754 50106 
 am 9601 0 51176 56754 50106 
 am 9708 0 51176 56754 50106 
 am 51176 0 56754 50106 56754 50106 
CO
 li accept  ak6 0 
 ar 50106 0 0 0 0 0 0 0
 st 1

83060 char ni
il	1 736 \
	54 2 \
	55 1
LI
 wh 9256
CH
 ni 34
 lo 51305
 he -1
 lk 4
 at 60
 df 60
 ct 51176 56754 50106 51176 56754 50106 51176 56754 50106 \
	51176 56754 50106 51176 56754 50106 51176 56754 50106 51176 56754 \
	50106 51176 56754 50106 51176 56754 50106 51176 56754 50106 51176 \
	56754 50106 51176 56754 50106 51176 56754 50106 51176 56754 50106 
CM
 ot 76148
MI
 ca r
CO
 li contact ak6 
 ar 0 0 0 0 0 0 0 0
 st 1

9601 char 0
na Amber Shade
il	1 151597 \
	10 10 \
	11 25 \
	12 331 \
	15 332 \
	18 3866 \
	21 98 \
	22 85 \
	54 46 \
	55 255 \
	64 14 \
	69 3 \
	70 2 \
	98 37 \
	271 1 \
	280 19 \
	281 1 \
	282 176 \
	285 45 \
	287 2 \
	288 1 \
	292 3 \
	295 2 \
	60048 1 \
	60685 1 \
	60904 1 \
	61254 1 \
	65006 1 \
	65207 1 \
	67239 1 \
	67575 1 \
	68799 1 \
	69789 1 \
	73561 1 \
	75406 1 \
	77348 1 \
	78202 1 \
	80207 1 \
	91420 1 \
	117309 1 \
	120090 1 \
	127569 1 \
	146845 1
tl	2 94 83 4 0 0 0 0 \
	2 95 60 7 0 0 0 0
LI
 wh 9708
 hl 8226 4227 6729 7649 1850 1402 8934 5366 
CH
 lo 51305
 he 100
 lk 2
 lr 2
 sl	860 2 35 0 0 \
	800 2 28 0 0 \
	802 2 14 20 0 \
	880 2 42 0 0 \
	840 2 35 0 0 \
	841 2 21 2 0 \
	862 2 14 1 0 \
	806 2 21 1 0 \
	813 2 21 127 0 \
	803 2 14 3 0 \
	861 2 14 0 0 \
	801 2 14 0 0 \
	804 2 21 0 0 \
	805 2 14 0 0 \
	881 2 14 1 0 \
	882 2 14 0 0 \
	883 2 14 0 0 \
	900 2 42 0 0 \
	820 2 35 0 0 \
	904 2 21 0 0 \
	903 2 21 128 0 \
	821 2 21 0 0 \
	845 2 21 0 0 \
	822 2 21 0 0 \
	844 2 21 1 0 \
	823 2 21 1 0 \
	842 2 14 0 0 \
	846 2 21 0 0 \
	847 2 21 0 0 \
	843 2 21 0 0 \
	849 2 21 0 0 \
	852 2 21 0 0 \
	851 2 21 0 0 \
	824 2 21 0 0 \
	848 2 21 0 0 \
	814 2 21 0 0 \
	911 2 21 3 0 \
	808 2 21 6 0 \
	908 2 28 0 0 \
	909 2 21 0 0 \
	812 2 21 0 0 \
	807 2 21 0 0 \
	811 2 21 0 0 \
	809 2 21 2 0 \
	825 2 21 0 0 \
	833 2 21 0 0 \
	610 2 21 0 0 \
	611 2 28 0 0 \
	827 2 21 0 0 \
	828 2 21 0 0 \
	905 2 21 0 0 \
	907 2 21 0 0 \
	831 2 28 0 0 \
	826 2 21 0 0 \
	906 2 21 0 0 \
	865 2 14 0 0 \
	829 2 21 0 0 \
	832 2 21 0 0 \
	887 2 21 0 0 \
	864 2 14 0 0 \
	886 2 14 0 0 \
	889 2 21 0 0 \
	888 2 21 0 0 \
	885 2 14 0 0 \
	871 2 21 1 0 \
	891 2 21 0 0 \
	867 2 21 0 0 \
	872 2 21 0 0 \
	869 2 14 0 0 \
	902 2 21 2 0 \
	866 2 14 0 0 \
	863 2 14 0 0 \
	868 2 21 0 0 \
	892 2 21 0 0 \
	884 2 28 0 0 \
	894 2 21 0 0 \
	893 2 21 0 0 \
	901 2 28 0 0 \
	630 2 28 0 0 \
	690 2 28 4 0 \
	720 2 21 0 0 \
	730 2 21 0 0 \
	920 2 0 0 0 \
	921 2 28 0 0 \
	922 2 28 4 0 \
	612 2 28 1 0 \
	731 2 14 0 0 \
	635 2 28 0 0 \
	633 2 14 0 0 \
	632 2 14 0 0 \
	631 2 14 0 0 \
	634 2 14 0 0 \
	614 2 14 10 0 \
	615 2 21 0 0 \
	641 2 28 0 0 \
	691 2 21 0 0 \
	692 2 21 0 0 \
	693 2 21 0 0 \
	721 2 14 0 0 \
	722 2 14 0 0 \
	650 2 28 0 0 \
	653 2 28 0 0 \
	654 2 28 0 0 \
	652 2 28 0 0 \
	651 2 21 0 0
 ra 70
 at 80
 df 112
 mi 50
 ct 51176 56754 50106 51176 56754 50106 51176 56754 50106 \
	51176 56754 50106 51176 56754 50106 51176 56754 50106 51176 56754 \
	50106 51176 56754 50106 51176 56754 50106 51176 56754 50106 51176 \
	56754 50106 51176 56754 50106 51176 56754 50106 51176 56754 50106 \
	51176 56754 50106 51176 56754 50106 51176 56754 50106 51176 56754 \
	50106 51176 56754 50106 51176 56754 50106 51176 56754 50106 51176 \
	56754 50106 51176 56754 50106 51176 56754 50106 51176 56754 50106 \
	51176 56754 50106 51176 56754 50106 51176 56754 50106 51176 56754 \
	50106 51176 56754 50106 51176 56754 50106 51176 56754 50106 51176 \
	56754 50106 51176 56754 50106 51176 56754 50106 51176 56754 50106 \
	51176 56754 50106 51176 56754 50106 51176 56754 50106 51176 56754 \
	50106 51176 56754 50106 
 dt 77 22 2302
CM
 im 1
 ma 3
 ca 130
 kw 1
 vp 24
 pl 1763
 ar 60904
CO
 li use 813
 ar 813 0 0 0 0 0 0 0
 wa -1
 st 1
 ue 5
 po 1
 pr 3

8226 char 0
na Franklin Gray
il	1 2321 \
	10 1 \
	11 1 \
	12 10 \
	54 1 \
	55 59 \
	82 5 \
	98 17 \
	60139 1 \
	73678 1 \
	74340 1 \
	74947 1 \
	75340 1 \
	75991 1 \
	78389 1
tl	2 94 99 4 0 0 0 0 \
	2 95 99 7 0 0 0 0
LI
 wh 9601
CH
 lo 51305
 he 100
 lk 2
 lr 1
 sl	600 2 21 0 0 \
	603 2 14 0 0 \
	601 2 14 1 0 \
	610 2 21 16 0 \
	900 2 42 0 0 \
	700 2 21 0 0 \
	909 2 21 2 0 \
	903 2 21 0 0 \
	680 2 21 1 0 \
	682 2 14 4 0 \
	902 2 21 8 0 \
	702 2 14 0 0 \
	904 2 21 0 0 \
	907 2 21 0 0 \
	908 2 28 0 0 \
	612 2 28 1 0 \
	906 2 21 0 0 \
	905 2 21 0 0 \
	911 2 21 4 0 \
	611 2 28 0 0 \
	614 2 14 11 0 \
	615 2 21 11 0 \
	704 2 14 2 0 \
	650 2 28 0 0 \
	880 2 42 0 0 \
	887 2 21 0 0 \
	886 2 14 0 0 \
	889 2 21 0 0 \
	888 2 21 0 0 \
	885 2 14 0 0 \
	891 2 21 0 0 \
	893 2 21 0 0 \
	881 2 14 1 0 \
	882 2 14 0 0 \
	884 2 28 0 0 \
	892 2 21 0 0 \
	894 2 21 0 0 \
	654 2 28 149 0 \
	653 2 28 0 0 \
	883 2 14 0 0 \
	652 2 28 0 0 \
	651 2 21 0 0 \
	655 2 14 0 0 \
	656 2 14 0 0 \
	800 2 28 0 0 \
	840 2 35 0 0 \
	806 2 21 0 0 \
	807 2 21 0 0 \
	808 2 21 0 0 \
	809 2 21 0 0 \
	842 2 14 0 0 \
	843 2 21 0 0 \
	844 2 21 0 0 \
	845 2 21 0 0 \
	846 2 21 0 0 \
	847 2 21 0 0 \
	848 2 21 0 0 \
	849 2 21 0 0 \
	851 2 21 0 0 \
	852 2 21 0 0 \
	811 2 21 0 0 \
	812 2 21 0 0 \
	820 2 35 0 0 \
	813 2 21 3 0 \
	825 2 21 0 0 \
	826 2 21 0 0 \
	827 2 21 0 0 \
	828 2 21 0 0 \
	831 2 28 0 0 \
	832 2 21 0 0 \
	833 2 21 0 0 \
	860 2 35 0 0 \
	863 2 14 0 0 \
	864 2 14 0 0 \
	865 2 14 0 0 \
	866 2 14 0 0 \
	867 2 21 0 0 \
	868 2 21 0 0 \
	869 2 14 0 0 \
	871 2 21 0 0 \
	872 2 21 0 0 \
	861 2 14 0 0 \
	862 2 14 0 0 \
	801 2 14 0 0 \
	802 2 14 0 0 \
	803 2 14 0 0 \
	804 2 21 0 0 \
	805 2 14 0 0 \
	841 2 21 0 0 \
	901 2 28 0 0 \
	814 2 21 0 0 \
	829 2 21 0 0 \
	602 2 14 0 0 \
	821 2 21 0 0 \
	822 2 21 0 0 \
	823 2 21 0 0 \
	824 2 21 0 0 \
	613 2 14 0 0 \
	616 2 14 0 0 \
	681 2 14 0 0 \
	701 2 14 0 0 \
	920 2 0 0 0 \
	921 2 28 0 0 \
	922 2 28 0 0
 at 80
 df 116
 mi 108
 ct 51176 56754 50106 51176 56754 50106 51176 56754 50106 \
	51176 56754 50106 51176 56754 50106 51176 56754 50106 51176 56754 \
	50106 51176 56754 50106 51176 56754 50106 51176 56754 50106 51176 \
	56754 50106 51176 56754 50106 51176 56754 50106 51176 56754 50106 \
	51176 56754 50106 51176 56754 50106 51176 56754 50106 51176 56754 \
	50106 51176 56754 50106 51176 56754 50106 51176 56754 50106 51176 \
	56754 50106 51176 56754 50106 51176 56754 50106 51176 56754 50106 \
	51176 56754 50106 51176 56754 50106 51176 56754 50106 51176 56754 \
	50106 
CM
 im 1
 ma 3
 ca 157
 rb 1
 kw 1
 vp 14
 pl 9601
 ar 60139
CO
 li breed 55 55
 ar 55 55 0 0 0 0 0 0
 cs 2
 wa 8
 st 1
 ue 2
 de 5
 pr 3

4227 char 0
na Skull King
il	1 9181 \
	54 12 \
	55 44
tl	2 95 99 7 0 0 0 0
LI
 wh 9601
CH
 lo 51305
 he 100
 lk 3
 lr 54
 sl	610 2 21 40 0 \
	690 2 28 0 0 \
	700 2 21 0 0 \
	612 2 28 0 0 \
	706 2 14 0 0 \
	694 2 21 0 0 \
	697 2 28 0 0 \
	696 2 14 0 0 \
	704 2 14 6 0 \
	705 2 14 0 0 \
	701 2 14 0 0 \
	614 2 14 8 0 \
	615 2 21 14 0 \
	670 2 28 0 0 \
	630 2 28 0 0 \
	671 2 14 0 0 \
	635 2 28 0 0 \
	631 2 14 0 0 \
	632 2 14 0 0 \
	633 2 14 0 0 \
	634 2 14 0 0 \
	691 2 21 0 0 \
	692 2 21 0 0 \
	650 2 28 0 0 \
	730 2 21 0 0 \
	654 2 28 65 0 \
	653 2 28 0 0 \
	731 2 14 0 0 \
	732 2 14 0 0 \
	733 2 14 0 0 \
	672 2 21 0 0 \
	702 2 14 0 0 \
	703 2 14 0 0 \
	673 2 14 0 0 \
	651 2 21 0 0 \
	652 2 28 0 0 \
	611 2 28 0 0 \
	655 2 14 0 0 \
	656 2 14 0 0
 bp 50
 at 80
 df 116
 mi 103
 ct 51176 56754 50106 51176 56754 50106 51176 56754 50106 \
	51176 56754 50106 51176 56754 50106 51176 56754 50106 51176 56754 \
	50106 51176 56754 50106 51176 56754 50106 51176 56754 50106 51176 \
	56754 50106 51176 56754 50106 51176 56754 50106 51176 56754 50106 \
	51176 56754 50106 51176 56754 50106 51176 56754 50106 51176 56754 \
	50106 51176 56754 50106 51176 56754 50106 51176 56754 50106 51176 \
	56754 50106 51176 56754 50106 51176 56754 50106 51176 56754 50106 \
	51176 56754 50106 51176 56754 50106 51176 56754 50106 51176 56754 \
	50106 
CM
 vp 12
CO
 li breed 55 55
 ar 55 55 0 0 0 0 0 0
 cs 2
 wa 2
 st 1
 ue 3
 de 11
 pr 3

6729 char 0
na Altoo
il	1 751 \
	12 9 \
	21 2 \
	54 1 \
	282 48 \
	75224 1 \
	76148 1
tl	2 95 87 7 0 0 0 0
LI
 wh 9601
CH
 lo 51305
 he 100
 lk 3
 lr 86
 sl	690 2 28 5 0 \
	693 2 21 3 0 \
	691 2 21 0 0 \
	694 2 21 0 0 \
	692 2 21 0 0 \
	696 2 14 0 0 \
	610 2 21 23 0 \
	615 2 21 22 0 \
	697 2 28 0 0 \
	695 2 21 0 0 \
	612 2 28 2 0 \
	617 2 14 7 0 \
	614 2 14 8 0 \
	616 2 14 12 0 \
	613 2 14 0 0 \
	650 2 28 0 0 \
	654 2 28 122 0 \
	653 2 28 0 0 \
	652 2 28 0 0 \
	651 2 21 3 0 \
	670 2 28 0 0 \
	630 2 28 0 0 \
	672 2 21 0 0 \
	671 2 14 0 0 \
	673 2 14 0 0 \
	674 2 21 0 0 \
	631 2 14 0 0 \
	632 2 14 0 0 \
	633 2 14 0 0 \
	634 2 14 0 0 \
	680 2 21 0 0 \
	730 2 21 0 0 \
	637 2 21 0 0 \
	676 2 14 0 0 \
	731 2 14 0 0 \
	681 2 14 0 0 \
	661 2 21 0 0 \
	639 2 21 0 0 \
	732 2 14 0 0 \
	733 2 14 0 0 \
	611 2 28 0 0
 at 116
 df 141
 mi 148
 ct 51176 56754 50106 51176 56754 50106 51176 56754 50106 \
	51176 56754 50106 51176 56754 50106 51176 56754 50106 51176 56754 \
	50106 51176 56754 50106 51176 56754 50106 51176 56754 50106 51176 \
	56754 50106 51176 56754 50106 51176 56754 50106 51176 56754 50106 \
	51176 56754 50106 51176 56754 50106 51176 56754 50106 51176 56754 \
	50106 51176 56754 50106 51176 56754 50106 51176 56754 50106 51176 \
	56754 50106 51176 56754 50106 51176 56754 50106 51176 56754 50106 \
	51176 56754 50106 51176 56754 50106 
CM
 vp 12
CO
 li breed 282 282
 ar 282 282 0 0 0 0 0 0
 cs 2
 wa 5
 st 1
 ue 1
 de 1
 pr 3

7649 char 0
na Rohler
il	1 2124 \
	10 7 \
	11 6 \
	12 9
LI
 wh 9601
CH
 lo 51305
 he 100
 lk 3
 lr 50
 sl	610 2 21 7 0 \
	750 2 35 0 0 \
	611 2 28 0 0 \
	752 2 28 0 0 \
	751 2 28 0 0 \
	754 2 28 0 0 \
	753 2 21 0 0 \
	755 2 28 0 0 \
	756 2 28 40 0 \
	612 2 28 0 0
 bh 9
 bp 50
 at 80
 df 80
 ct 51176 56754 50106 51176 56754 50106 51176 56754 50106 \
	51176 56754 50106 51176 56754 50106 51176 56754 50106 51176 56754 \
	50106 51176 56754 50106 51176 56754 50106 51176 56754 50106 51176 \
	56754 50106 51176 56754 50106 51176 56754 50106 51176 56754 50106 \
	51176 56754 50106 51176 56754 50106 
CM
 vp 16
CO
 li use 756 1850
 ar 1850 0 0 0 0 0 0 756
 cs 2
 wa 1
 st 1
 us 756
 ue 5
 de 7
 pr 3

1850 char 0
na Arthur Seets
il	1 6352 \
	12 9 \
	55 46 \
	64832 1
tl	2 95 80 7 0 0 0 0
LI
 wh 9601
CH
 lo 51305
 he 100
 lk 3
 lr 68
 sl	610 2 21 32 0 \
	612 2 28 1 0 \
	650 2 28 0 0 \
	654 2 28 196 0 \
	661 2 21 7 0 \
	653 2 28 0 0 \
	652 2 28 0 0 \
	680 2 21 1 0 \
	656 2 14 1 0 \
	655 2 14 0 0 \
	651 2 21 0 0 \
	682 2 14 8 0 \
	614 2 14 11 0 \
	730 2 21 0 0 \
	630 2 28 0 0 \
	720 2 21 0 0 \
	690 2 28 0 0 \
	693 2 21 0 0 \
	691 2 21 0 0 \
	692 2 21 0 0 \
	731 2 14 0 0 \
	732 2 14 0 0 \
	733 2 14 0 0 \
	721 2 14 0 0 \
	722 2 14 0 0 \
	635 2 28 0 0 \
	639 2 21 0 0 \
	641 2 28 0 0 \
	696 2 14 0 0 \
	634 2 14 0 0 \
	631 2 14 0 0 \
	632 2 14 0 0 \
	633 2 14 0 0 \
	615 2 21 11 0 \
	681 2 14 0 0 \
	613 2 14 0 0 \
	616 2 14 0 0 \
	617 2 14 0 0 \
	636 2 14 0 0 \
	637 2 21 0 0 \
	657 2 21 0 0 \
	658 2 21 0 0 \
	695 2 21 1 0 \
	723 2 14 0 0 \
	697 2 28 0 0 \
	611 2 28 0 0
 ra 70
 at 80
 df 132
 mi 78
 ct 51176 56754 50106 51176 56754 50106 51176 56754 50106 \
	51176 56754 50106 
CM
 vp 10
 pl 2382
CO
 li breed 55 55
 ar 55 55 0 0 0 0 0 0
 cs 2
 wa 2
 st 1
 ue 2
 de 11
 pr 3

1402 char 0
na Gary
il	1 507 \
	12 7 \
	54 2 \
	55 8
LI
 wh 9601
CH
 lo 51305
 he 100
 lk 3
 lr 57
 sl	610 2 21 43 0 \
	690 2 28 0 0 \
	612 2 28 1 0 \
	614 2 14 37 0 \
	700 2 21 0 0 \
	630 2 28 0 0 \
	704 2 14 0 0 \
	635 2 28 0 0 \
	631 2 14 0 0 \
	696 2 14 0 0 \
	632 2 14 0 0 \
	706 2 14 0 0 \
	639 2 21 0 0 \
	633 2 14 0 0 \
	636 2 14 0 0 \
	634 2 14 0 0 \
	641 2 28 1 0 \
	637 2 21 0 0 \
	697 2 28 0 0 \
	694 2 21 0 0 \
	702 2 14 0 0 \
	695 2 21 0 0 \
	615 2 21 32 0 \
	691 2 21 0 0 \
	692 2 21 0 0 \
	693 2 21 0 0 \
	701 2 14 0 0 \
	703 2 14 0 0 \
	705 2 14 0 0 \
	613 2 14 0 0 \
	616 2 14 19 0 \
	617 2 14 0 0 \
	600 2 21 0 0 \
	601 2 14 0 0 \
	602 2 14 0 0 \
	603 2 14 0 0 \
	707 2 14 0 0 \
	611 2 28 0 0 \
	650 2 28 0 0 \
	900 2 42 0 0 \
	904 2 21 0 0 \
	911 2 21 0 0 \
	654 2 28 2 0 \
	907 2 21 0 0 \
	906 2 21 0 0 \
	653 2 28 0 0 \
	909 2 21 0 0 \
	905 2 21 0 0 \
	908 2 28 0 0 \
	658 2 21 0 0 \
	651 2 21 0 0 \
	661 2 21 0 0 \
	652 2 28 0 0 \
	659 0 0 0 0 \
	657 0 0 0 0 \
	655 2 14 0 0
 at 172
 df 244
 mi 179
 ct 51176 56754 50106 
CM
 im 1
 ma 8
 ca 8
 hs 1
 vp 9
CO
 li breed 55 55
 ar 55 55 0 0 0 0 0 0
 cs 2
 wa 3
 st 1
 ue 5
 de 11
 pr 3

8934 char 0
na Rydor
il	1 3650 \
	12 16 \
	282 31
LI
 wh 9601
CH
 lo 51305
 he 100
 lk 2
 lr 2
 sl	630 2 28 0 0 \
	631 2 14 0 0 \
	670 2 28 0 0 \
	610 2 21 26 0 \
	671 2 14 0 0 \
	672 2 21 0 0 \
	612 2 28 0 0 \
	673 2 14 0 0 \
	674 2 21 0 0 \
	614 2 14 18 0 \
	635 2 28 0 0 \
	634 2 14 0 0 \
	611 2 28 0 0 \
	676 2 14 0 0 \
	641 2 28 0 0 \
	639 2 21 0 0 \
	637 2 21 0 0 \
	675 2 21 0 0 \
	636 2 14 0 0 \
	632 2 14 0 0 \
	633 2 14 0 0 \
	615 2 21 24 0 \
	613 2 14 0 0 \
	616 2 14 10 0 \
	650 2 28 0 0 \
	900 2 42 0 0 \
	904 2 21 0 0 \
	907 2 21 0 0 \
	911 2 21 0 0 \
	653 2 28 0 0 \
	908 2 28 0 0 \
	909 2 21 0 0 \
	654 2 28 9 0 \
	905 2 21 0 0 \
	906 2 21 0 0 \
	657 2 21 0 0 \
	658 2 21 0 0 \
	659 1 7 0 0 \
	661 1 7 0 0 \
	652 2 28 0 0 \
	651 2 21 0 0
 bp 50
 at 119
 df 159
 mi 165
CM
 im 1
 ma 8
 ca 8
 vp 11
CO
 li breed 282 282
 ar 282 282 0 0 0 0 0 0
 cs 2
 wa 5
 st 1
 ue 2
 de 1
 pr 3

5366 char 0
na Vera
il	1 1564 \
	12 9 \
	55 6 \
	282 3
tl	2 95 99 7 0 0 0 0
LI
 wh 9601
CH
 lo 51305
 he 100
 lk 3
 lr 100
 sl	610 2 21 19 0 \
	612 2 28 1 0 \
	650 2 28 0 0 \
	654 2 28 176 0 \
	653 2 28 0 0 \
	652 2 28 0 0 \
	614 2 14 4 0 \
	655 2 14 0 0 \
	656 2 14 0 0 \
	651 2 21 0 0 \
	661 2 21 0 0 \
	658 2 21 0 0 \
	615 2 21 20 0 \
	657 2 21 0 0 \
	659 2 21 0 0 \
	611 1 14 0 0
 at 80
 df 102
 mi 112
CM
 vp 14
CO
 li breed 55 55
 ar 55 55 0 0 0 0 0 0
 wa 7
 st 1
 ue 3
 pr 3

6780 char 0
na Rollurg
il	1 3088 \
	12 9 \
	55 1 \
	98 4 \
	282 6
tl	2 95 94 7 0 0 0 0
LI
 wh 12491
CH
 lo 51305
 he 100
 lk 3
 lr 94
 sl	650 2 28 0 0 \
	653 2 28 0 0 \
	654 2 28 184 0 \
	610 2 21 52 0 \
	652 2 28 0 0 \
	612 2 28 1 0 \
	614 2 14 11 0 \
	655 2 14 0 0 \
	656 2 14 0 0 \
	651 2 21 0 0 \
	661 2 21 0 0 \
	657 2 21 0 0 \
	658 2 21 0 0 \
	659 2 21 0 0 \
	615 2 21 10 0 \
	611 2 28 0 0
 at 80
 df 116
 mi 74
CM
 vp 1
CO
 li breed 282 282
 ar 282 282 0 0 0 0 0 0
 wa 7
 ue 2
 pr 3

