51454 player pl_regular
na Andrew's Avengers
il	1 1010
ad 51167 51454 51478 52468 52606 53436 54636 55184 55374 \
	55526 55749 56136 56183 56406 56542 
CH
PL
 fn Andrew Turner
 em user5@mobyus.com
 pw zorro
 np 1
 ft 2
 nt 1
 so 1
 lt 260
 kn 69 600 601 602 603 610 611 612 613 614 \
	615 616 617 630 631 632 635 636 639 641 650 \
	651 652 653 654 655 656 657 670 671 672 673 \
	674 680 682 690 691 692 693 695 700 702 703 \
	720 721 722 730 731 732 733 800 801 802 803 \
	804 805 806 807 808 809 812 813 814 840 841 \
	842 844 845 846 847 849 851 880 881 882 883 \
	893 900 901 902 903 904 905 906 907 908 909 \
	911 920 921 922 1523 4673 8067 10357 10358 10458 10558 \
	10559 10650 10651 10652 10653 10654 10655 10656 10657 10658 10659 \
	10660 10661 10662 10663 10664 10665 10666 10667 10668 10669 10750 \
	10759 10767 10769 10847 10848 10849 10850 10859 10867 10869 10947 \
	10959 10967 10969 11045 11046 11047 11059 11065 11066 11067 11069 \
	11144 11145 11159 11165 11169 11244 11259 11269 11344 11359 11369 \
	11444 11459 11469 11543 11544 11559 11569 11643 11659 11669 11743 \
	11759 11769 11770 11843 11859 11869 11870 11943 11959 11969 11970 \
	12042 12043 12059 12069 12070 12129 12130 12131 12132 12133 12134 \
	12135 12136 12137 12138 12139 12140 12141 12142 12159 12169 12170 \
	12229 12259 12269 12270 12329 12359 12369 12370 12429 12459 12469 \
	12470 12529 12559 12569 12570 12629 12659 12669 12670 12725 12726 \
	12727 12728 12729 12759 12760 12761 12762 12763 12764 12765 12766 \
	12767 12768 12769 12770 12825 12868 12869 12870 12925 12968 12969 \
	12970 13025 13068 13070 13122 13123 13124 13125 13168 13170 13222 \
	13268 13269 13270 13322 13368 13369 13370 13420 13421 13422 13468 \
	13469 13470 13471 13520 13568 13569 13570 13571 13581 13582 13583 \
	13584 13585 13586 13587 13588 13589 13619 13620 13668 13669 13670 \
	13671 13681 13682 13683 13684 13685 13686 13687 13688 13689 13719 \
	13720 13768 13769 13770 13771 13781 13782 13868 13869 13870 13871 \
	13881 13882 13968 13969 13970 13971 13981 13982 14067 14068 14069 \
	14070 14071 14072 14081 14082 14169 14170 14171 14172 14181 14182 \
	14269 14271 14281 14282 14368 14369 14371 14381 14382 14468 14469 \
	14471 14481 14482 14560 14561 14562 14563 14564 14568 14569 14570 \
	14571 14581 14582 14663 14664 14670 14671 14681 14682 14764 14770 \
	14771 14772 14781 14782 14864 14865 14866 14867 14868 14869 14870 \
	14871 14872 14873 14881 14882 14970 14971 14972 14973 14976 14977 \
	14978 14981 14982 15070 15071 15072 15073 15076 15078 15081 15082 \
	15083 15084 15085 15086 15087 15169 15170 15171 15172 15173 15174 \
	15175 15176 15177 15178 15182 15186 15266 15267 15268 15269 15270 \
	15271 15272 15273 15274 15276 15277 15278 15279 15280 15281 15282 \
	15286 15366 15369 15370 15371 15372 15373 15374 15375 15376 15377 \
	15378 15379 15380 15381 15382 15383 15384 15385 15386 15466 15470 \
	15471 15472 15473 15474 15476 15481 15482 15483 15484 15485 15486 \
	15566 15569 15570 15571 15573 15574 15576 15585 15586 15587 15588 \
	15589 15666 15669 15670 15671 15672 15673 15674 15676 15688 15689 \
	15690 15691 15766 15767 15768 15769 15770 15771 15772 15773 15774 \
	15775 15776 15777 15778 15789 15791 15867 15868 15869 15870 15871 \
	15872 15873 15874 15876 15878 15879 15880 15881 15882 15889 15891 \
	15967 15968 15969 15970 15971 15972 15973 15974 15976 15979 15982 \
	15989 15991 16068 16069 16070 16071 16072 16073 16074 16075 16076 \
	16079 16082 16089 16090 16091 16166 16167 16168 16169 16170 16171 \
	16172 16173 16174 16175 16176 16177 16178 16179 16180 16181 16182 \
	16187 16188 16189 16190 16191 16266 16268 16269 16270 16271 16272 \
	16273 16274 16275 16276 16278 16279 16280 16281 16282 16283 16287 \
	16289 16291 16366 16367 16368 16369 16370 16371 16372 16373 16374 \
	16375 16376 16377 16378 16382 16383 16387 16389 16391 16467 16468 \
	16469 16470 16471 16472 16473 16474 16475 16476 16477 16478 16482 \
	16483 16487 16489 16491 16567 16568 16569 16570 16571 16573 16574 \
	16575 16576 16577 16578 16579 16580 16581 16582 16583 16584 16585 \
	16586 16587 16589 16591 16670 16671 16672 16673 16674 16675 16676 \
	16677 16678 16679 16680 16681 16682 16686 16687 16689 16691 16771 \
	16772 16773 16774 16775 16776 16777 16778 16779 16780 16781 16782 \
	16783 16784 16785 16786 16787 16788 16789 16790 16791 16871 16874 \
	16875 16876 16877 16878 16882 16886 16964 16971 16972 16973 16974 \
	16975 16976 16977 16978 16986 16987 17064 17065 17066 17067 17071 \
	17072 17073 17074 17075 17076 17077 17078 17164 17165 17166 17167 \
	17168 17169 17170 17171 17172 17173 17174 17176 17264 17265 17266 \
	17267 17268 17271 17276 17368 17369 17370 17371 17376 17469 17476 \
	17569 17576 17669 17676 17769 17770 17771 17772 17773 17774 17775 \
	17776 17869 17969 20076 20533 20595 20975 22411 23199 23345 24210 \
	24766 25262 27853 28096 28126 29584 30293 30753 31406 32311 33054 \
	33457 34286 36072 36734 36805 36945 37041 37878 38101 38596 39465 \
	40803 40918 42341 43013 44226 44261 44316 45047 45979 46626 47922 \
	47980 48841 48965 56782 56937 56949 57060 57143 57200 57331 57371 \
	57401 57516 57553 57652 57675 57686 57731 57754 57812 57842 57934 \
	58031 58112 58200 58380 58493 58600 58603 58615 58635 58666 58693 \
	58728 59101 59651 60142 61797 61801 62796 62916 63615 64190 64442 \
	64995 65726 66092 66134 66338 67062 67506 68752 69592 70009 70229 \
	70385 70530 70829 73104 74371 75446 75513 76279 76712 77143 77157 \
	149217 
 un 6356 111841 144887 102295 117208 101397 101379 138002 139743 \
	107504 5641 135058 106336 4339 75622 9117 
 uf 143275 91818 89051 133804 148906 
 am 2748 0 55184 54636 51454 53436 52468 
 am 4339 0 51167 51454 51478 52468 52606 53436 54636 \
	55184 55374 55526 55749 56136 56183 56406 56542 
 am 6356 0 51167 51454 51478 52468 52606 53436 54636 \
	55184 55374 55526 55749 56136 56183 56406 56542 
 am 9269 0 55184 54636 51454 53436 52468 
 am 9600 0 55184 54636 51454 53436 52468 
 am 51454 0 54636 
CO
 li accept 0 0
 ar 0 0 0 0 0 0 0 0
 st 1

6356 char 0
na Bobo
il	1 1403 \
	54 4 \
	84 5 \
	282 84 \
	285 8 \
	61229 1
LI
 wh 6895
 hl 111841 144887 102295 117208 101397 101379 138002 139743 107504 \
	5641 
CH
 lo 51454
 he 100
 lk 2
 lr 2
 sl	800 2 28 0 0 \
	802 2 14 9 0 \
	801 2 14 12 0 \
	700 2 21 0 0 \
	630 2 28 0 0 \
	702 2 14 6 0 \
	680 2 21 1 0 \
	900 2 42 0 0 \
	903 2 21 30 0 \
	880 2 42 0 0 \
	682 2 14 7 0 \
	881 2 14 1 0 \
	805 2 14 0 0 \
	901 2 28 0 0 \
	908 2 28 0 0 \
	911 2 21 4 0 \
	909 2 21 12 0 \
	906 2 21 2 0 \
	907 2 21 1 0 \
	904 2 21 0 0 \
	905 2 21 1 0 \
	902 2 21 6 0 \
	610 2 21 6 0 \
	650 2 28 0 0 \
	803 2 14 1 0 \
	804 2 21 0 0 \
	882 2 14 0 0 \
	883 2 14 0 0 \
	806 2 21 29 0 \
	840 2 35 0 0 \
	641 2 28 1 0 \
	849 2 21 21 0 \
	851 2 21 14 0 \
	845 2 21 4 0 \
	920 2 0 0 0 \
	921 2 28 25 0 \
	922 2 28 56 0 \
	807 2 21 6 0 \
	846 2 21 0 0 \
	842 2 14 1 0 \
	847 2 21 12 0 \
	639 1 12 0 0 \
	617 2 14 36 0 \
	654 2 28 1 0 \
	844 2 21 1 0 \
	809 2 21 0 0 \
	814 2 21 0 0 \
	812 2 21 0 0 \
	841 2 21 7 0 \
	611 2 28 0 0 \
	813 2 21 18 0 \
	690 2 28 0 0 \
	692 2 21 5 0 \
	653 2 28 0 0 \
	691 2 21 0 0
 bp 50
 at 80
 df 80
CM
 im 1
 ma 13
 ca 65
 hs 1
 vp 8
 ar 61229
CO
 li use 813
 ar 0 0 0 0 0 0 0 813
 st 1
 us 813
 ue 3
 de 6
 pr 3

111841 char 0
na Breeder
LI
 wh 6356
CH
 lo 51454
 pl 55184
 he 100
 lk 3
 lr 985
 sl	610 2 21 0 0 \
	650 2 28 0 0 \
	653 2 28 0 0 \
	654 2 28 21 0
 bp 50
 at 80
 df 80
CM
 vp 6
CO
 li give 6356 282
 ar 6356 282 0 0 0 0 0 0
 st 1
 pr 1

144887 char 0
na Breeder
LI
 wh 6356
CH
 lo 51454
 pl 55184
 he 100
 lk 3
 lr 985
 sl	610 2 21 0 0 \
	650 2 28 0 0 \
	654 2 28 17 0
 bh 3
 bp 50
 at 80
 df 80
CM
 vp 5
CO
 li give 6356 282
 ar 6356 282 0 0 0 0 0 0
 st 1
 pr 1

102295 char 0
na Breeder
LI
 wh 6356
CH
 lo 51454
 pl 55184
 he 100
 lk 3
 lr 985
 sl	610 2 21 0 0 \
	650 2 28 0 0 \
	654 2 28 17 0
 bh 3
 bp 50
 at 80
 df 80
CM
 vp 5
CO
 li give 6356 282
 ar 6356 282 0 0 0 0 0 0
 st 1
 pr 1

117208 char 0
na Breeder
LI
 wh 6356
CH
 lo 51454
 pl 54636
 he 100
 lk 3
 lr 988
 sl	610 2 21 0 0 \
	650 2 28 0 0 \
	654 2 28 14 0
 bh 3
 bp 50
 at 80
 df 80
CM
 vp 6
CO
 li give 6356 282
 ar 6356 282 0 0 0 0 0 0
 st 1
 pr 1

101397 char 0
na Breeder
LI
 wh 6356
CH
 lo 51454
 pl 54636
 he 100
 lk 3
 lr 988
 sl	610 2 21 0 0 \
	650 2 28 0 0 \
	653 2 28 0 0 \
	654 2 28 14 0
 bp 50
 at 80
 df 80
CM
 vp 6
CO
 li give 6356 282
 ar 6356 282 0 0 0 0 0 0
 st 1
 pr 1

101379 char 0
na Breeder
LI
 wh 6356
CH
 lo 51454
 pl 54636
 he 100
 lk 3
 lr 988
 sl	610 2 21 0 0 \
	650 2 28 0 0 \
	654 2 28 13 0
 bh 3
 bp 50
 at 80
 df 80
CM
 vp 5
CO
 li give 6356 282
 ar 6356 282 0 0 0 0 0 0
 st 1
 pr 1

138002 char 0
na Breeder
LI
 wh 6356
CH
 lo 51454
 pl 100
 he 100
 lk 3
 lr 88
 sl	610 2 21 0 0 \
	650 2 28 0 0 \
	654 2 28 14 0
 bh 3
 bp 50
 at 80
 df 80
CM
 vp 5
CO
 li give 6356 282
 ar 6356 282 0 0 0 0 0 0
 st 1
 pr 1

139743 char 0
na Breeder
LI
 wh 6356
CH
 lo 51454
 pl 100
 he 100
 lk 3
 lr 88
 sl	610 2 21 0 0 \
	650 2 28 0 0 \
	654 2 28 14 0
 bh 3
 bp 50
 at 80
 df 80
CM
 vp 6
CO
 li give 6356 282
 ar 6356 282 0 0 0 0 0 0
 st 1
 pr 1

107504 char 0
na Breeder
LI
 wh 6356
CH
 lo 51454
 pl 100
 he 100
 lk 3
 lr 89
 sl	610 2 21 0 0 \
	650 2 28 0 0 \
	654 2 28 13 0
 bh 3
 bp 50
 at 80
 df 80
CM
 vp 6
CO
 li give 6356 282
 ar 6356 282 0 0 0 0 0 0
 st 1
 pr 1

5641 char 0
na Spirit
LI
 wh 6356
CH
 lo 51454
 he 100
 lk 3
 lr 104
 sl	610 2 21 3 0 \
	630 2 28 0 0 \
	650 2 28 0 0 \
	654 2 28 62 0 \
	641 2 28 1 0 \
	612 2 28 0 0
 bh 3
 bp 50
 at 80
 df 80
 ct 148237 
CM
 hs 1
CO
 li give 6356 282
 ar 6356 282 0 0 0 0 0 0
 st 1
 ue 1
 pr 1

135058 char 0
na Broodmaster
il	1 316 \
	54 2
LI
 wh 6895
 hl 106336 
CH
 lo 51454
 he 100
 lk 2
 lr 1
 sl	610 1 0 0 0 \
	650 2 28 0 0 \
	654 2 28 7 0
 bh 9
 bp 50
 at 80
 df 80
CO
 li give 6356 282
 ar 6356 282 0 0 0 0 0 0
 st 1
 pr 1

106336 char 0
na New noble
il	1 222
LI
 wh 135058
CH
 lo 51454
 he 100
 lk 3
 lr 91
 sl	610 2 21 0 0 \
	650 2 28 0 0 \
	654 2 28 7 0
 bh 9
 bp 50
 at 80
 df 80
CO
 li give 6356 282
 ar 6356 282 0 0 0 0 0 0
 st 1
 pr 1

4339 char 0
na Mishra
il	54 1 \
	60081 1
LI
 wh 70009
CH
 lo 51454
 he 100
 lk 2
 lr 2
 sl	900 2 42 0 0 \
	720 2 21 0 0 \
	650 2 28 0 0 \
	655 2 14 12 0 \
	656 2 14 16 0 \
	654 2 28 22 0 \
	722 2 14 7 0 \
	721 2 14 6 0 \
	651 2 21 4 0 \
	652 2 28 0 0 \
	657 2 21 12 0 \
	690 2 28 2 0 \
	695 2 21 6 0 \
	693 2 21 5 0 \
	904 2 21 0 0 \
	902 2 21 1 0 \
	630 2 28 0 0 \
	641 2 28 1 0 \
	610 2 21 6 0 \
	903 2 21 5 0 \
	908 2 28 1 0 \
	800 2 0 0 0 \
	802 2 0 0 0 \
	907 2 0 0 0 \
	906 2 0 0 0 \
	905 2 0 0 0 \
	909 2 0 2 0 \
	911 2 21 2 0 \
	806 2 21 20 0 \
	880 2 42 0 0 \
	639 2 21 0 0 \
	881 2 14 1 0 \
	920 2 0 0 0 \
	801 2 14 0 0 \
	653 2 28 0 0 \
	612 2 28 1 0 \
	807 2 21 6 0 \
	922 2 28 15 0 \
	813 2 21 5 0 \
	893 2 21 0 0 \
	808 2 21 0 0 \
	803 2 14 0 0 \
	882 2 14 0 0 \
	901 2 28 0 0 \
	883 2 14 0 0 \
	804 2 21 0 0 \
	805 2 14 0 0
 bh 9
 ra 70
 at 80
 df 80
CM
 im 1
 ma 13
 ca 45
 hs 1
 pl 3435
 ar 60081
CO
 li use 813
 ar 0 0 0 0 0 0 0 813
 st 1
 us 813
 ue 2
 de 7
 pr 3

75622 char 0
na Nigel
il	1 200 \
	54 2
tl	2 73855 384 71 0 0 0 0 \
	2 113514 369 65 0 0 0 0
LI
 wh 2592
CH
 lo 51454
 he 100
 lk 3
 lr 106
 sl	610 2 21 12 0 \
	630 2 28 0 0 \
	639 2 21 0 0 \
	641 2 28 1 0 \
	612 2 28 0 0 \
	613 2 14 18 0 \
	670 2 28 0 0 \
	671 2 14 0 0 \
	611 1 21 0 0
 bh 5
 bp 50
 at 80
 df 80
CM
 hs 1
CO
 li stack 2592
 ar 2592 0 0 0 0 0 0 0
 st 1
 ue 3
 pr 1

9117 char 0
na Jori Soothsayer
il	54 3
LI
 wh 2592
CH
 lo 51454
 pl 100
 he 100
 lk 3
 lr 89
 sl	730 2 21 0 0 \
	732 2 14 15 0 \
	733 2 14 9 0 \
	610 2 21 33 0 \
	612 2 28 1 0 \
	700 2 21 0 0 \
	702 2 14 30 0 \
	617 2 14 14 0 \
	616 2 14 1 0 \
	720 2 21 0 0 \
	630 2 28 0 0 \
	731 2 14 0 0 \
	641 2 28 1 0 \
	631 2 14 5 0 \
	721 2 14 0 0 \
	613 2 14 7 0 \
	670 2 28 0 0 \
	671 2 14 0 0 \
	703 2 14 0 0 \
	635 2 28 0 0 \
	614 2 14 0 0 \
	722 2 14 0 0 \
	615 2 21 0 0 \
	672 2 21 0 0 \
	632 2 14 0 0 \
	673 2 14 0 0 \
	674 2 21 0 0
 bh 5
 at 80
 df 80
 mi 50
CM
 hs 1
MI
 ds Gutbuster Brigade
CO
 li stack 2592
 ar 2592 0 0 0 0 0 0 0
 st 1
 ue 2
 pr 1

