51478 player pl_regular
na Obscure Convention
il	1 584 \
	77 50
an 51478 
CH
PL
 fn Francis Joossens
 em thecloudlands@yahoo.com
 ve fr8@g2.pbm.com
 pw 753357
 np 17
 ft 45
 nt 1
 so 1
 lt 260
 kn 69 600 601 602 603 610 611 612 613 614 \
	615 616 617 630 631 632 633 634 635 637 639 \
	641 650 652 653 654 655 656 670 671 672 680 \
	682 690 691 693 695 700 702 703 704 705 720 \
	721 722 730 731 732 733 750 751 752 753 754 \
	755 756 800 801 802 803 804 805 806 807 808 \
	809 811 812 813 814 820 821 822 823 824 825 \
	826 827 828 829 831 832 833 840 841 842 843 \
	844 845 846 847 848 849 851 852 860 861 862 \
	863 864 865 866 867 868 869 871 872 880 881 \
	882 883 884 885 886 887 888 889 891 892 893 \
	894 900 901 902 903 904 905 906 907 908 909 \
	911 920 921 922 1260 1673 3831 3961 4852 4997 5981 \
	6637 6655 7601 8228 9311 10371 10372 10373 10464 10465 10466 \
	10467 10468 10469 10470 10471 10473 10474 10475 10476 10477 10478 \
	10542 10543 10544 10545 10546 10547 10548 10549 10550 10551 10552 \
	10553 10554 10555 10556 10557 10558 10559 10564 10636 10637 10638 \
	10639 10640 10641 10642 10643 10644 10645 10646 10647 10648 10649 \
	10650 10651 10652 10653 10654 10655 10656 10657 10658 10659 10660 \
	10661 10662 10663 10664 10736 10742 10761 10836 10842 10861 10862 \
	10863 10864 10865 10866 10942 11042 11133 11134 11135 11136 11137 \
	11138 11139 11140 11141 11142 11233 11333 11433 11533 11633 11733 \
	11833 11933 12033 12133 12233 12333 12433 12533 12633 12733 12833 \
	12933 13033 13128 13129 13130 13131 13132 13133 13527 13528 13529 \
	13530 13531 13532 13533 13534 13535 13627 13727 13827 13914 13915 \
	13916 13917 13918 13919 13920 13921 13922 13923 13924 13925 13926 \
	13927 14014 14114 14214 14314 14412 14413 14414 14472 14473 14511 \
	14512 14523 14570 14571 14572 14573 14611 14623 14670 14671 14673 \
	14711 14723 14770 14771 14773 14811 14823 14870 14871 14872 14873 \
	14911 14913 14914 14915 14916 14917 14918 14919 14920 14921 14922 \
	14923 14970 14971 14972 14973 14974 15010 15011 15013 15059 15060 \
	15061 15062 15063 15070 15071 15072 15073 15074 15077 15110 15113 \
	15160 15170 15171 15172 15173 15174 15175 15176 15177 15178 15207 \
	15208 15209 15210 15213 15260 15261 15268 15269 15270 15271 15272 \
	15273 15274 15275 15276 15277 15278 15307 15313 15314 15318 15319 \
	15350 15351 15360 15361 15367 15368 15369 15370 15371 15372 15373 \
	15374 15375 15376 15377 15378 15407 15408 15409 15410 15411 15412 \
	15413 15414 15415 15416 15417 15418 15461 15462 15463 15464 15465 \
	15466 15467 15468 15469 15470 15471 15472 15473 15474 15475 15477 \
	15478 15479 15506 15507 15508 15509 15510 15511 15512 15513 15514 \
	15515 15516 15517 15518 15519 15520 15561 15566 15569 15570 15573 \
	15574 15575 15576 15577 15578 15579 15606 15607 15608 15609 15610 \
	15611 15613 15614 15615 15616 15617 15618 15619 15620 15661 15666 \
	15669 15670 15671 15672 15673 15674 15675 15676 15677 15678 15679 \
	15706 15709 15710 15711 15712 15713 15714 15715 15716 15717 15719 \
	15720 15761 15766 15769 15770 15773 15774 15775 15776 15777 15778 \
	15779 15806 15810 15811 15812 15813 15815 15816 15817 15819 15820 \
	15828 15861 15866 15867 15868 15869 15870 15871 15872 15873 15874 \
	15875 15876 15877 15878 15906 15907 15908 15909 15910 15911 15912 \
	15913 15914 15915 15916 15917 15918 15919 15920 15921 15922 15923 \
	15924 15925 15926 15927 15928 15961 15968 15969 15970 15971 15972 \
	15973 15974 15975 15976 15977 15978 16007 16008 16009 16010 16011 \
	16013 16014 16015 16016 16017 16018 16020 16021 16026 16027 16028 \
	16054 16055 16056 16057 16058 16059 16060 16061 16062 16063 16064 \
	16065 16066 16067 16068 16069 16070 16071 16072 16073 16074 16075 \
	16076 16077 16078 16107 16108 16109 16110 16111 16112 16113 16114 \
	16115 16116 16117 16118 16119 16120 16121 16122 16123 16124 16125 \
	16126 16127 16128 16157 16158 16159 16162 16163 16164 16165 16166 \
	16167 16168 16169 16170 16171 16172 16173 16174 16175 16176 16177 \
	16178 16207 16208 16209 16210 16211 16212 16213 16214 16215 16216 \
	16217 16218 16219 16220 16221 16222 16223 16224 16225 16226 16227 \
	16259 16260 16261 16262 16266 16268 16269 16270 16271 16272 16273 \
	16274 16275 16276 16277 16278 16279 16280 16310 16311 16312 16313 \
	16314 16315 16316 16317 16318 16355 16359 16360 16361 16362 16366 \
	16368 16369 16370 16371 16372 16410 16411 16412 16413 16414 16415 \
	16416 16417 16418 16454 16455 16456 16457 16458 16459 16460 16461 \
	16462 16463 16464 16465 16466 16467 16468 16469 16470 16471 16472 \
	16473 16474 16512 16513 16514 16515 16516 16517 16518 16555 16557 \
	16558 16559 16560 16561 16562 16563 16564 16565 16566 16567 16568 \
	16569 16570 16571 16572 16573 16574 16575 16613 16614 16615 16616 \
	16617 16618 16619 16620 16654 16655 16656 16657 16658 16659 16661 \
	16662 16664 16665 16666 16668 16669 16670 16671 16672 16673 16674 \
	16710 16711 16712 16713 16714 16715 16716 16717 16718 16720 16721 \
	16754 16755 16759 16760 16761 16762 16764 16766 16768 16769 16771 \
	16772 16773 16774 16812 16813 16814 16815 16816 16817 16818 16819 \
	16820 16821 16849 16850 16851 16852 16853 16854 16855 16861 16862 \
	16864 16866 16867 16868 16869 16870 16871 16874 16921 16922 16923 \
	16924 16948 16949 16950 16951 16952 16953 16954 16955 16956 16957 \
	16958 16961 16962 16963 16964 16965 16966 16967 16968 16969 16970 \
	16971 16974 17024 17025 17026 17027 17045 17046 17047 17048 17049 \
	17050 17051 17052 17053 17054 17055 17056 17057 17058 17059 17060 \
	17061 17062 17063 17064 17066 17067 17069 17070 17074 17127 17128 \
	17129 17150 17151 17152 17153 17154 17155 17156 17157 17158 17159 \
	17160 17161 17162 17163 17164 17165 17166 17167 17168 17169 17170 \
	17174 17229 17250 17255 17256 17270 17274 17329 17330 17331 17332 \
	17333 17334 17335 17336 17337 17338 17339 17340 17341 17342 17343 \
	17344 17345 17346 17347 17348 17349 17350 17351 17352 17353 17354 \
	17355 17356 17357 17370 17373 17374 17456 17457 17470 17473 17474 \
	17556 17557 17570 17656 17670 17756 17757 17770 17870 23479 24190 \
	25623 26113 26542 27602 28533 28935 32138 32355 33805 34337 35119 \
	35204 35374 36748 40180 41660 41853 42213 42594 43186 43985 44004 \
	45356 45996 47230 48639 48772 49337 56782 56867 56904 56916 56949 \
	56964 57060 57143 57190 57242 57325 57355 57356 57364 57366 57401 \
	57483 57485 57540 57568 57652 57731 57804 57812 57842 57933 57934 \
	57958 58006 58010 58025 58031 58056 58071 58077 58137 58278 58335 \
	58338 58423 58446 58583 58600 58615 58635 58651 58684 59252 60201 \
	60268 60433 60561 60826 61112 62338 62349 62565 63252 64798 64945 \
	65410 65703 65862 66242 66615 66784 67293 67587 67967 68012 68428 \
	68442 68446 68558 68677 69212 69343 69417 69441 70009 70132 70397 \
	70464 70470 70639 71493 72125 72202 72258 72571 73538 74146 74238 \
	74322 74324 75090 75577 75795 76948 77052 77143 77157 77511 77561 \
	77642 77962 78755 94012 104811 130280 
 un 7152 1906 66515 77176 2830 3462 60150 2829 9814 
 uf 82820 1616 1707 1896 121456 
 am 1906 0 51478 
 am 2829 0 51478 
 am 2830 0 51478 
 am 3462 0 51478 
 am 5600 0 51478 
 am 7152 0 51478 
 am 8633 0 51478 
 am 9311 0 51478 
 am 9814 0 51478 
 am 60201 0 51478 
 am 65997 0 51478 
 am 66515 0 51478 
CO
 li accept 0 0
 ar 0 0 0 0 0 0 0 0
 st 1

7152 char 0
na Fell
il	1 1000 \
	51 67 \
	52 112 \
	54 92 \
	63 2 \
	65 2 \
	69 2 \
	76 30 \
	82 5 \
	84 9 \
	94 5 \
	99 1 \
	59901 1 \
	61421 1 \
	63152 1 \
	63650 1 \
	65193 1 \
	65928 1 \
	66294 1 \
	66939 1 \
	67171 1 \
	69384 1 \
	69559 1 \
	74547 1 \
	74794 1 \
	74983 1 \
	75827 1 \
	78798 1 \
	80213 1 \
	87945 1 \
	92983 1 \
	104899 1 \
	105926 1 \
	112584 1 \
	116138 1 \
	116619 1 \
	122087 1 \
	124397 1 \
	127278 1 \
	127938 1 \
	136467 1 \
	141305 1 \
	144450 1
LI
 wh 15928
 hl 1906 66515 77176 2830 
CH
 lo 51478
 he 100
 lk 2
 lr 1
 sl	650 2 28 0 0 \
	655 2 14 27 0 \
	656 2 14 20 0 \
	610 2 21 8 0 \
	654 2 28 94 0 \
	652 2 28 0 0 \
	653 2 28 0 0 \
	617 2 14 3 0 \
	614 2 14 5 0 \
	630 2 28 0 0 \
	641 2 28 1 0 \
	612 2 28 1 0 \
	611 2 28 0 0
 at 80
 df 64
 dt 71 1 2101
CM
 hs 1
 vp 11
CO
 li move cz28 s
 ar 15928 3 15928 0 0 4 15828 0
 st 1
 ue 3
 de 4
 pr 2

1906 char 0
na Qui-Sai
LI
 wh 7152
CH
 lo 51478
 he 100
 lk 3
 lr 86
 sl	630 2 28 0 0 \
	631 2 14 9 0 \
	610 2 21 45 0 \
	680 2 21 3 0 \
	682 2 14 7 0 \
	634 2 14 0 0 \
	612 2 28 1 0 \
	641 2 28 1 0 \
	616 2 14 6 0 \
	639 2 21 0 0 \
	615 2 21 2 0 \
	614 2 14 5 0 \
	617 2 14 3 0 \
	600 2 21 0 0 \
	602 2 14 1 0 \
	601 2 14 1 0 \
	603 2 14 0 0 \
	611 1 14 0 0
 bh 1
 at 80
 df 56
 mi 50
 dt 104 26 3116
CM
 hs 1
 vp 8
CO
 li study 611
 ar 611 0 0 0 0 0 0 0
 st 1
 ue 2
 de 7
 po 1
 pr 3

66515 char 0
na Candrian
LI
 wh 7152
CH
 lo 51478
 he 100
 lk 3
 lr 84
 sl	610 2 21 26 0 \
	720 2 21 0 0 \
	721 2 14 38 0 \
	722 2 14 13 0 \
	630 2 28 0 0 \
	680 2 21 5 0 \
	682 2 14 10 0 \
	641 2 28 1 0 \
	700 2 21 0 0 \
	702 2 14 17 0 \
	704 2 14 0 0 \
	703 2 14 11 0 \
	617 2 14 33 0 \
	613 2 14 0 0 \
	612 2 28 1 0 \
	615 2 21 0 0 \
	730 2 21 0 0 \
	733 2 14 0 0 \
	732 2 14 0 0 \
	731 2 14 0 0 \
	600 2 21 0 0 \
	601 2 14 0 0 \
	602 2 14 0 0 \
	603 1 7 0 0 \
	611 1 14 0 0
 bh 8
 at 80
 df 80
 mi 50
CM
 hs 1
CO
 li study 611
 ar 611 0 0 0 0 0 0 0
 st 1
 ue 1
 de 7
 po 1
 pr 3

77176 char 0
na Sev'Tai
il	54 1
LI
 wh 7152
CH
 lo 51478
 he 100
 lk 3
 lr 94
 sl	610 2 21 1 0 \
	617 2 14 3 0 \
	630 2 28 0 0 \
	641 2 28 1 0 \
	730 2 21 0 0 \
	733 2 14 1 0 \
	732 2 14 0 0 \
	731 2 14 0 0 \
	680 2 21 0 0 \
	720 2 21 0 0 \
	650 2 28 0 0 \
	654 2 28 4 0 \
	653 2 28 0 0 \
	611 2 28 0 0
 bh 9
 bp 50
 at 80
 df 80
CM
 hs 1
CO
 li study 611
 ar 611 0 0 0 0 0 0 0
 st 1
 ue 1
 de 7
 po 1
 pr 3

2830 char 0
na Annah
il	54 8
LI
 wh 7152
CH
 lo 51478
 he 100
 lk 2
 lr 1
 sl	630 2 28 0 0 \
	631 2 14 24 0 \
	632 2 14 1 0 \
	634 2 14 5 0 \
	641 2 28 2 0 \
	635 2 28 0 0 \
	610 2 21 11 0 \
	612 2 28 1 0 \
	617 2 14 22 0 \
	633 2 14 2 0 \
	639 2 21 0 0 \
	670 2 28 0 0 \
	600 2 21 0 0 \
	601 2 14 0 0 \
	602 2 14 0 0 \
	603 2 14 0 0 \
	730 2 21 0 0 \
	614 2 14 7 0 \
	732 2 14 3 0 \
	733 2 14 1 0 \
	731 2 14 0 0 \
	671 2 14 0 0 \
	700 2 21 0 0 \
	702 2 14 3 0 \
	672 2 21 0 0 \
	703 2 14 3 0 \
	613 2 14 2 0 \
	611 2 28 0 0 \
	615 2 21 0 0
 bh 9
 at 80
 df 75
 mi 50
 dt 104 1 3091
CM
 hs 1
 vp 8
CO
 li give 7152 1
 ar 7152 1 0 0 0 0 0 0
 st 1
 ue 2
 pr 1

3462 char 0
na Kitla
il	1 4656 \
	20 6 \
	54 25
LI
 wh 65862
CH
 lo 51478
 he 100
 lk 3
 lr 101
 sl	610 2 21 27 0 \
	612 2 28 1 0 \
	700 2 21 0 0 \
	702 2 14 16 0 \
	614 2 14 8 0 \
	630 2 28 0 0 \
	641 2 28 1 0 \
	720 2 21 0 0 \
	721 2 14 19 0 \
	722 2 14 14 0 \
	617 2 14 16 0 \
	616 2 14 1 0 \
	635 2 28 0 0 \
	703 2 14 0 0 \
	613 2 14 1 0 \
	615 2 21 0 0 \
	680 2 21 2 0 \
	682 2 14 7 0 \
	650 2 28 0 0 \
	654 2 28 12 0 \
	653 2 28 0 0 \
	611 2 28 0 0
 ra 60
 at 80
 df 78
 mi 50
 dt 75 7 2227
CM
 hs 1
CO
 li breed 54 54
 ar 54 54 0 0 0 0 0 0
 st 1
 ue 2
 de 6
 pr 3

60150 char 0
na Father Davion
il	1 2596
tl	2 94 47 4 0 0 0 0
LI
 wh 8228
CH
 lo 51478
 pl 100
 he 100
 lk 3
 lr 94
 sl	610 2 21 5 0 \
	630 2 28 0 0 \
	631 1 1 0 0 \
	615 2 21 0 0 \
	750 2 35 0 0 \
	751 2 28 0 0 \
	612 1 27 0 0 \
	752 1 21 0 0 \
	753 2 21 1 0 \
	755 0 0 0 0 \
	754 0 0 0 0 \
	756 0 0 0 0
 bp 50
 at 80
 df 80
 mi 50
CM
 pr 1
CO
 li use 751 b193
 ar 60193 0 0 0 0 0 0 751
 cs 2
 wa 7
 st 1
 us 751
 ue 1
 de 3
 pr 3

2829 char 0
na The Lady of Pain
il	1 947 \
	54 1 \
	136177 1
LI
 wh 10474
CH
 lo 51478
 he 100
 lk 2
 lr 1
 sl	800 2 28 0 0 \
	802 2 14 22 0 \
	840 2 35 0 0 \
	841 2 21 20 0 \
	805 2 14 0 0 \
	803 2 14 2 0 \
	610 2 21 1 0 \
	843 2 21 2 0 \
	801 2 14 1 0 \
	845 2 21 13 0 \
	846 2 21 2 0 \
	842 2 14 5 0 \
	849 2 21 30 0 \
	847 2 21 1 0 \
	848 2 21 1 0 \
	807 2 21 17 0 \
	630 2 28 0 0 \
	641 2 28 2 0 \
	851 2 21 15 0 \
	806 2 21 36 0 \
	639 2 21 0 0 \
	844 2 21 1 0 \
	808 2 21 1 0 \
	852 2 21 0 0 \
	809 2 21 0 0 \
	811 2 21 1 0 \
	814 2 21 0 0 \
	813 2 21 15 0 \
	804 2 21 0 0 \
	812 2 21 0 0 \
	617 2 14 2 0 \
	900 2 42 0 0 \
	820 2 35 0 0 \
	903 2 21 8 0 \
	823 2 21 7 0 \
	821 2 21 0 0 \
	822 2 21 0 0 \
	824 2 21 0 0 \
	902 2 21 0 0 \
	612 2 6 1 0 \
	908 2 28 2 0 \
	827 2 21 0 0 \
	637 1 0 0 0 \
	828 2 21 0 0 \
	829 2 21 0 0 \
	832 2 21 0 0 \
	833 2 21 0 0 \
	826 2 21 0 0 \
	825 2 21 0 0 \
	909 2 21 3 0 \
	907 2 21 0 0 \
	880 2 0 0 0 \
	881 2 0 1 0 \
	882 2 0 0 0 \
	886 2 0 0 0 \
	894 2 0 0 0 \
	888 2 0 0 0 \
	893 2 0 0 0 \
	883 2 0 0 0 \
	884 2 0 0 0 \
	885 2 0 0 0 \
	700 2 0 0 0 \
	720 2 0 0 0 \
	650 2 0 0 0 \
	680 2 0 0 0 \
	655 2 0 0 0 \
	656 2 0 0 0 \
	702 2 0 0 0 \
	704 2 0 0 0 \
	652 2 0 0 0 \
	654 2 0 0 0 \
	653 2 0 0 0 \
	904 2 21 0 0 \
	831 2 28 0 0 \
	911 2 21 1 0 \
	860 2 35 0 0 \
	861 2 14 0 0 \
	872 2 21 0 0 \
	862 2 14 0 0 \
	866 2 14 0 0 \
	863 2 14 0 0 \
	906 2 21 0 0 \
	864 2 14 0 0 \
	871 2 21 0 0 \
	868 2 21 0 0 \
	887 2 21 0 0 \
	889 2 21 0 0 \
	891 2 21 0 0 \
	892 2 21 0 0 \
	869 2 14 0 0 \
	905 2 21 0 0 \
	867 2 21 0 0 \
	865 2 14 0 0 \
	920 2 0 0 0 \
	611 1 23 0 0 \
	921 2 28 0 0 \
	922 1 14 0 0
 bh 3
 at 80
 df 80
CM
 im 1
 ma 2
 ca 88
 hs 1
 kw 1
 ar 136177
CO
 li use 813
 ar 0 0 0 0 0 0 0 813
 cs 2
 wa 3
 st 1
 us 813
 ue 3
 de 3
 pr 3

9814 char 0
na Shilandra
il	54 1 \
	60105 1 \
	62627 1 \
	63048 1 \
	64545 1 \
	101611 1 \
	116482 1 \
	117574 1 \
	133706 1
LI
 wh 10865
CH
 lo 51478
 he 100
 lk 2
 lr 1
 sl	610 2 21 4 0 \
	900 2 42 0 0 \
	630 2 28 0 0 \
	800 2 28 0 0 \
	641 2 28 2 0 \
	904 2 21 0 0 \
	802 2 14 5 0 \
	908 2 28 2 0 \
	905 2 21 0 0 \
	807 2 21 12 0 \
	903 2 21 24 0 \
	801 2 14 1 0 \
	806 2 21 19 0 \
	909 2 21 3 0 \
	911 2 21 3 0 \
	906 2 21 0 0 \
	907 2 21 0 0 \
	612 2 28 1 0 \
	803 2 14 1 0 \
	804 2 21 0 0 \
	902 2 21 6 0 \
	617 2 14 9 0 \
	613 2 14 0 0 \
	814 2 21 0 0 \
	880 2 0 0 0 \
	881 2 0 0 0 \
	882 2 0 0 0 \
	886 2 0 0 0 \
	894 2 0 0 0 \
	888 2 0 0 0 \
	893 2 0 0 0 \
	883 2 0 0 0 \
	884 2 0 0 0 \
	885 2 0 0 0 \
	670 2 0 0 0 \
	840 2 0 0 0 \
	631 2 0 0 0 \
	634 2 0 0 0 \
	808 2 0 0 0 \
	671 2 0 0 0 \
	639 2 0 0 0 \
	841 2 0 3 0 \
	849 2 0 6 0 \
	851 2 0 6 0 \
	845 2 0 0 0 \
	842 2 0 1 0 \
	614 2 0 0 0 \
	846 2 0 0 0 \
	847 2 0 0 0 \
	811 2 0 0 0 \
	813 2 0 5 0 \
	843 2 0 0 0 \
	844 2 0 3 0 \
	848 2 0 2 0 \
	805 2 0 0 0 \
	809 2 0 0 0 \
	812 2 0 0 0 \
	852 2 21 0 0 \
	820 2 35 0 0 \
	821 2 21 0 0 \
	822 2 21 0 0 \
	832 2 21 1 0 \
	833 2 21 0 0 \
	828 2 21 0 0 \
	887 2 21 0 0 \
	889 2 21 0 0 \
	891 2 21 0 0 \
	892 2 21 0 0 \
	831 2 28 0 0 \
	829 2 21 1 0 \
	827 2 21 1 0 \
	826 2 21 0 0 \
	823 2 21 0 0 \
	824 2 21 0 0 \
	825 2 21 0 0 \
	860 2 35 0 0 \
	861 2 14 0 0 \
	862 2 14 0 0 \
	871 2 21 0 0 \
	869 2 14 0 0 \
	867 2 21 0 0 \
	872 2 21 0 0 \
	864 1 5 0 0 \
	865 2 14 0 0 \
	866 2 14 0 0 \
	868 1 14 0 0
 bh 9
 at 80
 df 30
 ct 50106 50157 50162 50174 50229 50278 50333 50353 50428 \
	50447 50535 50557 50612 50615 50653 50696 50739 50762 50765 50786 \
	50797 50822 50837 50958 50962 51035 51045 51105 51115 51167 51176 \
	51259 51304 51305 51323 51372 51428 51454 51473 51478 51516 51535 \
	51555 51606 51632 51656 51665 51695 51812 51814 51835 51853 51896 \
	51992 52412 52466 52468 52578 52586 52606 52695 52793 53013 53155 \
	53186 53198 53249 53397 53436 53502 53513 53627 53632 54028 54032 \
	54112 54125 54134 54172 54177 54214 54253 54295 54339 54347 54392 \
	54404 54407 54422 54522 54524 54527 54587 54597 54636 54684 54847 \
	54935 54936 54948 54953 55066 55067 55115 55124 55134 55166 55184 \
	55207 55245 55263 55268 55275 55374 55378 55458 55526 55565 55629 \
	55705 55713 55734 55737 55749 55792 55819 55827 55845 55976 55985 \
	56006 56033 56136 56175 56178 56183 56195 56223 56253 56297 56309 \
	56363 56365 56377 56406 56455 56542 56746 56754 
 dt 235 7 7027
CM
 im 1
 ma 72
 ca 26
 hs 1
 kw 1
 vp 10
CO
 li use 813
 ar 813 0 0 0 0 0 0 0
 wa -1
 st 1
 ue 2
 po 1
 pr 3

