51473 player pl_regular
na Ashanti
il	1 1445
CH
PL
 fn Tammy Whitley
 em cush@home.com
 pw Nubia
 np 5
 fs 16
 ft 104
 lt 246
 kn 600 601 602 603 610 611 612 613 614 615 \
	616 617 630 631 632 633 634 635 636 637 639 \
	641 650 651 652 653 654 655 656 658 670 671 \
	672 680 681 682 690 691 692 693 694 695 696 \
	697 700 701 702 703 704 705 720 721 722 723 \
	750 751 752 753 754 755 756 800 801 802 803 \
	804 805 806 807 808 809 811 812 813 814 820 \
	821 822 823 825 826 827 828 829 831 832 833 \
	840 841 842 843 844 845 846 847 848 849 851 \
	852 860 861 862 863 864 865 866 867 868 869 \
	871 872 880 881 882 883 884 886 889 892 893 \
	900 901 902 903 904 905 906 907 908 909 911 \
	4681 5908 9122 15682 15683 15780 15781 15782 15783 15880 15881 \
	15882 15883 15884 15885 15977 15978 15979 15980 15981 15982 15983 \
	15984 15985 16077 16080 16081 16082 16083 16084 16085 16177 16178 \
	16179 16180 16181 16182 16183 16184 16185 16278 16279 16280 16281 \
	16282 16283 16286 16378 16379 16380 16381 16473 16474 16475 16476 \
	16478 16479 16480 16481 16482 16483 16484 16485 16486 16568 16569 \
	16570 16571 16572 16573 16574 16575 16576 16577 16578 16579 16580 \
	16581 16582 16586 16668 16673 16674 16675 16676 16677 16678 16679 \
	16680 16681 16682 16686 16774 16775 16776 16777 16778 16779 16780 \
	16781 16782 16783 16784 16785 16786 16877 16880 16881 16882 16886 \
	16887 16977 16978 16979 16980 16981 16982 16983 16984 16985 16986 \
	16987 16988 16989 16990 16991 17080 17081 17082 17083 17084 17085 \
	17086 17087 17088 17089 17091 17177 17178 17179 17180 17181 17182 \
	17183 17184 17185 17186 17187 17188 17189 17191 17193 17277 17278 \
	17279 17280 17281 17282 17283 17284 17285 17286 17287 17288 17289 \
	17291 17293 17379 17380 17383 17385 17386 17387 17388 17389 17390 \
	17391 17393 17479 17480 17483 17485 17487 17488 17489 17493 17579 \
	17580 17583 17585 17587 17588 17589 17590 17591 17592 17593 17678 \
	17679 17680 17681 17682 17683 17684 17685 17686 17687 17688 17689 \
	17690 56761 56848 57371 57401 57957 58112 58259 58603 58693 58728 \
	61141 63040 63134 63303 63750 64995 66839 67742 70065 70257 70264 \
	72142 72324 72916 73695 75250 76673 131013 144806 
 un 69872 70351 69845 71029 
 uf 86041 83962 117118 92589 125325 
 am 4681 0 61272 72415 
CO
 li accept 0 0
 ar 0 0 0 0 0 0 0 0
 st 1

69872 char 0
na Binti Jua
il	1 1748 \
	17 22 \
	85 16 \
	94 111 \
	95 132
tl	2 95 15 7 0 0 0 0
LI
 wh 63040
CH
 lo 51473
 he 100
 lk 3
 lr 14
 sl	610 2 21 3 0 \
	750 2 35 6 0 \
	753 2 21 10 0 \
	755 2 28 0 0 \
	754 2 28 0 0 \
	756 2 28 13 0 \
	752 2 28 2 0 \
	614 2 14 21 0 \
	751 2 28 7 0 \
	690 2 28 0 0 \
	611 2 28 0 0 \
	694 2 21 0 0 \
	691 2 21 1 0 \
	695 2 21 0 0 \
	697 2 28 0 0 \
	696 2 14 0 0 \
	692 2 21 0 0 \
	693 2 21 0 0 \
	612 2 28 0 0 \
	615 2 21 23 0 \
	630 2 28 0 0 \
	631 2 14 11 0 \
	632 2 14 0 0 \
	633 2 14 0 0 \
	617 2 14 2 0 \
	616 2 14 0 0
 bp 50
 at 80
 df 214
 mi 141
CM
 pr 1
 vp 6
 pl 74023
 vi 1045 69845 
CO
 li use 615
 ar 0 0 0 0 0 0 0 615
 st 1
 us 615
 ue 4
 de 6
 pr 3

70351 char 0
na Aegyptus
tl	2 94 52 4 0 0 0 0
LI
 wh 58603
CH
 lo 51473
 he 100
 lk 2
 lr 2
 sl	610 2 21 1 0 \
	630 2 28 0 0 \
	900 2 42 0 0 \
	680 2 21 0 0 \
	880 2 42 0 0 \
	800 2 28 0 0 \
	802 2 14 85 0 \
	614 2 14 5 0 \
	801 2 14 0 0 \
	803 2 14 0 0 \
	804 2 21 0 0 \
	805 2 14 0 0 \
	901 2 28 0 0 \
	612 2 28 0 0 \
	902 2 21 0 0 \
	903 2 21 0 0 \
	881 2 14 0 0 \
	882 2 14 0 0 \
	883 2 14 0 0 \
	806 2 21 0 0 \
	807 2 21 0 0 \
	813 2 21 0 0 \
	808 2 21 0 0 \
	809 2 21 0 0 \
	812 2 21 0 0 \
	889 2 21 0 0 \
	613 2 14 0 0 \
	911 2 21 0 0 \
	904 2 21 0 0 \
	909 2 21 0 0 \
	905 2 21 0 0 \
	906 2 21 0 0 \
	908 2 28 2 0 \
	907 2 21 0 0 \
	814 2 21 0 0 \
	886 2 14 0 0 \
	884 2 28 0 0 \
	700 2 0 0 0 \
	860 2 0 0 0 \
	861 2 0 0 0 \
	702 2 0 0 0 \
	864 2 0 0 0 \
	869 2 0 0 0 \
	871 2 0 0 0 \
	867 2 0 0 0 \
	862 2 0 0 0 \
	863 2 0 0 0 \
	868 2 0 0 0 \
	872 2 0 0 0 \
	866 2 0 0 0 \
	865 2 0 0 0 \
	893 2 21 0 0 \
	811 1 14 0 0 \
	892 0 0 0 0
 bp 50
 at 80
 df 124
CM
 im 1
 ma 44
 ca 44
 vp 4
 pl 74023
CO
 li use 614
 ar 0 0 0 0 0 0 0 614
 st 1
 us 614
 ue 2
 de 7
 pr 3

69845 char 0
na Hakuna Matata
tl	2 94 1 4 0 0 0 0 \
	2 95 88 7 0 0 0 0
LI
 wh 58603
CH
 lo 51473
 he 100
 lk 3
 lr 23
 sl	630 2 28 0 0 \
	610 2 21 19 0 \
	650 2 28 0 0 \
	900 2 42 0 0 \
	655 2 14 7 0 \
	654 2 28 79 0 \
	631 2 14 21 0 \
	656 2 14 0 0 \
	653 2 28 0 0 \
	652 2 28 0 0 \
	651 2 21 0 0 \
	612 2 28 0 0 \
	614 2 14 16 0 \
	690 2 28 0 0 \
	616 2 14 0 0 \
	658 2 21 0 0 \
	695 2 21 0 0 \
	902 2 21 0 0 \
	903 2 21 0 0
 bp 50
 at 80
 df 135
 dt 212 10 6340
CM
 im 1
 ma 3
 ca 3
 vp 2
MI
 ds Ra Consortium
CO
 li breed 54 54
 ar 54 54 0 0 0 0 0 0
 st 1
 ue 3
 de 6
 pr 3

71029 char 0
na Kunta Kinte
il	1 1381 \
	12 17 \
	16 6 \
	20 34 \
	22 57 \
	52 2 \
	73 47 \
	98 29
tl	2 94 100 7 0 0 0 0
LI
 wh 144806
 hl 115154 145282 117182 98447 
CH
 lo 51473
 he 100
 lk 3
 lr 68
 sl	600 2 21 0 0 \
	630 2 28 0 0 \
	680 2 21 5 0 \
	602 2 14 0 0 \
	601 2 14 0 0 \
	720 2 21 0 0 \
	631 2 14 11 0 \
	610 2 21 11 0 \
	721 2 14 9 0 \
	722 2 14 7 0 \
	682 2 14 11 0 \
	617 2 14 7 0 \
	614 2 14 31 0 \
	615 2 21 15 0 \
	612 2 28 1 0 \
	603 2 14 0 0 \
	637 2 21 0 0 \
	636 2 14 0 0 \
	639 2 21 0 0 \
	641 2 28 0 0 \
	632 2 14 0 0 \
	633 2 14 0 0 \
	634 2 14 0 0 \
	635 2 28 0 0 \
	616 2 14 12 0 \
	613 2 14 0 0 \
	723 2 14 0 0 \
	700 2 21 0 0 \
	701 2 14 0 0 \
	702 2 14 0 0 \
	611 2 28 0 0 \
	703 2 14 0 0 \
	704 2 14 0 0 \
	705 1 11 0 0
 ra 30
 at 142
 df 244
 mi 152
CM
 vp 3
 pl 74023
MI
 ds Ashanti Warrior
CO
 li use 614
 ar 0 0 0 0 0 0 0 614
 st 1
 us 614
 ue 4
 de 6
 pr 3

