51516 player pl_regular
na The Scots
il	1 2075 \
	77 46 \
	78 90
an 51516 
CH
PL
 fn Scott Nelson
 em zone@he.net
 pw cij401k2
 ft 153
 sl 20000
 sb 500000
 so 1
 lt 260
 kn 69 600 601 602 603 610 611 612 613 614 \
	615 616 617 630 631 632 633 634 635 639 641 \
	650 651 652 653 654 655 656 657 658 670 671 \
	672 673 674 680 681 682 690 691 692 693 695 \
	696 697 700 701 702 703 704 705 706 720 721 \
	730 731 732 733 750 751 752 753 754 755 756 \
	840 841 842 843 844 845 846 847 848 849 851 \
	852 880 881 882 883 884 885 886 887 888 889 \
	891 892 893 894 900 902 903 904 905 906 907 \
	908 909 911 920 921 922 2668 3947 4408 5677 6160 \
	10273 10274 10275 10276 10373 10374 10375 10473 10474 10475 11257 \
	11357 11358 11457 11458 11557 11558 11649 11650 11651 11652 11653 \
	11654 11655 11657 11658 11749 11750 11751 11752 11753 11754 11755 \
	11756 11757 11758 11759 11760 11761 11850 11851 11852 11853 11854 \
	11855 11856 11857 11858 11859 11860 11861 11862 11950 11951 11952 \
	11953 11954 11955 11956 11957 11958 11959 11960 11961 11962 11963 \
	11964 11965 11983 11984 11985 11986 11987 12046 12047 12048 12049 \
	12050 12051 12052 12053 12054 12055 12056 12057 12058 12059 12060 \
	12061 12062 12063 12064 12065 12066 12067 12068 12069 12070 12071 \
	12072 12083 12084 12085 12087 12145 12146 12147 12148 12149 12150 \
	12151 12152 12153 12154 12155 12156 12157 12158 12159 12160 12161 \
	12162 12163 12164 12165 12166 12167 12168 12169 12170 12171 12172 \
	12173 12183 12187 12239 12240 12241 12242 12243 12244 12245 12247 \
	12250 12251 12252 12253 12255 12256 12257 12258 12259 12260 12261 \
	12262 12263 12265 12266 12283 12287 12333 12334 12335 12336 12337 \
	12338 12339 12347 12350 12351 12353 12354 12355 12356 12357 12358 \
	12359 12360 12361 12362 12363 12364 12365 12366 12383 12387 12388 \
	12433 12446 12447 12449 12450 12451 12452 12453 12454 12458 12459 \
	12460 12461 12462 12463 12464 12465 12466 12467 12468 12483 12488 \
	12508 12509 12510 12511 12528 12529 12530 12531 12532 12533 12546 \
	12547 12548 12549 12550 12551 12557 12558 12559 12560 12561 12562 \
	12583 12588 12605 12606 12607 12608 12609 12610 12611 12628 12647 \
	12648 12649 12650 12656 12657 12658 12659 12660 12661 12662 12683 \
	12688 12705 12706 12707 12708 12709 12710 12711 12723 12724 12725 \
	12726 12727 12728 12748 12750 12751 12752 12753 12754 12755 12756 \
	12757 12758 12759 12760 12761 12762 12783 12788 12789 12790 12791 \
	12792 12793 12805 12806 12807 12808 12809 12810 12811 12820 12821 \
	12822 12823 12827 12848 12849 12850 12851 12852 12853 12854 12855 \
	12856 12857 12858 12861 12862 12863 12864 12865 12883 12893 12894 \
	12904 12905 12906 12907 12908 12909 12910 12911 12919 12920 12927 \
	12948 12965 12966 12967 12968 12969 12970 12971 12972 12973 12983 \
	12994 12995 13000 13001 13002 13003 13004 13005 13006 13007 13008 \
	13009 13010 13014 13015 13016 13017 13018 13019 13027 13048 13072 \
	13073 13083 13095 13096 13097 13098 13099 13104 13105 13106 13107 \
	13108 13109 13110 13111 13114 13127 13148 13173 13174 13175 13176 \
	13177 13178 13179 13180 13181 13182 13183 13204 13205 13206 13207 \
	13208 13209 13210 13211 13212 13214 13227 13248 13304 13305 13306 \
	13307 13308 13309 13310 13314 13327 13348 13404 13405 13406 13407 \
	13408 13414 13427 13448 13449 13450 13451 13504 13505 13506 13507 \
	13508 13509 13514 13527 13607 13609 13614 13627 13707 13708 13709 \
	13710 13711 13712 13713 13714 13727 13810 13811 13812 13813 13814 \
	13827 13927 14025 14026 14027 14073 14123 14124 14125 14160 14161 \
	14162 14163 14164 14165 14166 14167 14168 14173 14222 14268 14269 \
	14270 14271 14272 14273 14321 14322 14420 14421 14518 14519 14520 \
	14616 14617 14715 14716 14814 14815 14912 14913 14914 15011 15012 \
	15100 15101 15102 15103 15104 15105 15106 15111 15200 15206 15211 \
	15277 15278 15279 15300 15306 15311 15379 15380 15381 15382 15383 \
	15384 15385 15386 15387 15388 15389 15390 15391 15392 15400 15406 \
	15411 15479 15492 15500 15506 15511 15592 15600 15606 15611 15620 \
	15621 15692 15700 15706 15711 15792 15800 15806 15811 15892 15900 \
	15906 15911 15992 15993 16000 16006 16011 16091 16092 16093 16094 \
	16100 16106 16110 16111 16191 16193 16194 16200 16206 16210 16291 \
	16293 16294 16300 16301 16302 16303 16304 16306 16310 16311 16373 \
	16391 16393 16394 16395 16396 16397 16398 16399 16400 16401 16402 \
	16403 16404 16405 16406 16407 16408 16409 16410 16411 16412 16473 \
	16491 16492 16493 16494 16495 16496 16497 16498 16499 16500 16504 \
	16505 16506 16507 16508 16509 16510 16512 16513 16573 16575 16576 \
	16594 16600 16606 16607 16608 16609 16610 16611 16612 16613 16614 \
	16673 16676 16677 16678 16694 16700 16714 16715 16716 16773 16774 \
	16794 16795 16796 16797 16798 16799 16816 16817 16818 16819 16820 \
	16821 16921 16922 16923 16924 17024 17025 17026 17027 17127 17128 \
	17129 17130 17228 17230 17328 17330 17428 17430 17528 17530 17628 \
	17630 17728 17730 17828 17830 17831 17928 17931 18028 18029 18032 \
	18033 18129 18130 18133 18134 18230 18231 18234 18235 18331 18332 \
	18335 18336 18337 18432 18433 18436 18533 18534 18536 18537 18538 \
	18634 18635 18638 18735 18736 18738 18836 18837 18838 18937 18938 \
	20156 20180 20237 20638 20651 21065 21068 21194 21349 21817 21894 \
	22327 22387 22405 22515 22579 22674 22873 22962 23075 23106 23155 \
	23264 23317 23405 23479 23511 23952 24031 24162 24239 24399 24477 \
	24552 24779 24800 24807 25025 25092 25125 25190 25276 25312 25339 \
	25495 25655 25837 25922 25961 26049 26097 26251 26466 26636 26683 \
	26841 26928 27026 27057 27102 27169 27220 27249 27295 27325 27420 \
	27594 27669 27692 27718 27782 27996 27998 28007 28399 28488 28517 \
	28623 28832 29211 29312 29343 29545 29741 29855 30125 30207 30624 \
	30760 30909 30934 31279 31294 31430 31492 31525 31746 31765 31778 \
	31787 31823 31904 31938 31947 32070 32098 32138 32184 32253 32268 \
	32321 32443 32510 32670 32673 32720 32847 32906 32990 33063 33122 \
	33161 33286 33489 33518 33608 33672 33687 33734 33757 33857 33925 \
	34011 34337 34374 34542 34590 34680 34715 34786 34858 34982 35078 \
	35110 35119 35134 35204 35236 35417 35422 35565 35608 35648 35710 \
	35742 35753 36061 36150 36350 36353 36452 36922 37016 37063 37377 \
	37478 37593 37692 37727 37747 37803 37805 38005 38048 38323 38743 \
	38966 39183 39202 39456 39498 39511 39522 39781 39908 39955 40087 \
	40094 40131 40322 40377 40445 40474 40765 41006 41057 41335 41836 \
	41837 41853 42126 42248 42281 42435 42444 42496 42502 42594 42761 \
	42879 43050 43067 43247 43251 43445 43639 43705 43717 43809 43810 \
	43851 43930 43949 44345 44390 44610 44635 44689 44859 44900 44921 \
	44959 44989 45008 45067 45162 45188 45283 45311 45587 45635 45666 \
	45675 46104 46201 46217 46335 46373 46424 46437 46489 46570 46959 \
	47066 47203 47390 47600 47637 47934 48161 48372 48390 48408 48483 \
	48694 48882 49216 49337 49407 49485 49578 49661 49765 49898 56826 \
	56872 56890 56908 57047 57060 57081 57116 57140 57240 57282 57294 \
	57365 57440 57531 57797 57826 57865 57870 57944 57977 58057 58074 \
	58110 58342 58364 58423 58541 58590 58615 58621 58665 58744 58752 \
	59450 59920 60065 61112 61294 61782 61790 62302 62610 62796 62853 \
	63113 63158 63754 65295 65785 67110 67536 67636 68579 68584 68817 \
	69154 69526 70206 70229 70458 70996 71615 72349 72747 72824 73529 \
	74148 75052 75875 75902 76047 76173 76690 77200 77288 77425 77919 \
	78118 78538 78549 78923 84150 113944 130781 
 un 96264 119121 84264 137761 119589 107030 65320 61482 98141 \
	128706 144027 2198 117944 4029 88779 100669 117499 106161 104717 126720 \
	99442 118285 144819 
 uf 136825 126215 101446 138320 145172 
 am 4408 0 50106 51176 51305 51896 56754 55749 56406 \
	56183 53436 52468 55184 54636 51167 50765 
 am 51516 0 50106 51176 51305 51896 56754 
 am 144027 1 
CO
 li accept 0 0 
 ar 0 0 0 0 0 0 0 0
 st 1

96264 char 0
na Crazy Bob
il	1 7152 \
	10 10 \
	11 8 \
	12 9 \
	16 138 \
	19 8 \
	75 188 \
	261 1
tl	1 72 1000 50 0 0 0 0 \
	1 75 1000 10 0 0 0 0 \
	1 85 1000 10 0 0 0 0 \
	1 54 100 300 0 0 0 0 \
	1 61 100 250 0 0 0 0 \
	1 60 100 320 0 0 0 0
LI
 wh 58615
CH
 lo 51516
 pl 56178
 he 100
 lk 1
 lr 400
 sl	730 1 7 0 0 \
	610 2 21 19 0 \
	600 2 21 0 0 \
	602 2 14 0 0 \
	601 2 14 27 0 \
	630 2 28 0 0 \
	611 2 28 0 0 \
	612 2 28 1 0 \
	641 2 28 0 0 \
	617 2 14 0 0 \
	700 2 21 0 0 \
	702 2 14 0 0 \
	680 2 21 0 0
 at 80
 df 80
MI
 ds Email me- I'll make you such a deal!
CO
 li train 12
 ar 12 0 0 9 0 0 0 0
 cs 2
 wa -1
 st 1
 ue 1
 de 9
 po 1
 pr 3

119121 char 0
na Ramona
il	1 2397 \
	11 3 \
	77 18
LI
 wh 10276
CH
 lo 51516
 he 100
 lk 1
 lr 200
 sl	630 2 28 0 0 \
	641 2 28 1 0 \
	610 2 21 0 0 \
	611 2 28 0 0 \
	612 2 28 1 0 \
	635 2 28 0 0 \
	615 2 21 0 0 \
	617 2 14 0 0 \
	632 2 14 0 0 \
	616 2 14 0 0 \
	633 2 14 0 0 \
	613 2 14 2 0 \
	634 2 14 0 0 \
	631 2 14 0 0
 at 80
 df 80
 mi 50
CM
 hs 1
CO
 li give garrison 61 0
 ar 65189 61 0 0 0 0 0 0
 st 1
 ue 1
 pr 1

84264 char 0
na Nimbus
il	1 795 \
	10 1 \
	11 2 \
	54 2 \
	79 20
tl	2 68451 27 126 0 0 0 0 \
	2 88024 30 63 0 0 0 0 \
	2 65685 28 96 0 0 0 0
LI
 wh 10276
CH
 lo 51516
 pl 100
 he 100
 lk 3
 lr 86
 sl	630 2 28 0 0 \
	610 2 21 1 0 \
	641 2 28 1 0 \
	612 2 28 1 0 \
	670 2 28 0 0 \
	673 2 14 0 0 \
	611 2 28 0 0 \
	671 2 14 0 0 \
	674 2 21 0 0 \
	635 2 28 0 0 \
	617 2 14 20 0 \
	615 2 21 0 0 \
	700 2 21 0 0 \
	702 2 14 16 0 \
	703 2 14 0 0 \
	613 2 14 0 0 \
	616 2 14 0 0 \
	672 2 21 0 0 \
	614 2 14 0 0 \
	704 2 14 0 0 \
	705 2 14 0 0 \
	631 2 14 0 0 \
	701 2 14 0 0
 at 80
 df 80
 mi 50
CM
 hs 1
CO
 li train 11
 ar 11 0 0 2 0 0 0 0
 cs 2
 wa -1
 st 1
 ue 1
 de 2
 po 1
 pr 3

137761 char 0
na Salt
il	1 18177 \
	10 10 \
	11 42 \
	12 4 \
	14 108 \
	60 4 \
	73 115 \
	79 25 \
	85 111
LI
 wh 10474
CH
 lo 51516
 he 100
 lk 3
 lr 88
 sl	610 2 21 6 0 \
	630 2 28 0 0 \
	670 2 28 0 0 \
	690 2 28 0 0 \
	700 2 21 0 0 \
	612 2 28 1 0 \
	641 2 28 1 0 \
	616 2 14 17 0 \
	611 2 28 0 0 \
	702 2 14 3 0 \
	703 2 14 0 0 \
	671 2 14 0 0 \
	673 2 14 0 0 \
	674 2 21 0 0 \
	691 2 21 0 0 \
	635 1 14 0 0 \
	701 2 14 2 0
 at 158
 df 80
CM
 hs 1
CO
 li train 11
 ar 11 0 0 0 0 0 0 0
 wa -1
 st 1
 ue 1
 po 1
 pr 3

119589 char 0
na Ozma
il	1 269 \
	10 3 \
	11 3 \
	77 3
LI
 wh 10474
CH
 lo 51516
 he 100
 lk 1
 sl	610 2 21 2 0 \
	616 2 14 4 0 \
	613 2 14 2 0
 bp 50
 at 80
 df 80
CO
 li use 613
 ar 0 0 0 0 0 0 0 613
 cs 2
 wa 6
 st 1
 us 613
 ue 1
 de 8
 pr 3

107030 char 0
na Mango
il	1 406 \
	11 3 \
	54 3 \
	76 7 \
	77 3
LI
 wh 10474
CH
 lo 51516
 he 100
 lk 3
 lr 61
 sl	610 2 21 11 0 \
	630 2 28 0 0 \
	612 2 28 1 0 \
	615 2 21 3 0 \
	730 2 21 0 0 \
	732 2 14 3 0 \
	733 2 14 3 0 \
	641 2 28 1 0 \
	611 2 28 0 0 \
	617 2 14 5 0 \
	670 2 28 0 0 \
	731 1 1 0 0 \
	613 2 14 2 0
 ra 70
 at 80
 df 80
 mi 50
CM
 hs 1
 vp 2
 pl 8611
CO
 li use 613
 ar 0 0 0 0 0 0 0 613
 cs 2
 wa 2
 st 1
 us 613
 ue 1
 de 12
 pr 3

65320 char 0
na Pirate Dave
il	1 813 \
	11 3 \
	60 1 \
	77 3 \
	79 3 \
	84 3
LI
 wh 10474
CH
 lo 51516
 pl 100
 he 100
 lk 3
 lr 108
 sl	600 2 21 0 0 \
	610 2 21 10 0 \
	601 2 14 8 0 \
	616 2 14 10 0 \
	611 2 28 0 0 \
	612 2 28 1 0 \
	615 2 21 3 0 \
	602 2 14 0 0 \
	617 2 14 10 0 \
	700 2 21 0 0 \
	630 2 28 0 0 \
	730 2 21 0 0 \
	732 2 14 6 0 \
	733 2 14 5 0 \
	690 2 28 0 0 \
	702 2 14 8 0 \
	703 2 14 7 0 \
	704 2 14 5 0 \
	641 2 28 1 0 \
	693 2 21 10 0 \
	691 2 21 5 0 \
	635 2 28 0 0 \
	695 2 21 2 0 \
	603 2 14 0 0 \
	692 2 21 0 0 \
	731 2 14 0 0 \
	701 2 14 2 0 \
	706 2 14 2 0 \
	705 2 14 0 0 \
	696 2 14 0 0 \
	670 1 7 0 0 \
	697 1 14 0 0
 at 111
 df 80
 mi 61
CM
 hs 1
 vp 2
MI
 di 2
CO
 li use 701
 ar 0 0 0 0 0 0 0 701
 cs 2
 wa 3
 st 1
 us 701
 ue 1
 de 11
 pr 3

61482 char 0
na Pepper
il	1 743 \
	11 3 \
	54 1 \
	77 3
LI
 wh 10474
CH
 lo 51516
 he 92
 lk 3
 lr 96
 sl	630 2 28 0 0 \
	610 2 21 9 0 \
	611 2 28 0 0 \
	612 2 28 1 0 \
	641 2 28 1 0 \
	840 2 35 0 0 \
	841 2 21 5 0 \
	842 2 14 1 0 \
	843 2 21 0 0 \
	844 2 21 0 0 \
	845 2 21 0 0 \
	846 2 21 0 0 \
	847 2 21 0 0 \
	848 2 21 0 0 \
	849 2 21 3 0 \
	851 2 21 3 0 \
	852 2 21 0 0 \
	617 2 14 3 0 \
	635 2 28 0 0 \
	615 1 2 0 0 \
	613 2 14 1 0
 at 80
 df 80
CM
 im 1
 ma 12
 ca 12
 hs 1
CO
 li use 613
 ar 0 0 0 0 0 0 0 613
 cs 2
 wa 3
 st 1
 us 613
 ue 1
 de 11
 pr 3

98141 char 0
na Jeff
il	1 22816 \
	54 2 \
	77 52 \
	85 10
tl	2 68451 27 126 0 0 0 0
LI
 wh 11749
CH
 lo 51516
 he 100
 lk 3
 lr 29
 sl	630 2 28 0 0 \
	641 2 28 1 0 \
	639 2 21 0 0 \
	610 2 21 7 0 \
	670 2 28 0 0 \
	611 2 28 0 0 \
	612 2 28 1 0 \
	671 2 14 0 0 \
	633 2 14 0 0 \
	673 2 14 1 0 \
	674 2 21 0 0 \
	615 2 21 1 0 \
	617 2 14 2 0 \
	672 2 21 0 0 \
	680 2 21 1 0 \
	682 2 14 13 0 \
	616 2 14 0 0 \
	635 1 24 0 0 \
	700 1 14 0 0
 at 80
 df 80
 mi 50
CM
 hs 1
CO
 li make 85
 ar 85 0 0 10 0 0 0 0
 cs 2
 wa -1
 st 1
 ue 1
 de 10
 po 1
 pr 3

128706 char 0
na Edward I
il	1 123331 \
	10 299 \
	11 3 \
	12 47 \
	13 1 \
	18 644 \
	21 20 \
	22 178 \
	60 3 \
	63 8 \
	64 10 \
	65 5 \
	68 5 \
	69 1 \
	72 477 \
	75 55 \
	77 138 \
	79 55 \
	81 173 \
	82 34 \
	84 5 \
	85 320 \
	95 1 \
	98 54 \
	295 1 \
	59013 1 \
	59512 1 \
	59566 1 \
	61763 1 \
	62647 1 \
	63895 1 \
	64909 1 \
	65551 1 \
	69064 1 \
	70796 1 \
	73227 1 \
	76373 1 \
	77095 1 \
	77713 1 \
	78289 1 \
	83270 1 \
	85747 1 \
	93193 1 \
	96055 1 \
	97929 1 \
	98226 1 \
	101474 1 \
	115780 1 \
	117152 1 \
	117984 1 \
	118905 1 \
	120115 1 \
	133202 1 \
	133517 1 \
	135126 1 \
	137494 1 \
	137582 1 \
	141461 1
LI
 wh 4408
CH
 lo 51516
 he 100
 lk 2
 lr 2
 sl	900 2 42 0 0 \
	610 2 21 18 0 \
	630 2 1 0 0 \
	690 2 1 1 0 \
	904 2 21 0 0 \
	905 2 21 0 0 \
	906 2 21 0 0 \
	907 2 21 0 0 \
	908 2 28 5 0 \
	909 2 21 0 0 \
	911 2 21 0 0 \
	612 2 28 1 0 \
	903 2 21 42 0 \
	902 2 21 1 0 \
	615 2 21 17 0 \
	617 2 14 25 0 \
	616 2 14 10 0 \
	611 2 28 0 0 \
	700 2 0 0 0 \
	680 2 0 0 0 \
	730 2 0 0 0 \
	703 2 0 0 0 \
	702 2 0 0 0 \
	704 2 0 0 0 \
	732 2 0 0 0 \
	733 2 0 0 0 \
	693 2 0 4 0 \
	691 2 0 6 0 \
	695 2 21 4 0 \
	880 2 0 0 0 \
	881 2 0 1 0 \
	887 2 0 1 0 \
	892 2 0 0 0 \
	889 2 0 0 0 \
	894 2 0 0 0 \
	893 2 0 0 0 \
	888 2 0 0 0 \
	891 2 0 0 0 \
	885 2 0 0 0 \
	884 2 0 0 0 \
	883 2 0 0 0 \
	886 2 0 1 0 \
	882 2 14 0 0 \
	920 2 0 0 0 \
	670 2 0 0 0 \
	720 2 0 0 0 \
	673 2 0 0 0 \
	674 2 0 0 0 \
	671 2 0 0 0 \
	633 2 0 0 0 \
	641 2 0 0 0 \
	922 2 0 35 0 \
	921 2 28 3 0 \
	701 2 14 1 0
 ra 70
 at 80
 df 80
 mi 50
CM
 im 1
 ma 3
 ca 12
 vp 12
 pl 1763
 pc 38323
 ar 63895
CO
 li make 85
 ar 85 0 0 2 0 0 0 0
 cs 2
 wa -1
 st 1
 ue 1
 de 2
 po 1
 pr 3

144027 char 0
na Fang Lipbaum
il	1 7103 \
	51 1 \
	98 1 \
	61577 1 \
	72192 1 \
	74864 1
LI
 wh 11959
CH
 lo 51516
 he 100
 lk 3
 lr 107
 sl	610 2 21 1 0 \
	630 2 28 0 0 \
	700 2 21 0 0 \
	650 2 28 0 0 \
	703 2 14 19 0 \
	654 2 28 49 0 \
	651 2 21 1 0 \
	657 2 21 45 0 \
	658 2 21 18 0 \
	655 2 14 33 0 \
	641 2 28 1 0 \
	652 2 28 0 0 \
	653 2 28 0 0 \
	612 2 28 1 0 \
	611 2 28 0 0 \
	616 2 14 2 0 \
	702 2 14 0 0 \
	656 2 14 0 0 \
	617 1 9 0 0
 at 80
 df 80
CM
 hs 1
 vp 1
CO
 li collect 51
 ar 51 0 0 1 0 0 0 0
 cs 2
 wa -1
 st 1
 ue 5
 de 4
 po 1
 pr 3

2198 char 0
na Roving Dog
il	1 72109 \
	54 3 \
	77 21 \
	85 9 \
	102218 1
tl	2 134308 25 130 0 0 0 0
LI
 wh 12051
CH
 lo 51516
 pl 100
 he 100
 lk 3
 lr 21
 sl	610 2 21 23 0 \
	616 2 14 7 0 \
	612 2 28 1 0 \
	680 2 21 1 0 \
	617 2 14 9 0 \
	613 2 14 2 0 \
	615 2 21 8 0 \
	614 2 14 0 0 \
	681 2 14 0 0 \
	670 2 28 0 0 \
	674 2 21 2 0 \
	630 2 28 0 0 \
	673 2 14 2 0 \
	634 2 14 2 0 \
	641 2 28 1 0 \
	611 2 28 0 0 \
	682 2 14 0 0 \
	671 2 14 0 0 \
	633 2 14 0 0 \
	632 2 14 0 0 \
	635 2 28 0 0 \
	631 2 14 0 0 \
	672 2 21 0 0 \
	730 2 21 0 0 \
	732 2 14 4 0 \
	733 2 14 3 0 \
	731 2 14 0 0 \
	690 1 18 0 0 \
	700 2 21 0 0 \
	701 2 14 0 0 \
	702 2 14 2 0
 at 109
 df 80
 mi 100
CM
 hs 1
 vp 2
MI
 di 4
CO
 li make 85
 ar 85 0 0 9 0 0 0 0
 cs 2
 wa -1
 st 1
 ue 1
 de 9
 po 1
 pr 3

117944 char ni
na Linda
il	1 987 \
	52 2 \
	76 5
LI
 wh 12055
CH
 ni 34
 lo 51516
 he -1
 lk 4
 at 60
 df 60
CM
 ot 74864
MI
 ca r
CO
 li move west
 ar 0 0 0 0 0 0 0 0
 wa -1
 st 1
 pr 2

4029 char 0
na Claud Badly
il	1 100 \
	54 6 \
	76 2 \
	75016 1 \
	109457 90
tl	2 109457 90 120 0 0 0 0
LI
 wh 56890
CH
 lo 51516
 pl 56754
 he 25
 lk 3
 lr 97
 sl	610 2 21 1 0 \
	680 2 21 0 0 \
	682 2 14 10 0 \
	650 2 28 0 0 \
	654 2 28 100 0 \
	655 2 14 62 0 \
	630 2 28 0 0 \
	641 2 28 1 0 \
	657 2 21 82 0 \
	700 2 21 0 0 \
	703 2 14 32 0 \
	611 2 28 0 0 \
	612 2 28 1 0
 ra 80
 at 80
 df 80
CM
 hs 1
 vp 3
CO
 li breed 54 54
 ar 54 54 0 0 0 0 0 0
 wa 7
 st 1
 ue 5
 pr 3

88779 char 0
na Sally
il	1 9461 \
	54 2
tl	2 76616 29 245 0 0 0 0 \
	2 64880 35 190 0 0 0 0
LI
 wh 12159
CH
 lo 51516
 he 100
 lk 3
 lr 81
 sl	610 2 21 0 0 \
	630 2 28 0 0 \
	730 2 21 0 0 \
	732 2 14 3 0 \
	733 2 14 3 0 \
	641 2 28 1 0 \
	670 2 28 0 0 \
	617 2 14 1 0 \
	611 2 28 0 0 \
	612 2 28 1 0 \
	672 2 21 0 0 \
	616 2 14 0 0 \
	615 1 11 0 0
 at 80
 df 80
CM
 hs 1
CO
 li study 615
 ar 615 0 0 0 0 0 0 0
 cs 2
 wa 4
 st 1
 ue 1
 de 3
 po 1
 pr 3

100669 char ni
na Zelda
il	1 11969 \
	10 1 \
	11 22 \
	52 2 \
	76 47
LI
 wh 12361
CH
 ni 34
 lo 51516
 he -1
 lk 4
 mo 7795
 at 60
 df 60
CM
 ot 72192
MI
 ca r
CO
 li move south
 ar 0 3 12461 0 0 12 12361 0
 cs 2
 wa 6
 st 1
 de 6
 pr 2

117499 char 0
na Gil
il	1 5053 \
	10 1 \
	11 8
LI
 wh 12461
CH
 lo 51516
 he 100
 lk 3
 lr 10
 sl	610 2 21 6 0 \
	611 2 28 0 0 \
	617 2 14 20 0 \
	700 2 21 0 0 \
	630 2 28 0 0 \
	680 2 21 5 0 \
	730 2 21 0 0 \
	732 2 14 6 0 \
	733 2 14 8 0 \
	703 2 14 30 0 \
	641 2 28 1 0 \
	702 2 14 12 0 \
	670 2 28 0 0 \
	612 2 28 1 0 \
	673 2 14 0 0 \
	674 2 21 0 0 \
	635 2 28 0 0 \
	616 2 14 8 0 \
	701 2 14 0 0 \
	704 2 14 3 0 \
	705 2 14 0 0 \
	682 2 14 0 0 \
	690 2 28 1 0 \
	695 2 21 0 0 \
	720 2 21 0 0 \
	721 2 14 10 0
 at 80
 df 80
CM
 hs 1
 vp 2
CO
 li train 11
 ar 11 0 0 0 0 0 0 0
 wa -1
 st 1
 ue 2
 po 1
 pr 3

106161 char 0
na Tailor
il	1 28 \
	54 3
LI
 wh 26049
CH
 lo 51516
 he 100
 lk 1
 lr 450
 sl	630 2 28 0 0 \
	641 2 28 1 0 \
	635 2 28 0 0 \
	610 2 21 0 0 \
	612 2 28 1 0 \
	633 2 14 1 0 \
	632 2 14 1 0 \
	634 1 9 0 0 \
	613 1 12 0 0
 at 80
 df 80
CM
 hs 1
CO
 li study 613
 ar 613 0 0 0 0 0 0 0
 cs 2
 wa 6
 st 1
 ue 1
 de 1
 po 1
 pr 3

104717 char ni
na Henry Mactavish
il	1 11825 \
	15 245 \
	52 2
LI
 wh 41853
 hl 126720 
CH
 ni 33
 lo 51516
 he -1
 lk 4
 mo 7797
 at 60
 df 60
CM
 ot 75016
MI
 ca r
 ds Move them bones.
CO
 li move qp19
 ar 35119 1 35119 0 1 10 41853 1
 cs 2
 wa 6
 st 1
 de 4
 pr 2

126720 char ni
il	1 1800 \
	54 67 \
	61 24 \
	284 5
LI
 wh 104717
 hl 99442 118285 
CH
 ni 287
 lo 51516
 he -1
 lk 4
 mo 7797
 at 60
 df 60
CM
 ot 61577
MI
 ca r
CO
 li stack 104717
 ar 104717 0 0 0 0 0 0 0
 st 1
 pr 1

99442 char 0
na Jade
il	1 2000
LI
 wh 126720
CH
 lo 51516
 he 100
 lk 1
 lr 400
 sl	610 2 21 0 0
 mo 7797
 bp 50
 at 80
 df 80
CO
 li study 610
 ar 610 0 0 0 0 0 0 0
 wa 7
 st 1
 po 1
 pr 3

118285 char 0
na Hal
il	1 100 \
	54 3
tl	1 52 1 150 0 0 0 0
LI
 wh 126720
CH
 lo 51516
 he 100
 lk 3
 lr 51
 sl	610 2 21 6 0 \
	630 2 28 0 0 \
	641 2 28 1 0 \
	750 2 35 0 0 \
	751 2 28 5 0 \
	756 2 28 16 0 \
	611 2 28 0 0 \
	755 2 28 0 0 \
	752 2 28 2 0 \
	754 2 28 0 0 \
	753 2 21 6 0 \
	612 2 28 1 0 \
	617 2 14 12 0 \
	700 2 21 0 0 \
	702 2 14 1 0 \
	703 1 10 0 0 \
	701 1 7 0 0
 mo 7797
 at 80
 df 80
CM
 hs 1
 pr 1
 vp 2
 vi 10844 136274 136313 
CO
 li study 701
 ar 701 0 0 0 0 0 0 0
 wa 7
 st 1
 ue 2
 po 1
 pr 3

144819 char 0
na Dangerous Red
il	1 5572 \
	52 1
LI
 wh 49898
CH
 lo 51516
 he 100
 lk 1
 lr 100
 sl	630 2 28 0 0 \
	641 2 28 1 0 \
	610 2 21 2 0 \
	612 2 28 0 0 \
	611 1 11 0 0
 bp 50
 at 80
 df 80
CM
 hs 1
CO
 li explore
 ar 0 0 0 0 0 0 0 0
 cs 2
 wa 2
 st 1
 ue 1
 de 5
 pr 3

