51535 player pl_regular
na Family Rohnar
il	1 5000
CH
PL
 fn Andrew Nishigaya
 em anishi@got.net
 pw wonderland
 np 31
 fs 2
 ft 23
 lt 103
 kn 600 601 602 603 610 614 615 616 617 630 \
	641 650 670 680 690 700 706 730 732 733 800 \
	801 802 820 829 860 861 862 871 880 892 2536 \
	3050 5512 9181 15069 15168 15169 15265 15266 15267 15268 15269 \
	15362 15363 15364 15365 15366 15367 15368 15369 15370 15371 15372 \
	15464 15465 15466 15469 15472 15564 15565 15569 15572 15573 15574 \
	15669 15674 15769 15774 15869 15874 15969 15973 15974 16069 16074 \
	16169 16170 16171 16172 16173 16174 16274 16374 16375 16376 16377 \
	16378 16474 16478 16574 16575 16576 16578 16676 16677 16678 16679 \
	16680 16681 16682 16779 16878 16879 16880 16881 16882 57331 57368 \
	58112 58427 58728 59655 62524 62788 63620 70876 71368 71917 78702 
 un 4049 5009 2254 3118 6374 
 uf 3720 4226 9950 6365 68311 
CO
 li accept 0 0 
 ar 0 0 0 0 0 0 0 0
 st 1

4049 char 0
na Torgaff
il	1 250 \
	52 1 \
	94 7
tl	2 94 7 4 0 0 0 0
LI
 wh 2536
CH
 lo 51535
 he 100
 lk 2
 lr 1
 sl	730 2 21 0 0 \
	630 2 28 0 0 \
	732 2 14 0 0 \
	733 2 14 0 0 \
	650 2 28 0 0 \
	641 0 0 0 0
 bp 50
 at 80
 df 80
CO
 li research 630
 ar 630 0 0 0 0 0 0 0
 st 1
 de 7
 pr 3

5009 char 0
na Lorris
il	1 276 \
	52 2 \
	94 7
tl	2 94 7 4 0 0 0 0
LI
 wh 58427
 hl 2254 
CH
 lo 51535
 he 100
 lk 2
 lr 1
 sl	800 2 28 0 0 \
	860 2 35 0 0 \
	680 2 21 1 0 \
	802 2 14 3 0 \
	861 2 14 0 0 \
	862 2 14 14 0 \
	801 2 14 0 0 \
	871 2 21 0 0 \
	690 2 28 0 0
 bp 50
 at 80
 df 80
CM
 im 1
 ma 7
 ca 7
CO
 li move v67
 ar 58427 7 58427 0 0 1 15564 0
 st 1
 ue 1
 de 1
 pr 2

2254 char 0
na Beorn
il	1 168 \
	52 1 \
	79 5 \
	94 7
tl	2 94 7 4 0 0 0 0
LI
 wh 5009
CH
 lo 51535
 he 100
 lk 2
 lr 1
 sl	610 2 21 2 0 \
	614 2 14 21 0 \
	615 2 21 3 0 \
	616 2 14 21 0 \
	617 2 14 0 0
 bp 50
 at 151
 df 141
 mi 59
CO
 li use 616
 ar 0 0 0 0 0 0 0 616
 st 1
 us 616
 ue 4
 de 6
 pr 3

3118 char 0
na Teram Xifar
il	1 520 \
	87 346
tl	2 87 400 2 0 0 0 0
LI
 wh 3050
CH
 lo 51535
 he 100
 lk 2
 lr 1
 sl	700 2 21 0 0 \
	706 0 0 0 0
 bp 50
 at 80
 df 80
CO
 li reserach 700
 ar 700 0 0 0 0 0 0 0
 st 1
 de 7
 pr 3

6374 char 0
na Duthan
il	87 100 \
	261 1
tl	2 87 1 2 0 0 0 0
LI
 wh 5512
CH
 lo 51535
 he 100
 lk 2
 lr 2
 sl	600 2 21 0 0 \
	601 2 14 34 0 \
	602 2 14 1 0 \
	603 2 14 28 0
 bp 50
 at 80
 df 80
CO
 li sail w
 ar 0 4 58112 0 0 1 16679 0
 st 1
 de 1
 pr 4

