51555 player pl_regular
na The Plainsmen
il	1 3950 \
	77 50
CH
PL
 fn Jeff Waller
 em g2watch@pbm.com
 pw quitxxx
 np 29
 fs 65
 ft 32
 lt 103
 kn 600 610 611 612 613 614 615 616 617 630 \
	631 636 637 639 641 650 651 652 653 654 655 \
	656 657 658 670 680 681 682 690 691 695 700 \
	702 703 730 731 732 733 800 801 802 803 840 \
	841 843 844 845 847 848 849 852 860 861 862 \
	900 902 903 904 905 906 907 908 909 911 3091 \
	7917 11649 11650 11651 11652 11653 11654 11655 11747 11748 11749 \
	11755 11847 11850 11851 11852 11853 11855 11947 11950 11952 11953 \
	11955 11959 12047 12050 12051 12052 12055 12058 12059 12060 12061 \
	12062 12063 12064 12065 12146 12147 12150 12151 12152 12155 12158 \
	12161 12162 12163 12164 12165 12166 12245 12246 12251 12252 12255 \
	12258 12262 12263 12265 12266 12345 12347 12348 12349 12350 12351 \
	12352 12355 12358 12362 12363 12364 12365 12366 12444 12445 12447 \
	12451 12452 12453 12454 12455 12458 12462 12463 12464 12465 12466 \
	12467 12544 12547 12551 12552 12555 12558 12563 12564 12565 12566 \
	12567 12644 12647 12651 12655 12656 12657 12658 12659 12660 12661 \
	12662 12663 12664 12667 12744 12745 12746 12747 12751 12752 12753 \
	12754 12755 12756 12757 12758 12759 12760 12761 12762 12763 12764 \
	12765 12766 12767 12768 12769 12770 12850 12851 12852 12853 12854 \
	12855 12856 12857 12858 12950 12951 12952 12953 12954 12955 12956 \
	13051 13052 13151 13152 13251 13351 56890 57081 57116 57531 57714 \
	57865 58110 58342 58541 58621 58752 60534 60840 61812 63939 71516 \
	72174 72349 73959 75875 
 un 9730 7410 9096 
 uf 8175 8770 4956 1688 78887 
CO
 li accept 0 0
 ar 0 0 0 0 0 0 0 0
 st 1

9730 char 0
na Spooky Fox
LI
 wh 12163
CH
 lo 51555
 he 100
 lk 2
 lr 1
 sl	800 2 28 0 0 \
	860 2 35 0 0 \
	802 2 14 13 0 \
	862 2 14 5 0 \
	801 2 14 1 0 \
	861 2 14 0 0 \
	803 2 14 0 0 \
	900 2 42 0 0 \
	903 2 21 13 0 \
	906 2 21 0 0 \
	902 2 21 6 0 \
	904 2 21 0 0 \
	909 2 21 0 0 \
	908 2 28 0 0 \
	907 2 21 0 0 \
	905 2 21 0 0 \
	911 2 21 0 0 \
	840 2 35 0 0 \
	841 2 21 5 0 \
	847 1 14 0 0 \
	843 2 21 0 0 \
	852 1 14 0 0 \
	844 1 14 0 0 \
	650 2 28 0 0 \
	654 2 28 4 0 \
	653 2 28 0 0 \
	845 1 14 0 0 \
	848 1 14 0 0 \
	849 1 14 0 0
 bp 50
 at 80
 df 80
CM
 im 1
 ma 20
 ca 20
CO
 li wait unit 9618 
 ar 0 9618 0 0 0 0 0 0
 st 1
 ue 2
 de 606
 po 1
 pr 1
 if 1

7410 char 0
na Red Bear
LI
 wh 12163
CH
 lo 51555
 he 100
 lk 2
 lr 2
 sl	610 2 21 11 0 \
	680 2 21 0 0 \
	616 2 14 4 0 \
	612 2 28 1 0 \
	650 2 28 0 0 \
	655 2 14 13 0 \
	656 2 14 21 0 \
	617 2 14 1 0 \
	615 2 21 2 0 \
	652 2 28 0 0 \
	653 2 28 0 0 \
	651 2 21 0 0 \
	682 2 14 18 0 \
	611 2 28 0 0 \
	654 2 28 3 0
 at 104
 df 80
 mi 50
CO
 li give 3738 292 0
 ar 3738 292 0 0 0 0 0 0
 ue 3
 pr 1

9096 char 0
na Sat on an Antler
il	78 86
LI
 wh 58110
CH
 lo 51555
 he 100
 lk 2
 lr 1
 sl	700 2 21 0 0 \
	680 2 21 4 0 \
	610 2 21 4 0 \
	630 2 28 0 0 \
	616 2 14 6 0 \
	650 2 28 0 0 \
	690 2 28 0 0 \
	655 2 14 8 0 \
	703 2 14 4 0 \
	615 2 21 1 0 \
	658 2 21 0 0 \
	702 2 14 3 0 \
	611 2 28 0 0 \
	654 2 28 12 0 \
	653 2 28 0 0 \
	657 2 21 3 0 \
	695 2 21 0 0 \
	691 2 21 0 0 \
	612 2 28 0 0
 bp 50
 at 108
 df 80
 mi 50
CO
 li give x322 271 0
 ar 77322 271 0 0 0 0 0 0
 st 1
 ue 1
 pr 1

