51606 player pl_regular
na The Ladies Of Nd E'riu
il	1 2950
PL
 fn Angela Cavanagh
 em angela_cavanagh@yahoo.com
 pw Angie
 np 27
 ft 30
 lt 150
 kn 600 601 602 610 613 614 615 616 617 630 \
	635 650 652 654 656 680 682 700 702 720 721 \
	722 730 732 733 750 751 752 753 754 755 800 \
	802 803 806 807 808 809 811 812 813 814 820 \
	825 826 827 828 829 831 832 833 860 861 862 \
	1127 1136 10083 10084 10085 10086 10087 10088 10089 10090 10091 \
	10092 10093 10183 10185 10186 10187 10188 10189 10190 10191 10192 \
	10193 10283 10284 10285 10286 10290 10291 10292 10293 10294 10383 \
	10392 10393 10394 10492 10494 10495 10595 10596 10597 10598 10599 \
	10696 10697 10698 10699 10798 10799 10898 10899 10998 10999 11098 \
	11099 11199 11299 11399 11400 11401 11402 11403 11404 11405 11498 \
	11499 11500 11502 11599 11600 11602 11699 11700 11702 11799 11800 \
	11801 11802 11803 11895 11897 11898 11899 11900 11901 11902 11903 \
	11995 11996 11997 11998 11999 12002 12095 12097 12098 12102 12195 \
	12197 12198 12202 12295 12297 12298 12302 12395 12396 12397 12398 \
	12402 12484 12485 12486 12487 12488 12489 12490 12491 12492 12493 \
	12494 12497 12498 12502 12594 12597 12598 12602 12694 12697 12698 \
	12702 12794 12797 12798 12802 12850 12852 12853 12854 12855 12856 \
	12857 12858 12859 12860 12861 12862 12863 12864 12894 12897 12898 \
	12902 12950 12951 12952 12964 12965 12966 12981 12982 12983 12986 \
	12994 12997 12998 13002 13050 13064 13065 13066 13067 13068 13069 \
	13070 13071 13072 13073 13074 13075 13076 13077 13078 13079 13080 \
	13081 13082 13083 13084 13085 13086 13087 13088 13091 13092 13093 \
	13094 13097 13098 13102 13150 13164 13168 13169 13170 13171 13172 \
	13173 13180 13181 13182 13183 13184 13185 13186 13188 13191 13196 \
	13197 13198 13202 13250 13264 13265 13266 13267 13268 13269 13270 \
	13271 13272 13273 13274 13275 13276 13277 13278 13279 13280 13281 \
	13282 13283 13284 13285 13286 13288 13291 13295 13296 13297 13298 \
	13302 13350 13351 13368 13371 13372 13373 13376 13377 13378 13381 \
	13382 13383 13384 13385 13388 13389 13390 13391 13394 13395 13397 \
	13398 13402 13468 13469 13470 13471 13472 13473 13474 13475 13476 \
	13477 13478 13479 13480 13481 13482 13483 13484 13485 13486 13487 \
	13488 13489 13490 13491 13492 13493 13494 13495 13497 13498 13502 \
	13573 13574 13575 13576 13577 13578 13579 13580 13581 13582 13583 \
	13584 13585 13586 13587 13588 13589 13590 13591 13592 13593 13594 \
	13595 13596 13597 13598 13600 13601 13602 13676 13677 13678 13680 \
	13681 13682 13683 13684 13685 13686 13687 13688 13689 13690 13691 \
	13692 13693 13694 13695 13696 13697 13698 13699 13777 13778 13779 \
	13780 13781 13782 13783 13784 13785 13786 13787 13877 13878 13881 \
	13882 13883 13977 13978 13981 13982 13983 14077 14078 14081 14082 \
	14175 14176 14177 14178 14179 14180 14181 14182 14275 14276 14277 \
	14278 14279 14280 14281 14282 14283 14284 14376 14377 14378 14379 \
	14380 14381 14382 14383 14384 14478 14578 57031 57081 57263 57516 \
	57714 58074 58138 58159 58548 58565 58736 67904 68522 69707 70324 \
	71541 74578 74629 75552 76107 77895 
 un 5615 4982 1472 4648 9205 8223 
 uf 66980 76211 122532 136696 97052 
 am 4982 0 7080 
 am 51606 0 55166 
 am 74578 0 55166 
CO
 li Name "The Amazons"
 ar 0 0 0 0 0 0 0 0
 st 1
 pr 1

5615 char 0
na Medb Feidlech
LI
 wh 1127
CH
 lo 51606
 he 100
 lk 2
 lr 1
 sl	610 2 21 0 0 \
	616 2 14 15 0 \
	614 2 14 28 0 \
	680 2 21 0 0 \
	630 2 28 0 0 \
	635 2 28 0 0 \
	600 2 21 0 0 \
	601 2 14 33 0 \
	700 2 21 0 0 \
	702 2 14 5 0
 bp 50
 at 137
 df 240
CO
 li repair 1127
 ar 1127 0 0 0 18 0 0 0
 st 1
 ue 3
 de 6
 po 1
 pr 3

4982 char 0
na Deichtine
tl	2 68150 20 67 0 0 0 0 \
	1 74729 40 45 0 0 0 0 \
	2 74729 58 46 0 0 0 0 \
	2 93 10 20 0 0 0 0
LI
 wh 58736
CH
 lo 51606
 he 100
 lk 2
 lr 1
 sl	610 2 21 22 0 \
	630 2 28 0 0 \
	616 2 14 20 0 \
	635 2 28 0 0 \
	614 2 14 31 0 \
	680 2 21 0 0 \
	600 2 21 0 0 \
	601 2 14 25 0 \
	860 2 35 0 0 \
	730 2 21 0 0 \
	733 2 14 0 0 \
	732 2 14 0 0 \
	862 2 14 0 0 \
	861 2 14 0 0
 bp 50
 at 158
 df 280
CM
 im 1
 ma 3
 ca 3
CO
 li sell 93 10 20
 ar 93 10 20 0 0 0 0 0
 st 1
 ue 4
 pr 1

1472 char 0
na Etai'n Echrade
LI
 wh 3413
CH
 lo 51606
 he 100
 lk 2
 lr 1
 sl	610 2 21 9 0 \
	616 2 14 4 0 \
	614 2 14 6 0 \
	650 2 28 0 0 \
	654 2 28 70 0 \
	656 2 14 10 0 \
	652 2 28 0 0 \
	613 2 14 0 0
 bp 50
 at 113
 df 60
 dt 164 21 4911
CO
 li breed 271 271
 ar 271 271 0 0 0 0 0 0
 st 1
 ue 2
 de 6
 pr 3

4648 char 0
na Mess Bu'achalla
LI
 wh 3413
CH
 lo 51606
 he 100
 lk 2
 lr 1
 sl	610 2 21 7 0 \
	617 2 14 1 0 \
	614 2 14 8 0 \
	615 2 21 4 0 \
	650 2 28 0 0 \
	654 2 28 77 0 \
	656 2 14 12 0 \
	652 2 28 0 0 \
	680 2 21 0 0 \
	613 2 14 2 0
 bp 50
 at 80
 df 63
 mi 82
 dt 163 7 4867
CO
 li breed 271 271
 ar 271 271 0 0 0 0 0 0
 st 1
 ue 1
 de 6
 pr 3

9205 char 0
na Gweneth Mag Gruffed
LI
 wh 3413
CH
 lo 51606
 he 100
 lk 2
 lr 1
 sl	700 2 21 0 0 \
	702 2 14 14 0 \
	610 2 21 2 0 \
	616 2 14 10 0 \
	614 2 14 10 0
 bp 50
 at 110
 df 100
 dt 163 14 4874
CO
 li fly bm78
 ar 0 0 0 0 0 0 0 0
 wa -1
 ue 2
 pr 2

8223 char 0
na Derdriu
il	1 4169
LI
 wh 13381
CH
 lo 51606
 he 100
 lk 2
 lr 1
 sl	800 2 28 0 0 \
	802 2 14 36 0 \
	803 2 14 0 0 \
	610 2 21 1 0 \
	613 2 14 6 0 \
	614 2 14 10 0 \
	813 2 21 0 0 \
	809 2 21 0 0 \
	807 2 21 0 0 \
	811 2 21 0 0 \
	814 2 21 0 0 \
	812 2 21 0 0 \
	806 2 21 0 0 \
	808 2 21 0 0 \
	820 2 35 0 0 \
	827 2 21 0 0 \
	825 2 21 0 0 \
	832 2 21 0 0 \
	826 2 21 0 0 \
	831 2 28 0 0 \
	829 2 21 0 0 \
	833 0 0 0 0 \
	828 0 0 0 0
 bp 50
 at 80
 df 134
CM
 im 1
 ma 18
 ca 18
 kw 1
CO
 li move t578
 ar 0 0 0 0 0 0 0 0
 wa -1
 ue 2
 pr 2

