51632 player pl_regular
na Eridanus
il	1 1716
an 51632 
ad 5618 52586 
CH
PL
 fn Jon Gabriel
 em jdgbobr@io.com
 pw pescado
 np 11
 ft 2
 so 1
 lt 260
 kn 69 600 601 602 603 610 611 612 613 614 \
	615 616 617 630 636 637 639 641 650 653 654 \
	657 670 671 680 682 690 694 695 697 700 702 \
	703 720 721 722 730 731 732 733 750 751 752 \
	753 754 755 756 800 801 802 803 804 805 806 \
	807 808 809 811 812 813 814 820 821 822 823 \
	824 825 826 827 828 829 831 832 833 840 841 \
	842 843 844 845 846 847 848 849 851 852 860 \
	861 862 864 865 866 867 869 871 872 880 881 \
	882 883 884 885 886 887 888 889 891 892 893 \
	894 900 901 902 903 904 905 906 907 908 909 \
	911 920 921 922 2185 2739 3306 4063 4748 4811 6390 \
	7025 7170 7240 7498 8956 9986 10659 10758 10759 10859 15926 \
	15927 15928 16010 16011 16012 16013 16014 16026 16028 16110 16111 \
	16112 16113 16114 16115 16116 16117 16118 16119 16120 16121 16122 \
	16123 16126 16128 16210 16215 16226 16227 16228 16229 16288 16289 \
	16290 16291 16328 16329 16370 16372 16373 16383 16384 16388 16389 \
	16390 16424 16425 16426 16427 16428 16429 16468 16469 16470 16471 \
	16472 16473 16474 16475 16476 16479 16480 16481 16482 16483 16484 \
	16488 16489 16524 16529 16570 16571 16576 16577 16578 16579 16581 \
	16586 16587 16588 16589 16623 16624 16625 16626 16627 16628 16629 \
	16630 16670 16671 16672 16673 16674 16681 16686 16688 16719 16723 \
	16730 16770 16771 16773 16777 16778 16779 16780 16781 16782 16783 \
	16784 16785 16786 16787 16788 16819 16820 16821 16822 16823 16830 \
	16846 16847 16848 16849 16850 16851 16852 16853 16854 16855 16856 \
	16857 16858 16859 16860 16861 16862 16863 16864 16870 16875 16876 \
	16877 16878 16879 16880 16881 16930 16945 16946 16964 16965 16966 \
	16967 16968 16969 16970 16972 16973 16974 16975 16976 16977 16978 \
	16979 16980 16981 17030 17070 17071 17072 17073 17074 17075 17076 \
	17077 17078 17080 17081 17130 17156 17157 17158 17159 17160 17161 \
	17162 17163 17164 17165 17166 17167 17168 17169 17170 17171 17172 \
	17173 17174 17179 17180 17230 17231 17232 17233 17234 17235 17236 \
	17237 17238 17239 17256 17267 17268 17270 17278 17279 17339 17340 \
	17341 17342 17343 17344 17356 17362 17363 17364 17365 17366 17367 \
	17368 17369 17370 17374 17375 17376 17378 17444 17445 17446 17456 \
	17459 17460 17461 17462 17465 17466 17467 17468 17469 17470 17471 \
	17472 17473 17474 17476 17477 17478 17546 17555 17556 17557 17558 \
	17559 17560 17561 17562 17563 17564 17565 17566 17567 17568 17569 \
	17570 17571 17646 17649 17650 17651 17652 17653 17654 17655 17656 \
	17657 17660 17661 17662 17663 17664 17665 17666 17667 17668 17669 \
	17670 17671 17672 17673 17674 17675 17676 17677 17678 17679 17680 \
	17681 17682 17683 17684 17685 17686 17687 17688 17746 17747 17748 \
	17749 17755 17756 17757 17758 17759 17760 17761 17762 17763 17764 \
	17765 17766 17767 17768 17769 17770 17780 17781 17782 17783 17784 \
	17785 17786 17787 17788 17849 17850 17851 17852 17853 17854 17855 \
	17856 17857 17858 17859 17860 17861 17862 17863 17864 17865 17866 \
	17867 17869 17887 17888 17890 17944 17949 17950 17951 17952 17953 \
	17954 17955 17956 17957 17958 17959 17960 17961 17962 17963 17964 \
	17965 17966 17967 17968 17969 17987 17988 17989 17990 18044 18045 \
	18046 18047 18049 18050 18051 18052 18053 18054 18055 18056 18057 \
	18058 18059 18060 18061 18062 18063 18064 18065 18066 18067 18068 \
	18069 18087 18088 18089 18090 18144 18146 18147 18148 18149 18150 \
	18151 18152 18153 18154 18155 18156 18157 18158 18159 18160 18161 \
	18162 18163 18164 18165 18166 18167 18169 18173 18174 18186 18187 \
	18188 18189 18190 18244 18248 18249 18250 18251 18252 18253 18254 \
	18255 18256 18257 18258 18259 18260 18261 18262 18263 18264 18265 \
	18269 18273 18274 18275 18276 18286 18287 18288 18289 18290 18344 \
	18348 18349 18350 18351 18352 18353 18354 18355 18356 18357 18358 \
	18359 18360 18361 18362 18363 18364 18365 18366 18367 18368 18369 \
	18370 18371 18372 18373 18374 18375 18376 18377 18385 18386 18387 \
	18388 18389 18390 18391 18444 18445 18446 18448 18450 18451 18456 \
	18457 18458 18459 18460 18461 18462 18463 18470 18471 18472 18473 \
	18474 18475 18476 18477 18478 18479 18480 18481 18482 18483 18484 \
	18485 18486 18487 18488 18490 18491 18544 18545 18546 18547 18548 \
	18549 18550 18551 18552 18553 18554 18555 18556 18563 18571 18572 \
	18573 18574 18575 18583 18584 18585 18586 18587 18588 18589 18590 \
	18644 18646 18647 18648 18649 18650 18651 18652 18654 18655 18663 \
	18671 18672 18674 18675 18683 18684 18685 18686 18687 18688 18689 \
	18690 18691 18744 18748 18749 18751 18752 18753 18754 18755 18763 \
	18771 18772 18774 18775 18781 18782 18783 18784 18785 18786 18787 \
	18788 18789 18790 18848 18849 18851 18853 18854 18855 18856 18863 \
	18871 18872 18874 18875 18880 18881 18882 18883 18884 18885 18886 \
	18887 18888 18889 18890 18946 18947 18948 18949 18950 18951 18952 \
	18953 18954 18955 18956 18963 18971 18972 18974 18975 18980 18981 \
	18982 18983 18984 18985 18986 18987 18989 18990 19046 19047 19048 \
	19049 19050 19051 19052 19053 19054 19055 19056 19057 19058 19062 \
	19063 19064 19065 19066 19071 19072 19074 19075 19078 19079 19080 \
	19081 19082 19083 19084 19085 19086 19087 19088 19089 19148 19149 \
	19150 19151 19153 19154 19155 19156 19157 19158 19159 19160 19161 \
	19162 19163 19164 19165 19166 19167 19168 19169 19170 19171 19172 \
	19173 19174 19175 19176 19177 19178 19179 19180 19181 19182 19183 \
	19184 19185 19188 19189 19248 19249 19250 19251 19252 19253 19254 \
	19255 19256 19257 19258 19259 19260 19261 19262 19263 19264 19265 \
	19266 19267 19268 19269 19270 19271 19272 19273 19274 19275 19276 \
	19277 19278 19279 19280 19281 19282 19283 19284 19285 19286 19287 \
	19288 19351 19352 19353 19354 19355 19356 19357 19358 19359 19360 \
	19361 19362 19363 19364 19365 19366 19367 19368 19369 19370 19371 \
	19372 19373 19374 19375 19376 19377 19378 19379 19380 19381 19382 \
	19383 19384 19451 19452 19453 19454 19455 19456 19457 19458 19459 \
	19460 19461 19462 19464 19465 19466 19467 19558 19559 19560 19561 \
	19562 19563 19564 20003 20038 20086 20103 20116 20117 20165 20171 \
	20265 20270 20271 20293 20317 20324 20343 20358 20379 20380 20401 \
	20408 20488 20543 20545 20553 20583 20604 20638 20652 20661 20695 \
	20712 20716 20755 20762 20780 20835 20877 20902 20910 20911 20931 \
	20932 21025 21044 21058 21073 21211 21219 21248 21260 21283 21298 \
	21332 21336 21359 21374 21404 21415 21457 21474 21476 21495 21508 \
	21597 21601 21611 21612 21635 21721 21723 21729 21742 21759 21838 \
	21852 21943 21944 21982 22031 22092 22096 22105 22155 22201 22211 \
	22258 22261 22285 22291 22334 22338 22357 22372 22373 22376 22385 \
	22397 22398 22409 22427 22448 22450 22471 22481 22484 22503 22509 \
	22512 22662 22683 22693 22722 22784 22799 22812 22826 22844 22854 \
	22873 22927 22933 22934 22939 22949 23006 23039 23138 23154 23198 \
	23242 23263 23293 23345 23347 23362 23425 23481 23482 23493 23503 \
	23527 23535 23536 23558 23688 23740 23755 23861 23862 23908 23989 \
	24029 24035 24040 24047 24056 24089 24103 24122 24130 24178 24190 \
	24203 24243 24283 24317 24366 24374 24441 24648 24666 24771 24847 \
	24861 24900 24918 24921 24949 24986 24998 25012 25024 25094 25110 \
	25122 25193 25295 25327 25332 25339 25401 25427 25451 25466 25473 \
	25605 25703 25746 25847 25853 25974 25994 25996 26064 26081 26107 \
	26113 26118 26123 26136 26139 26183 26236 26241 26328 26347 26348 \
	26415 26427 26450 26484 26491 26531 26550 26581 26634 26647 26686 \
	26689 26727 26788 26824 26873 26884 26944 26946 26953 26960 26961 \
	27042 27072 27236 27238 27292 27303 27326 27380 27399 27414 27417 \
	27420 27465 27504 27513 27583 27601 27602 27619 27635 27636 27682 \
	27697 27737 27772 27787 27836 27865 27899 27914 27930 27943 27976 \
	27977 27987 28007 28016 28040 28057 28060 28107 28130 28148 28163 \
	28203 28221 28224 28231 28236 28281 28320 28351 28361 28365 28425 \
	28430 28445 28452 28468 28474 28476 28485 28514 28517 28545 28590 \
	28621 28778 28823 28836 28856 28885 28935 28937 29031 29092 29098 \
	29099 29230 29232 29264 29266 29388 29392 29398 29414 29421 29438 \
	29451 29453 29480 29502 29523 29534 29539 29543 29546 29562 29563 \
	29567 29570 29594 29632 29634 29644 29661 29680 29695 29722 29799 \
	29815 29870 29906 29926 29931 29945 29949 29967 29970 30040 30041 \
	30090 30133 30167 30182 30193 30201 30214 30222 30226 30273 30371 \
	30386 30414 30416 30436 30451 30481 30537 30542 30560 30587 30608 \
	30631 30654 30676 30717 30739 30748 30869 30875 30880 30892 30905 \
	30913 30916 30920 30926 30940 30991 30999 31015 31030 31047 31056 \
	31082 31087 31092 31102 31151 31158 31166 31187 31205 31217 31237 \
	31319 31384 31401 31423 31459 31464 31475 31545 31548 31600 31627 \
	31636 31648 31720 31764 31818 31840 31896 31900 31902 31940 31960 \
	31987 32009 32138 32149 32151 32165 32195 32203 32290 32295 32319 \
	32323 32329 32346 32351 32353 32354 32366 32379 32381 32414 32426 \
	32439 32460 32543 32587 32611 32643 32647 32655 32688 32776 32780 \
	32794 32800 32801 32819 32822 32885 32919 32938 32941 32967 32971 \
	33017 33035 33043 33085 33090 33095 33107 33130 33231 33243 33276 \
	33332 33347 33359 33367 33425 33426 33436 33458 33484 33506 33518 \
	33519 33538 33568 33586 33590 33597 33600 33610 33640 33641 33653 \
	33663 33671 33672 33679 33685 33729 33803 33823 33855 33861 33929 \
	33933 33973 34009 34015 34062 34074 34103 34105 34107 34177 34192 \
	34264 34288 34334 34364 34368 34369 34383 34409 34449 34473 34496 \
	34497 34498 34510 34521 34588 34688 34705 34720 34738 34740 34755 \
	34759 34761 34768 34781 34786 34817 34890 34981 34992 35020 35035 \
	35040 35052 35072 35097 35098 35133 35171 35222 35253 35292 35302 \
	35365 35375 35400 35571 35613 35671 35677 35717 35825 35851 35856 \
	35892 35905 35930 35977 35997 35999 36012 36019 36026 36068 36089 \
	36097 36279 36291 36307 36337 36373 36396 36468 36470 36479 36486 \
	36494 36568 36605 36637 36668 36680 36721 36783 36819 36871 36897 \
	36958 36973 36981 36982 37010 37027 37052 37098 37215 37223 37332 \
	37362 37390 37410 37411 37423 37452 37459 37514 37542 37559 37610 \
	37643 37682 37691 37767 37832 37841 37869 37880 37887 37900 37930 \
	37938 38053 38082 38087 38187 38190 38235 38240 38271 38417 38438 \
	38454 38478 38547 38558 38560 38594 38630 38631 38649 38656 38668 \
	38703 38781 38796 38825 38871 38886 38960 39000 39026 39032 39034 \
	39061 39105 39160 39213 39220 39239 39245 39273 39282 39410 39424 \
	39427 39484 39519 39546 39547 39549 39627 39628 39632 39670 39685 \
	39711 39854 39886 39909 39946 39959 39978 39979 39987 39995 40014 \
	40020 40027 40054 40115 40116 40120 40122 40141 40161 40235 40239 \
	40264 40284 40296 40379 40394 40413 40415 40420 40427 40442 40562 \
	40635 40658 40668 40887 40902 40904 40922 40949 40962 40966 40983 \
	41072 41089 41101 41168 41266 41328 41339 41343 41391 41393 41439 \
	41449 41475 41497 41514 41533 41571 41667 41683 41689 41735 41783 \
	41784 41797 41803 41834 41852 41859 41876 41883 41885 41910 41997 \
	42011 42019 42023 42067 42074 42101 42117 42155 42223 42278 42288 \
	42380 42393 42416 42430 42439 42450 42461 42524 42536 42565 42578 \
	42594 42597 42621 42631 42652 42659 42684 42718 42776 42792 42820 \
	42827 42834 42840 42876 42899 42901 43033 43056 43062 43066 43104 \
	43115 43133 43162 43213 43225 43297 43384 43403 43404 43407 43434 \
	43440 43494 43530 43549 43591 43638 43690 43692 43694 43710 43750 \
	43755 43769 43795 43841 43907 43912 43914 43924 43947 43948 43974 \
	44000 44029 44038 44047 44087 44096 44097 44119 44146 44208 44250 \
	44413 44526 44550 44584 44601 44617 44619 44632 44653 44660 44671 \
	44689 44697 44701 44712 44741 44768 44770 44774 44783 44792 44822 \
	44841 44881 44917 44944 44948 44949 44964 44997 45091 45144 45146 \
	45178 45182 45191 45256 45279 45312 45350 45371 45464 45486 45498 \
	45514 45540 45634 45662 45671 45675 45693 45733 45766 45851 45912 \
	45923 46010 46014 46018 46060 46068 46078 46090 46092 46117 46120 \
	46123 46155 46165 46193 46213 46238 46249 46258 46286 46341 46476 \
	46484 46488 46498 46516 46524 46525 46526 46540 46575 46598 46623 \
	46627 46685 46748 46775 46803 46805 46811 46849 46877 46878 46895 \
	46922 46936 46964 46969 46970 46990 47006 47041 47089 47137 47235 \
	47271 47319 47325 47330 47332 47394 47496 47512 47520 47552 47596 \
	47613 47752 47798 47821 47884 47915 47984 47987 48012 48023 48051 \
	48083 48116 48135 48168 48188 48207 48297 48311 48326 48347 48403 \
	48421 48441 48453 48495 48512 48633 48646 48647 48656 48660 48687 \
	48783 48801 48803 48849 48866 48880 48885 48886 48916 48951 48985 \
	49051 49062 49065 49135 49164 49222 49352 49422 49434 49439 49480 \
	49500 49520 49536 49539 49578 49617 49680 49705 49824 49845 49885 \
	49903 49926 49935 56768 56777 57012 57061 57062 57133 57189 57190 \
	57224 57293 57430 57787 57805 57842 57849 57924 57957 57958 58025 \
	58031 58054 58072 58106 58307 58352 58380 58423 58431 58497 58527 \
	58562 58601 58609 58666 58705 58713 58728 59168 59268 59453 60314 \
	60615 60993 61023 61386 61853 62349 62649 62841 63037 63110 63210 \
	63252 63615 63887 63936 63959 64171 64557 65063 66288 67062 67324 \
	68475 68541 69813 70009 70996 71484 71672 72245 72313 74075 74206 \
	75481 75530 76249 77143 78238 78614 78755 93802 
 un 9580 9574 1622 2562 6386 77462 4064 
 uf 1345 3836 5257 97896 135438 
 am 7170 1 
 am 60980 1 
 am 114162 0 52586 54082 
CO
 li admit 3872 jy6 xj5
 ar 0 0 0 0 0 0 0 0
 st 1

9580 char 0
na Cendage
an 51632 
LI
 wh 10659
CH
 lo 51632
 he 100
 lk 2
 lr 2
 sl	610 2 21 0 0 \
	630 2 28 0 0 \
	680 1 18 0 0 \
	700 1 1 0 0 \
	800 2 28 0 0 \
	860 2 35 0 0 \
	803 2 14 9 0 \
	805 2 14 2 0 \
	801 2 14 9 0 \
	802 2 14 27 0 \
	804 2 21 0 0 \
	840 2 35 0 0 \
	841 2 21 25 0 \
	861 2 14 1 0 \
	862 2 14 0 0 \
	843 2 21 4 0 \
	820 2 35 0 0 \
	824 2 21 1 0 \
	821 2 21 0 0 \
	822 2 21 0 0 \
	823 2 21 1 0 \
	849 2 21 23 0 \
	844 2 21 12 0 \
	872 2 21 0 0 \
	845 2 21 12 0 \
	637 0 0 0 0 \
	641 2 28 1 0 \
	842 2 14 20 0 \
	851 2 21 10 0 \
	852 2 21 0 0 \
	848 2 21 11 0 \
	846 2 21 2 0 \
	847 2 21 10 0 \
	833 2 21 0 0 \
	826 2 21 0 0 \
	832 2 21 7 0 \
	827 2 21 7 0 \
	825 2 21 0 0 \
	864 2 14 0 0 \
	829 2 21 4 0 \
	871 2 21 0 0 \
	808 2 21 0 0 \
	831 2 28 2 0 \
	812 2 21 0 0 \
	900 2 42 0 0 \
	828 2 21 0 0 \
	880 2 42 0 0 \
	813 2 21 32 0 \
	865 2 14 0 0 \
	806 2 21 24 0 \
	814 2 21 0 0 \
	809 2 21 1 0 \
	901 2 28 0 0 \
	881 2 14 0 0 \
	882 2 14 0 0 \
	883 2 14 0 0 \
	909 2 21 3 0 \
	911 2 21 0 0 \
	639 2 21 0 0 \
	892 2 21 1 0 \
	904 2 21 0 0 \
	906 2 21 0 0 \
	907 2 21 0 0 \
	866 2 14 0 0 \
	867 2 21 0 0 \
	894 2 21 0 0 \
	869 2 14 0 0 \
	611 2 28 0 0
 bh 9
 bp 50
 at 80
 df 80
CM
 im 1
 ma 60
 ca 109
 hs 1
 kw 1
 vp 7
MI
 ds CA noble
CO
 li use 842 4
 ar 4 10659 0 0 0 0 0 842
 st 1
 us 842
 ue 3
 de 3
 pr 3

9574 char 0
na Emanuel
il	1 1800
LI
 wh 7498
CH
 lo 51632
 he 100
 lk 1
 lr 100
 sl	610 2 21 0 0 \
	612 2 28 1 0 \
	800 2 28 0 0 \
	802 2 14 12 0 \
	801 2 14 1 0 \
	803 2 14 0 0 \
	814 2 21 0 0 \
	808 2 21 16 0 \
	812 2 21 0 0 \
	809 2 21 0 0 \
	813 2 21 40 0 \
	807 2 21 3 0 \
	806 2 21 15 0 \
	811 2 21 1 0 \
	880 2 42 0 0 \
	886 2 14 0 0 \
	891 2 21 0 0 \
	881 2 14 1 0 \
	885 2 14 0 0 \
	889 2 21 0 0 \
	894 2 21 0 0 \
	888 2 21 0 0 \
	882 2 14 0 0 \
	920 2 0 0 0 \
	922 2 28 41 0 \
	921 2 28 12 0 \
	630 2 28 0 0 \
	893 2 21 0 0 \
	887 2 21 0 0 \
	884 2 28 0 0 \
	892 2 21 8 0 \
	641 2 28 1 0 \
	900 2 42 0 0 \
	909 2 21 4 0 \
	911 2 21 1 0 \
	902 2 21 0 0 \
	904 2 21 0 0 \
	906 2 21 0 0 \
	804 2 21 0 0 \
	908 2 28 1 0 \
	903 2 21 0 0 \
	840 2 0 0 0 \
	820 2 0 0 0 \
	841 2 0 0 0 \
	805 2 0 0 0 \
	844 2 0 0 0 \
	843 2 0 0 0 \
	847 2 0 1 0 \
	846 2 0 0 0 \
	845 2 0 0 0 \
	825 2 0 0 0 \
	849 2 0 0 0 \
	826 2 0 0 0 \
	827 2 0 0 0 \
	829 2 0 0 0 \
	833 2 0 0 0 \
	828 2 0 0 0 \
	831 2 0 0 0 \
	832 2 0 0 0 \
	907 2 0 0 0 \
	905 2 0 0 0 \
	639 2 21 0 0 \
	611 2 28 0 0
 bh 9
 at 80
 df 30
 ct 9944 55737 55737 
 dt 244 7 7297
CM
 im 1
 ma 56
 ca 29
 hs 1
 kw 1
 vp 7
 ar 77430
CO
 li use 922 7284 1 2000
 ar 7284 1 2000 0 0 0 0 922
 st 1
 us 922
 ue 5
 de 3
 pr 3

1622 char 0
na Sur Eleus
il	1 2392 \
	54 2 \
	111758 1
tl	2 94 874 4 1 0 0 0 \
	1 60874 252 32 1 0 0 0 \
	2 67109 899 74 1 0 0 0
LI
 wh 19362
CH
 lo 51632
 he 100
 lk 3
 lr 707
 sl	680 2 21 3 0 \
	682 2 14 6 0 \
	610 2 21 28 0 \
	614 2 14 37 0 \
	612 2 28 2 0 \
	617 2 14 3 0 \
	615 2 21 7 0 \
	616 2 14 8 0 \
	630 2 28 0 0 \
	670 2 28 0 0 \
	671 2 14 0 0 \
	639 2 21 0 0 \
	636 0 0 0 0 \
	641 2 28 1 0 \
	730 2 21 0 0 \
	732 2 14 4 0 \
	733 2 14 2 0 \
	731 2 14 0 0 \
	600 2 21 0 0 \
	601 2 14 2 0 \
	611 2 28 0 0
 at 125
 df 258
 mi 64
CM
 hs 1
CO
 li seek
 ar 0 0 0 0 0 0 0 0
 st 1
 ue 5
 de 7
 po 1
 pr 3

2562 char 0
na Emrys
il	1 4900 \
	54 1 \
	73208 1 \
	82461 1 \
	103529 1 \
	141735 1
an 51632 
LI
 wh 57189
CH
 lo 51632
 he 100
 lk 2
 lr 1
 sl	860 2 35 0 0 \
	862 2 14 5 0 \
	861 2 14 1 0 \
	680 2 21 3 0 \
	865 2 14 0 0 \
	840 2 35 0 0 \
	841 2 21 87 0 \
	700 2 21 0 0 \
	682 2 14 2 0 \
	630 2 28 0 0 \
	610 2 21 4 0 \
	845 2 21 17 0 \
	612 2 28 2 0 \
	614 2 14 13 0 \
	849 2 21 24 0 \
	637 0 0 0 0 \
	636 2 14 0 0 \
	864 2 14 0 0 \
	639 2 21 0 0 \
	641 2 28 1 0 \
	851 2 21 14 0 \
	800 2 28 0 0 \
	801 2 14 58 0 \
	806 2 21 17 0 \
	846 2 21 7 0 \
	867 2 21 0 0 \
	866 2 14 0 0 \
	869 2 14 0 0 \
	900 2 42 0 0 \
	880 2 42 0 0 \
	881 2 14 1 0 \
	847 2 21 6 0 \
	920 2 0 0 0 \
	882 2 14 0 0 \
	921 2 28 6 0 \
	922 2 28 24 0 \
	911 2 21 0 0 \
	611 1 14 0 0
 bh 5
 at 80
 df 123
CM
 im 1
 ma 6
 ca 81
 hs 1
 vp 3
 ar 103529
CO
 li seek
 ar 0 0 0 0 0 0 0 0
 st 1
 ue 3
 de 7
 po 1
 pr 3

6386 char 0
na Agnes Astra
il	1 1257 \
	54 5 \
	64 14 \
	84 3 \
	59050 1 \
	68623 1 \
	72862 1 \
	118935 1
tl	2 94 990 4 0 0 0 0
an 51632 
LI
 wh 22873
CH
 lo 51632
 he 100
 lk 3
 lr 806
 sl	610 2 21 4 0 \
	750 2 35 0 0 \
	751 2 28 55 0 \
	755 2 28 0 0 \
	752 2 28 13 0 \
	753 2 21 64 0 \
	617 2 14 8 0 \
	754 2 28 4 0 \
	630 2 28 0 0 \
	690 2 28 16 0 \
	756 2 28 74 0 \
	641 2 28 1 0 \
	637 2 21 0 0 \
	697 0 0 0 0 \
	694 2 21 0 0 \
	600 2 21 0 0 \
	602 2 14 4 0 \
	611 2 28 0 0 \
	612 2 28 1 0 \
	695 2 21 2 0 \
	700 2 21 0 0 \
	702 2 14 3 0
 at 80
 df 80
CM
 hs 1
 pr 1
 vp 21
 pl 9697
 vi 2141 2385 2608 3379 4678 5151 5203 7761 8079 8292 \
	8314 8473 9624 16285 16321 57133 57893 58216 66421 74644 77933 \
	78775 88409 
CO
 li seek
 ar 0 0 0 0 0 0 0 0
 st 1
 ue 5
 de 7
 po 1
 pr 3

77462 char 0
na Wulfgar
il	1 925 \
	54 42
tl	2 67109 46 74 0 0 0 0
ah 68484 
LI
 wh 22873
CH
 lo 51632
 pl 100
 he 100
 lk 2
 lr 2
 sl	610 2 21 7 0 \
	700 2 21 0 0 \
	611 2 28 0 0 \
	702 2 14 1 0 \
	616 2 14 26 0 \
	612 2 28 1 0 \
	615 2 21 8 0 \
	703 2 14 10 0 \
	617 2 14 10 0 \
	614 2 14 13 0 \
	720 2 21 0 0 \
	721 2 14 1 0 \
	722 2 14 0 0 \
	630 2 28 0 0 \
	637 0 0 0 0 \
	636 0 0 0 0 \
	641 2 28 1 0 \
	650 2 28 0 0 \
	654 2 28 76 0 \
	653 2 28 0 0
 at 264
 df 159
 mi 50
CM
 hs 1
 vp 21
CO
 li breed 54 54
 ar 54 54 0 0 0 0 0 0
 st 1
 ue 1
 de 6
 pr 3

4064 char 0
na Efad
il	1 607 \
	69 1
tl	2 94 92 4 0 0 0 0
LI
 wh 38960
CH
 lo 51632
 he 100
 lk 2
 lr 1
 sl	610 2 21 13 0 \
	630 2 28 0 0 \
	680 2 21 3 0 \
	700 2 21 0 0 \
	682 2 14 12 0 \
	702 2 14 12 0 \
	720 2 21 0 0 \
	722 2 14 2 0 \
	703 2 14 5 0 \
	721 2 14 2 0 \
	637 0 0 0 0 \
	641 2 28 1 0 \
	614 2 14 9 0 \
	611 2 28 0 0 \
	612 2 28 1 0
 at 80
 df 118
CM
 hs 1
 pl 2927
CO
 li fly w
 ar 0 0 0 0 0 0 0 0
 wa -1
 ue 2
 pr 2

