51665 player pl_regular
na Guardian Knights
il	1 175
CH
PL
 fn Jan
 em humakt2@hotmail.com,Geerbra@cs.com
 ve gk5@g2.pbm.com
 pw Lubomirskaja
 np 8
 ft 39
 so 1
 lt 260
 kn 69 600 601 602 603 610 611 612 613 614 \
	615 616 617 630 631 632 633 634 635 636 637 \
	639 641 650 651 652 653 654 655 656 657 658 \
	659 661 670 671 672 673 674 675 676 680 681 \
	682 690 693 696 697 700 701 702 703 704 705 \
	720 721 722 723 730 731 732 733 750 751 752 \
	753 754 755 756 800 801 802 803 804 805 806 \
	807 808 809 811 812 813 814 820 821 822 823 \
	824 825 826 827 828 829 831 832 833 840 841 \
	842 843 844 845 846 847 848 849 851 852 860 \
	861 862 863 864 865 866 867 868 869 871 872 \
	880 881 882 883 886 892 900 901 902 903 904 \
	905 906 907 908 909 911 920 921 922 2042 2097 \
	2319 2578 2935 4683 5094 6160 8388 8671 9998 12537 12538 \
	12539 12637 12639 12737 12739 12751 12752 12837 12838 12839 12851 \
	12852 12853 12854 12938 12939 12945 12951 12952 13038 13039 13040 \
	13041 13042 13043 13044 13045 13046 13047 13048 13049 13050 13051 \
	13052 13138 13139 13140 13141 13142 13143 13144 13145 13146 13147 \
	13148 13149 13150 13151 13152 13237 13238 13239 13240 13241 13242 \
	13243 13244 13245 13246 13247 13248 13249 13250 13251 13252 13253 \
	13335 13336 13337 13338 13339 13340 13341 13342 13343 13344 13345 \
	13346 13347 13350 13351 13429 13430 13431 13432 13433 13434 13435 \
	13436 13437 13438 13439 13440 13441 13442 13443 13444 13445 13446 \
	13447 13448 13449 13450 13451 13529 13530 13531 13532 13533 13534 \
	13535 13536 13537 13538 13539 13540 13541 13542 13543 13544 13545 \
	13546 13547 13548 13549 13550 13551 13625 13626 13627 13628 13629 \
	13630 13631 13632 13633 13634 13635 13636 13637 13638 13639 13640 \
	13641 13642 13643 13644 13645 13646 13647 13648 13649 13650 13651 \
	13652 13653 13654 13655 13656 13657 13658 13659 13660 13723 13724 \
	13725 13726 13727 13728 13729 13730 13731 13732 13733 13734 13735 \
	13736 13737 13738 13739 13740 13741 13742 13745 13746 13747 13751 \
	13760 13823 13825 13827 13828 13829 13830 13831 13832 13833 13834 \
	13835 13836 13837 13838 13839 13840 13841 13842 13843 13844 13845 \
	13846 13847 13848 13849 13850 13851 13860 13902 13903 13904 13905 \
	13921 13922 13923 13924 13925 13926 13927 13928 13929 13930 13931 \
	13932 13933 13934 13935 13936 13937 13938 13939 13940 13941 13942 \
	13943 13944 13945 13946 13947 13948 13949 13950 13951 13960 14001 \
	14002 14003 14004 14005 14006 14007 14009 14010 14011 14012 14013 \
	14014 14015 14016 14017 14018 14019 14020 14021 14022 14023 14024 \
	14025 14026 14027 14029 14030 14031 14032 14034 14035 14036 14038 \
	14039 14040 14041 14042 14043 14044 14045 14046 14047 14048 14049 \
	14050 14051 14052 14060 14061 14101 14102 14103 14104 14105 14106 \
	14107 14108 14109 14110 14111 14112 14113 14114 14121 14123 14124 \
	14132 14134 14136 14137 14138 14139 14140 14141 14142 14143 14144 \
	14145 14146 14147 14148 14149 14150 14151 14152 14153 14154 14155 \
	14156 14157 14158 14159 14160 14161 14202 14203 14204 14205 14206 \
	14207 14208 14209 14214 14215 14216 14217 14218 14219 14220 14221 \
	14231 14232 14234 14235 14236 14237 14238 14239 14240 14241 14242 \
	14243 14244 14245 14246 14247 14248 14249 14251 14252 14302 14303 \
	14304 14305 14306 14307 14308 14309 14314 14315 14331 14334 14335 \
	14336 14337 14338 14339 14341 14349 14350 14351 14352 14402 14403 \
	14404 14405 14407 14408 14409 14414 14415 14431 14432 14433 14434 \
	14435 14436 14437 14438 14439 14441 14442 14451 14452 14502 14503 \
	14504 14505 14506 14507 14508 14509 14510 14514 14515 14531 14535 \
	14536 14537 14538 14539 14540 14541 14542 14551 14552 14553 14602 \
	14603 14607 14608 14609 14610 14611 14612 14613 14614 14615 14635 \
	14636 14638 14639 14642 14651 14652 14653 14702 14703 14707 14708 \
	14739 14742 14743 14744 14745 14746 14747 14748 14749 14750 14751 \
	14752 14753 14807 14839 14840 14841 14842 14843 14844 14845 14846 \
	14847 14848 14849 14850 14851 14852 14853 14854 14855 14939 14941 \
	14942 14953 14954 14955 15030 15031 15032 15033 15034 15035 15036 \
	15037 15038 15039 15055 15056 15057 15130 15155 15157 15158 15159 \
	15160 15230 15255 15260 15330 15355 15360 15361 15430 15455 15461 \
	15523 15524 15525 15526 15527 15528 15529 15530 15555 15556 15557 \
	15558 15559 15560 15561 15562 15563 15564 15565 15566 15567 15623 \
	15661 15662 15667 15723 15762 15763 15764 15765 15766 15767 15768 \
	15769 15770 15771 15772 15823 15867 15868 15869 15870 15871 15872 \
	15923 15967 15968 15969 15970 15971 15972 16023 16066 16067 16068 \
	16069 16070 16071 16123 16166 16171 16210 16211 16221 16222 16223 \
	16266 16271 16311 16312 16313 16314 16315 16316 16317 16318 16319 \
	16320 16321 16366 16371 16466 16467 16471 16567 16568 16571 16668 \
	16671 16672 16673 16674 16764 16765 16766 16767 16768 16769 16770 \
	16771 16772 16773 16864 16865 16866 16867 16868 16869 16870 16871 \
	16872 16873 16962 16963 16964 16967 16968 16969 16970 16971 17064 \
	17065 17066 17067 17167 17261 17262 17263 17264 17265 17266 17267 \
	17361 17461 17548 17549 17550 17551 17552 17553 17554 17555 17556 \
	17557 17558 17559 17560 17561 17647 17648 17661 17746 17747 17845 \
	17846 17847 17943 17944 17945 17946 17947 18043 18044 18045 18046 \
	18047 18144 18145 18146 18147 19175 19176 19178 19276 19277 19278 \
	20030 20445 20515 20774 21004 21050 21550 22179 22354 22920 23492 \
	23741 24239 25457 29540 29581 29866 31295 31718 32651 33217 34507 \
	34762 35162 35284 37476 37928 37943 39818 39949 40712 41128 41464 \
	42586 42619 43254 43358 44732 44918 46437 47403 47868 48978 49862 \
	56896 56949 56983 57061 57081 57140 57268 57294 57397 57422 57426 \
	57497 57576 57598 57618 57622 57625 57646 57679 57704 57759 58288 \
	58318 58338 58370 58374 58423 58516 58575 58599 58600 58622 58687 \
	58707 58738 60503 60507 61112 61681 61720 61831 61876 62112 62113 \
	62565 62573 63076 63787 64004 64071 64171 65502 65596 65883 66271 \
	66773 66792 67309 67668 68004 68285 68767 69004 69140 69402 69419 \
	69668 69684 69894 70091 70309 70500 70542 70610 70834 71241 71285 \
	71565 72473 72504 72576 72675 72800 73189 73686 73846 73869 74114 \
	75038 75177 75300 75311 75428 75674 76007 76009 76245 76902 76971 \
	77211 77744 77828 77983 78924 85172 95971 
 un 64020 75650 5804 89476 95307 1426 4342 122371 8584 \
	148444 5634 2881 144510 82967 
 uf 94190 134451 133741 145815 101570 
 am 1426 0 50333 50535 50797 50837 51323 51665 51853 \
	53249 53513 53627 54172 54295 54404 54597 54587 54935 54948 55115 \
	55263 55275 55705 56223 56297 56309 56363 56455 56746 
 am 50333 0 54948 55115 
 am 51665 0 50333 54948 55115 
 am 64020 0 56309 
 am 69894 0 50333 66701 
 am 74114 0 50333 55115 54948 51665 50797 53513 56309 \
	56223 56363 51853 55705 53627 50535 50837 51323 53249 54172 54295 \
	54404 54587 54597 54935 55263 55275 56297 56455 56746 
 am 75428 0 50333 50535 50797 50837 51323 51665 51853 \
	53249 53513 53627 54172 54295 54404 54597 54587 54935 54948 55115 \
	55263 55275 55705 56223 56297 56309 56363 56455 56746 50333 50535 \
	50797 50837 51323 51665 51853 53249 53513 53627 54172 54295 54404 \
	54597 54587 54935 54948 55115 55263 55275 55705 56223 56297 56309 \
	56363 56455 56746 
CO
 li accept zy6 0
 ar 56746 0 0 0 0 0 0 0
 st 1

64020 char 0
na Lukasz
il	1 491 \
	12 138 \
	14 7 \
	15 7 \
	16 118 \
	18 42 \
	60 3 \
	271 154 \
	95971 1 \
	136807 1
ah 5681 
LI
 wh 2621
 hl 75650 89476 
CH
 lo 51665
 he 100
 lk 2
 lr 1
 sl	650 2 28 0 0 \
	610 2 21 24 0 \
	630 2 28 0 0 \
	655 2 14 4 0 \
	656 2 14 1 0 \
	652 2 28 0 0 \
	615 2 21 0 0 \
	612 2 28 1 0 \
	657 2 21 2 0 \
	616 2 14 3 0 \
	637 2 21 0 0 \
	633 2 14 1 0 \
	617 2 14 0 0 \
	651 2 21 0 0 \
	654 2 28 19 0 \
	611 2 28 0 0 \
	653 2 28 0 0
 at 80
 df 80
 mi 50
CO
 li breed 271 271
 ar 271 271 0 0 0 0 0 0
 wa 7
 st 1
 ue 1
 pr 3

75650 char 0
na Piotr
il	271 3 \
	282 134
LI
 wh 64020
 hl 5804 
CH
 lo 51665
 he 100
 lk 3
 lr 66
 sl	650 2 28 0 0 \
	610 2 21 9 0 \
	630 2 28 0 0 \
	655 2 14 10 0 \
	656 2 14 2 0 \
	651 2 21 0 0 \
	652 2 28 0 0 \
	653 2 28 0 0 \
	654 2 28 31 0 \
	615 2 21 0 0 \
	657 2 21 14 0 \
	612 2 28 1 0 \
	613 2 14 0 0 \
	617 2 14 0 0 \
	614 2 14 0 0 \
	611 2 28 0 0
 at 80
 df 80
 mi 50
CO
 li give g020 271 0
 ar 64020 271 0 0 0 0 0 0
 st 1
 ue 3
 pr 1

5804 char 0
na Witold
il	51 40 \
	54 23 \
	271 2
LI
 wh 75650
CH
 lo 51665
 he 100
 lk 3
 lr 75
 sl	650 2 28 0 0 \
	610 2 21 23 0 \
	630 2 28 0 0 \
	655 2 14 11 0 \
	656 2 14 2 0 \
	652 2 28 0 0 \
	612 2 28 1 0 \
	615 2 21 0 0 \
	617 2 14 0 0 \
	616 2 14 0 0 \
	613 2 14 0 0 \
	651 2 21 0 0 \
	653 2 28 0 0 \
	661 2 21 0 0 \
	657 2 21 8 0 \
	658 2 21 0 0 \
	659 2 21 0 0 \
	614 2 14 0 0 \
	654 2 28 25 0 \
	611 2 28 0 0
 at 80
 df 80
 mi 50
CO
 li breed 271 271
 ar 271 271 0 0 0 0 0 0
 cs 2
 wa 5
 st 1
 ue 2
 de 1
 pr 3

89476 char 0
na Sir Kay
il	1 796 \
	271 2
LI
 wh 64020
CH
 lo 51665
 he 100
 lk 3
 lr 83
 sl	730 2 21 0 0 \
	732 2 14 0 0 \
	733 2 14 0 0 \
	610 2 21 13 0 \
	630 2 28 0 0 \
	680 2 21 0 0 \
	670 2 28 0 0 \
	612 2 28 1 0 \
	731 2 14 0 0 \
	650 2 28 0 0 \
	655 2 14 0 0 \
	616 2 14 0 0 \
	615 2 21 6 0 \
	614 2 14 8 0 \
	617 2 14 0 0 \
	654 2 28 16 0 \
	611 2 28 0 0
 at 80
 df 130
 mi 96
CO
 li breed 271 271
 ar 271 271 0 0 0 0 0 0
 cs 2
 wa 1
 st 1
 ue 2
 de 5
 pr 3

95307 char 0
na Zygmunt
il	1 233 \
	10 4 \
	11 10 \
	54 5
LI
 wh 16210
CH
 lo 51665
 pl 100
 he 100
 lk 3
 lr 88
 sl	730 2 21 0 0 \
	733 2 14 2 0 \
	732 2 14 2 0 \
	610 2 21 1 0 \
	617 2 14 0 0 \
	731 2 14 0 0 \
	614 2 14 8 0 \
	612 2 28 0 0 \
	611 2 28 0 0 \
	600 2 21 0 0 \
	602 2 14 0 0 \
	700 2 21 0 0
 bp 50
 at 80
 df 138
MI
 di 2
CO
 li explore
 ar 0 0 0 0 0 0 0 0
 cs 2
 wa 2
 st 1
 ue 2
 de 5
 pr 3

1426 char 0
na Sir Bors
il	1 4900 \
	52 1 \
	54 24 \
	62378 136 \
	109393 1 \
	128357 207
tl	1 73393 27 37 0 0 0 0 \
	2 62378 39 173 0 0 0 0
ah 76780 
LI
 wh 75428
CH
 lo 51665
 he 100
 lk 2
 lr 2
 sl	610 2 21 48 0 \
	650 2 28 0 0 \
	655 2 14 19 0 \
	656 2 14 12 0 \
	652 2 28 0 0 \
	653 2 28 0 0 \
	617 2 14 5 0 \
	654 2 28 49 0 \
	612 2 28 1 0 \
	651 2 21 0 0 \
	615 2 21 3 0 \
	658 2 21 1 0 \
	661 2 21 3 0 \
	616 2 14 3 0 \
	614 2 14 1 0 \
	613 2 14 0 0 \
	659 2 21 0 0 \
	657 2 21 15 0 \
	900 2 42 0 0 \
	909 2 21 0 0 \
	906 2 21 0 0 \
	911 2 21 0 0 \
	904 2 21 0 0 \
	800 2 28 0 0 \
	902 2 21 0 0 \
	903 2 21 0 0 \
	801 2 14 0 0 \
	802 2 14 0 0 \
	803 2 14 0 0 \
	805 2 14 0 0 \
	804 2 21 0 0 \
	611 1 14 0 0
 bh 7
 at 92
 df 84
 mi 80
 ct 50333 50535 50797 50837 51323 51665 51853 53249 53513 \
	53627 54172 54295 54404 54587 54597 54935 54948 55115 55263 55275 \
	55705 56223 56297 56309 56363 56455 56746 5943 78022 
CM
 im 1
 ma 13
 ca 13
 pl 3475
MI
 ds Greyfell Lord
CO
 li breed 54 54
 ar 54 54 0 0 0 0 0 0
 cs 2
 wa 2
 st 1
 ue 1
 de 4
 pr 3

4342 char 0
na Lord Jagiellon
il	1 245 \
	16 75 \
	18 765 \
	19 10 \
	54 2 \
	70295 1
LI
 wh 14508
CH
 lo 51665
 he 100
 lk 2
 lr 1
 sl	610 2 21 33 0 \
	617 2 14 8 0 \
	611 2 28 0 0 \
	616 2 14 4 0 \
	612 2 28 1 0 \
	615 2 21 0 0 \
	614 2 14 8 0 \
	613 2 14 0 0 \
	630 2 28 0 0 \
	631 2 14 0 0 \
	632 2 14 0 0 \
	633 2 14 0 0 \
	634 2 14 0 0 \
	635 2 28 0 0 \
	820 2 35 0 0 \
	825 2 21 0 0 \
	827 2 21 0 0 \
	831 2 28 0 0 \
	730 2 21 0 0 \
	829 2 21 0 0 \
	732 2 14 2 0 \
	828 2 21 0 0 \
	733 2 14 1 0 \
	833 2 21 0 0 \
	832 2 21 0 0 \
	821 2 21 0 0 \
	826 2 21 0 0 \
	822 2 21 0 0 \
	823 2 21 0 0 \
	824 2 21 0 0 \
	880 2 42 0 0 \
	881 2 14 1 0 \
	882 2 14 0 0 \
	883 2 14 0 0 \
	920 2 0 0 0 \
	922 2 28 20 0 \
	921 2 28 0 0 \
	641 2 28 1 0 \
	637 2 21 0 0 \
	636 2 14 0 0 \
	639 2 21 0 0 \
	670 2 28 0 0 \
	680 2 21 0 0 \
	681 2 14 0 0 \
	671 2 14 0 0 \
	682 2 14 0 0 \
	672 2 21 0 0 \
	673 2 14 0 0 \
	676 2 14 0 0 \
	674 2 21 0 0 \
	800 2 28 0 0 \
	802 2 14 7 0 \
	801 2 14 0 0 \
	803 2 14 0 0 \
	804 2 21 0 0 \
	805 2 14 0 0 \
	731 2 14 0 0 \
	600 2 21 0 0 \
	601 2 14 6 0 \
	602 2 14 0 0 \
	603 1 7 0 0
 bh 5
 at 89
 df 142
 mi 50
CM
 im 1
 ma 9
 ca 7
 hs 1
 kw 1
 ar 70295
MI
 ds Greyfell Lord
CO
 li trance
 ar 0 0 0 0 0 0 0 0
 cs 2
 wa 7
 st 1
 ue 3
 de 21
 pr 3

122371 char 0
na Beowulf
il	1 80 \
	12 4 \
	54 1 \
	74 74
ah 4190 68509 
LI
 wh 14609
 hl 68509 
CH
 lo 51665
 he 100
 lk 3
 lr 77
 sl	610 2 21 4 0 \
	630 2 28 0 0 \
	611 2 28 0 0 \
	614 2 14 3 0 \
	616 2 14 0 0 \
	617 2 14 3 0 \
	612 2 28 0 0
 bh 3
 bp 50
 at 80
 df 107
MI
 ds Greyfell Lord
CO
 li use 614
 ar 0 0 0 0 0 0 0 614
 cs 2
 wa 5
 st 1
 us 614
 ue 1
 de 2
 pr 3

8584 char 0
na Uther Pendragon
il	1 1994 \
	15 4 \
	16 254 \
	18 13 \
	20 39 \
	74 2 \
	79 19 \
	60014 1 \
	73037 1
LI
 wh 14609
 hl 148444 
CH
 lo 51665
 he 100
 lk 2
 lr 2
 sl	800 2 28 0 0 \
	802 2 14 39 0 \
	801 2 14 1 0 \
	803 2 14 1 0 \
	805 2 14 0 0 \
	804 2 21 0 0 \
	840 2 35 0 0 \
	841 2 21 11 0 \
	820 2 35 0 0 \
	821 2 21 0 0 \
	824 2 21 0 0 \
	822 2 21 0 0 \
	829 2 21 0 0 \
	827 2 21 0 0 \
	832 2 21 0 0 \
	826 2 21 0 0 \
	852 2 21 0 0 \
	828 2 21 0 0 \
	849 2 21 0 0 \
	833 2 21 0 0 \
	825 2 21 0 0 \
	823 2 21 0 0 \
	846 2 21 0 0 \
	848 2 21 0 0 \
	831 2 28 0 0 \
	845 2 21 1 0 \
	811 2 21 0 0 \
	847 2 21 2 0 \
	843 2 21 0 0 \
	851 2 21 0 0 \
	807 2 21 2 0 \
	806 2 21 7 0 \
	842 2 14 0 0 \
	844 2 21 0 0 \
	610 2 21 12 0 \
	813 2 21 2 0 \
	808 2 21 0 0 \
	812 2 21 0 0 \
	900 2 42 0 0 \
	903 2 21 8 0 \
	902 2 21 0 0 \
	901 2 28 0 0 \
	905 2 21 0 0 \
	907 2 21 0 0 \
	630 2 28 0 0 \
	641 2 28 1 0 \
	611 2 28 0 0 \
	906 2 21 0 0 \
	809 2 21 0 0 \
	904 2 21 0 0 \
	908 2 28 0 0 \
	814 2 21 0 0 \
	909 2 21 0 0 \
	911 2 21 0 0 \
	615 2 21 0 0 \
	612 2 28 1 0 \
	880 2 42 0 0 \
	881 2 14 0 0 \
	882 2 14 0 0 \
	614 2 14 0 0
 ra 70
 at 80
 df 80
 mi 50
CM
 im 1
 ma 53
 ca 2
 hs 1
 kw 1
 pl 68968
MI
 ds Greyfell Lord
CO
 li make 74 0
 ar 74 0 0 0 0 0 0 0
 wa -1
 ue 2
 po 1
 pr 3

148444 char 0
na Lady Aria
il	1 3420 \
	22 145
LI
 wh 8584
CH
 lo 51665
 he 100
 lk 3
 lr 76
 sl	610 2 21 0 0 \
	612 2 28 2 0 \
	611 2 28 0 0 \
	615 2 21 11 0
 bh 3
 at 80
 df 80
 mi 247
MI
 ds Greyfell Lady
CO
 li use 615
 ar 615 0 0 0 0 0 0 0
 wa -1
 st 1
 ue 2
 po 1
 pr 3

5634 char 0
na Lord Belmondo
il	1 157 \
	10 3 \
	51 2 \
	77 98 \
	271 43
LI
 wh 57397
CH
 lo 51665
 pl 100
 he 100
 lk 3
 lr 9982
 sl	610 2 21 0 0 \
	650 2 28 0 0 \
	616 2 14 2 0 \
	614 2 14 2 0 \
	654 2 28 64 0 \
	612 2 28 1 0 \
	657 2 21 0 0 \
	658 2 21 0 0 \
	659 2 21 0 0 \
	661 2 21 1 0 \
	617 2 14 0 0 \
	655 2 14 1 0 \
	653 2 28 0 0 \
	656 2 14 1 0 \
	652 2 28 0 0 \
	651 2 21 0 0 \
	611 2 28 0 0
 at 96
 df 93
CM
 vp 7
MI
 di 3
 ds Greyfell Lord
CO
 li breed 10 51
 ar 10 51 0 0 0 0 0 0
 cs 2
 wa 5
 st 1
 ue 1
 de 1
 pr 3

2881 char 0
na Lord Triniti
il	11 9 \
	77 90
LI
 wh 14807
CH
 lo 51665
 pl 100
 he 100
 lk 3
 lr 973
 sl	680 2 21 7 0 \
	610 2 21 48 0 \
	720 2 21 0 0 \
	721 2 14 40 0 \
	722 2 14 25 0 \
	682 2 14 0 0 \
	617 2 14 44 0 \
	612 2 28 1 0 \
	616 2 14 37 0 \
	614 2 14 3 0 \
	611 2 28 0 0 \
	681 2 14 0 0 \
	700 2 21 0 0 \
	702 2 14 7 0
 at 90
 df 100
MI
 di 1
 ds Greyfell Lord
CO
 li collect 77 0 0
 ar 77 0 0 30 0 0 0 0
 st 1
 ue 1
 de 3
 po 1
 pr 3

144510 char 0
na Cyprjan
il	1 1388 \
	10 2 \
	12 35 \
	16 22 \
	22 25 \
	75 152 \
	94 3 \
	95 1
LI
 wh 4683
CH
 lo 51665
 he 100
 lk 3
 lr 81
 sl	610 2 21 18 0 \
	616 2 14 0 0 \
	612 2 28 1 0 \
	614 2 14 0 0 \
	615 2 21 0 0 \
	617 2 14 0 0 \
	611 2 28 0 0 \
	680 1 14 0 0
 bh 5
 at 80
 df 80
 mi 50
MI
 ds Greyfell Dragon
CO
 li train 12 0
 ar 12 0 0 20 0 0 0 0
 cs 2
 wa -1
 st 1
 ue 1
 de 20
 po 1
 pr 3

82967 char 0
na Arthur
il	1 893 \
	11 30 \
	12 10 \
	20 6 \
	54 2 \
	78 50
LI
 wh 17945
CH
 lo 51665
 he 100
 lk 3
 lr 76
 sl	610 2 21 14 0 \
	680 2 21 0 0 \
	616 2 14 1 0 \
	612 2 28 7 0 \
	682 2 14 1 0 \
	611 2 28 0 0 \
	600 2 21 0 0 \
	601 2 14 0 0
 at 80
 df 80
MI
 ds Greyfell Dragon
CO
 li explore
 ar 0 0 0 0 0 0 0 0
 cs 2
 wa 5
 st 1
 ue 2
 de 2
 pr 3

