51812 player pl_regular
na The Freehold
il	1 275
ad 55792 
CH
PL
 fn Eric Nelson
 em seehawk400@aol.com
 pw springs
 np 4
 ft 2
 so 1
 lt 260
 kn 69 600 601 602 603 610 611 612 613 614 \
	615 616 617 630 631 632 634 635 636 637 639 \
	641 650 652 653 654 655 656 657 670 671 672 \
	673 680 681 682 690 691 692 693 694 695 696 \
	700 702 703 704 706 720 721 722 723 730 731 \
	732 733 750 751 752 753 754 755 756 800 801 \
	802 803 804 805 806 807 808 809 811 812 813 \
	814 820 821 822 823 824 825 826 827 828 829 \
	831 832 833 840 841 842 843 844 845 846 847 \
	848 849 851 852 860 861 862 863 864 865 866 \
	867 868 869 871 872 880 881 882 883 886 887 \
	888 889 891 893 894 900 902 903 904 905 906 \
	907 909 911 920 921 922 1127 1777 2042 2221 3081 \
	3137 4831 5665 5674 5749 5783 6026 7484 7910 8254 10330 \
	10333 10334 10335 10336 10337 10338 10430 10431 10432 10433 10434 \
	10435 10436 10437 10438 10439 10532 10533 10534 10538 10539 10633 \
	10634 10635 10636 10637 10638 10639 10651 10652 10653 10654 10655 \
	10656 10657 10658 10659 10737 10738 10751 10759 10832 10833 10834 \
	10838 10839 10840 10851 10859 10929 10930 10931 10932 10933 10934 \
	10935 10940 10951 10959 11029 11030 11031 11032 11033 11034 11035 \
	11040 11051 11059 11129 11130 11131 11132 11133 11134 11135 11136 \
	11137 11138 11139 11140 11151 11159 11171 11172 11229 11230 11231 \
	11232 11233 11234 11235 11236 11237 11238 11239 11240 11241 11251 \
	11259 11260 11261 11262 11263 11264 11265 11266 11271 11272 11273 \
	11274 11275 11276 11277 11278 11279 11280 11281 11282 11283 11284 \
	11285 11286 11287 11288 11289 11290 11329 11330 11331 11332 11333 \
	11334 11335 11336 11337 11338 11339 11340 11341 11342 11343 11344 \
	11351 11366 11372 11390 11429 11430 11431 11432 11435 11436 11437 \
	11438 11439 11440 11441 11442 11444 11451 11466 11467 11468 11469 \
	11470 11471 11472 11490 11523 11524 11529 11530 11531 11532 11533 \
	11534 11535 11536 11537 11538 11539 11540 11541 11542 11543 11544 \
	11551 11590 11591 11592 11623 11624 11629 11630 11631 11632 11633 \
	11634 11635 11636 11637 11638 11639 11640 11641 11642 11643 11644 \
	11651 11652 11653 11654 11655 11690 11691 11723 11724 11725 11726 \
	11727 11728 11729 11730 11731 11732 11733 11734 11735 11736 11737 \
	11738 11739 11740 11741 11742 11743 11744 11755 11756 11757 11758 \
	11759 11760 11761 11762 11763 11764 11765 11766 11767 11768 11769 \
	11770 11771 11772 11791 11823 11824 11825 11826 11827 11828 11829 \
	11830 11831 11832 11833 11834 11835 11836 11837 11838 11839 11840 \
	11841 11842 11843 11844 11845 11846 11847 11848 11849 11850 11851 \
	11852 11853 11854 11855 11856 11857 11858 11859 11860 11861 11862 \
	11863 11864 11865 11866 11867 11868 11869 11870 11871 11872 11891 \
	11925 11926 11927 11928 11929 11930 11931 11932 11933 11934 11935 \
	11936 11937 11938 11939 11940 11941 11942 11944 11972 11973 11974 \
	11975 11976 11977 11978 11979 11980 11981 11982 11983 11984 11991 \
	12024 12025 12026 12027 12028 12029 12030 12031 12032 12033 12034 \
	12035 12036 12037 12038 12039 12040 12041 12042 12044 12052 12053 \
	12054 12055 12058 12059 12060 12061 12072 12073 12074 12075 12076 \
	12077 12078 12079 12080 12081 12091 12129 12130 12131 12132 12133 \
	12134 12135 12136 12137 12138 12139 12140 12142 12143 12144 12145 \
	12146 12147 12152 12155 12158 12161 12164 12165 12166 12167 12177 \
	12181 12191 12229 12230 12231 12233 12234 12235 12236 12237 12238 \
	12239 12240 12242 12243 12247 12252 12255 12258 12261 12264 12267 \
	12270 12271 12272 12273 12276 12277 12281 12291 12329 12330 12331 \
	12332 12333 12334 12335 12336 12337 12338 12339 12341 12342 12345 \
	12346 12347 12348 12349 12352 12355 12358 12361 12364 12367 12370 \
	12373 12376 12381 12391 12413 12414 12415 12416 12430 12431 12432 \
	12433 12436 12437 12438 12439 12440 12441 12443 12444 12445 12446 \
	12447 12449 12452 12455 12458 12461 12464 12467 12470 12473 12476 \
	12481 12491 12513 12516 12517 12518 12519 12520 12521 12533 12534 \
	12535 12536 12543 12545 12546 12547 12548 12549 12552 12555 12558 \
	12561 12564 12567 12570 12573 12576 12581 12591 12610 12611 12612 \
	12613 12621 12636 12637 12638 12639 12640 12641 12643 12644 12645 \
	12646 12647 12648 12649 12650 12651 12652 12655 12656 12657 12658 \
	12661 12662 12663 12664 12667 12670 12673 12676 12681 12691 12707 \
	12708 12709 12710 12721 12738 12739 12740 12741 12743 12747 12749 \
	12750 12751 12766 12767 12768 12769 12770 12771 12772 12773 12774 \
	12775 12776 12781 12791 12807 12808 12809 12810 12811 12812 12813 \
	12814 12821 12838 12843 12844 12845 12846 12847 12848 12849 12850 \
	12851 12866 12867 12868 12869 12870 12871 12872 12873 12874 12875 \
	12876 12877 12881 12891 12914 12915 12916 12917 12921 12938 12943 \
	12944 12945 12946 12947 12948 12949 12968 12977 12981 12991 13004 \
	13005 13006 13007 13008 13009 13010 13011 13012 13013 13014 13015 \
	13016 13017 13018 13019 13020 13021 13038 13045 13046 13049 13068 \
	13077 13081 13082 13083 13091 13104 13105 13106 13107 13113 13117 \
	13121 13137 13138 13145 13146 13149 13168 13177 13183 13184 13185 \
	13186 13187 13188 13191 13207 13213 13217 13221 13237 13238 13239 \
	13240 13241 13242 13243 13244 13245 13246 13249 13268 13277 13278 \
	13279 13280 13281 13288 13291 13307 13308 13309 13310 13311 13312 \
	13313 13314 13315 13316 13317 13321 13329 13330 13331 13332 13333 \
	13334 13335 13336 13337 13338 13339 13340 13341 13342 13343 13344 \
	13345 13346 13347 13348 13349 13368 13381 13382 13383 13384 13385 \
	13386 13387 13388 13391 13413 13417 13418 13419 13420 13421 13422 \
	13423 13424 13425 13426 13427 13428 13429 13430 13431 13432 13433 \
	13434 13439 13440 13441 13444 13445 13446 13447 13448 13449 13450 \
	13451 13467 13468 13491 13513 13514 13515 13516 13517 13518 13519 \
	13521 13522 13523 13529 13540 13541 13542 13543 13544 13545 13546 \
	13547 13548 13549 13550 13551 13552 13553 13554 13555 13556 13557 \
	13558 13559 13560 13562 13563 13564 13565 13566 13567 13591 13616 \
	13617 13618 13619 13620 13621 13622 13623 13629 13637 13638 13639 \
	13640 13641 13642 13643 13644 13645 13646 13647 13648 13649 13650 \
	13651 13652 13653 13654 13655 13656 13657 13658 13659 13660 13661 \
	13662 13663 13664 13665 13691 13716 13717 13718 13719 13720 13721 \
	13723 13724 13725 13726 13727 13728 13729 13731 13732 13733 13734 \
	13735 13736 13737 13738 13739 13740 13741 13742 13743 13744 13745 \
	13746 13747 13748 13749 13750 13751 13760 13761 13762 13763 13764 \
	13765 13791 13816 13817 13818 13819 13820 13821 13822 13823 13829 \
	13830 13831 13832 13833 13834 13835 13836 13837 13838 13839 13840 \
	13841 13842 13843 13844 13845 13846 13847 13848 13849 13850 13851 \
	13891 13917 13918 13919 13920 13923 13929 13930 13935 13941 13942 \
	13943 13944 13945 13946 13947 13948 13949 13950 13951 13991 14020 \
	14023 14029 14030 14035 14041 14042 14043 14044 14045 14046 14047 \
	14048 14049 14091 14120 14123 14126 14127 14128 14129 14130 14135 \
	14136 14137 14138 14139 14140 14141 14142 14143 14144 14145 14146 \
	14147 14148 14149 14189 14191 14200 14201 14202 14203 14204 14205 \
	14206 14207 14220 14221 14222 14223 14224 14225 14226 14227 14228 \
	14229 14230 14231 14232 14233 14234 14235 14236 14237 14238 14239 \
	14240 14241 14242 14243 14244 14245 14247 14249 14289 14290 14291 \
	14292 14293 14294 14295 14296 14297 14298 14299 14304 14307 14323 \
	14324 14325 14326 14329 14330 14331 14332 14333 14334 14335 14336 \
	14337 14338 14339 14340 14341 14342 14343 14344 14345 14347 14349 \
	14391 14397 14404 14405 14406 14407 14422 14423 14424 14425 14426 \
	14427 14428 14429 14430 14431 14432 14433 14434 14435 14436 14437 \
	14438 14439 14440 14441 14442 14443 14444 14445 14447 14449 14490 \
	14491 14492 14493 14494 14495 14496 14497 14522 14523 14524 14525 \
	14526 14527 14529 14530 14531 14536 14537 14538 14539 14540 14541 \
	14542 14543 14544 14545 14547 14549 14590 14591 14618 14619 14620 \
	14621 14622 14623 14624 14625 14626 14627 14629 14631 14633 14634 \
	14635 14636 14637 14638 14639 14640 14641 14642 14643 14644 14645 \
	14647 14649 14722 14723 14724 14725 14726 14727 14728 14729 14730 \
	14731 14732 14733 14734 14735 14736 14737 14738 14739 14747 14748 \
	14749 14822 14823 14824 14825 14826 14827 14828 14829 14830 14831 \
	14848 14849 14923 14924 14925 14926 14927 14928 14929 14930 14948 \
	14949 15020 15021 15022 15023 15024 15025 15026 15027 15028 15029 \
	15030 15031 15032 15048 15049 15120 15124 15125 15126 15127 15128 \
	15129 15130 15131 15132 15148 15149 15220 15224 15225 15226 15227 \
	15228 15229 15230 15249 15320 15324 15325 15326 15329 15349 15420 \
	15424 15425 15426 15520 15521 15524 15525 15526 15620 15621 15624 \
	15625 15626 15724 15726 15824 15825 15826 20028 20052 20197 20586 \
	20791 20830 21369 21465 21546 21700 22080 22295 22434 22454 22924 \
	23222 23450 23734 23768 24235 24606 24679 24774 24818 24882 25728 \
	25780 25844 26025 26148 26162 26221 26303 26914 27309 27412 27710 \
	27785 28282 28407 28455 28697 29041 29053 29191 29439 29561 29853 \
	29930 30340 30378 30523 30728 30844 30864 30924 31033 31035 31257 \
	31584 31694 31884 32194 32756 33329 33398 33430 33510 33962 34634 \
	34675 34999 35088 35343 35464 35810 36281 36739 36936 37248 37279 \
	37389 37428 37471 37909 38340 38359 38428 38482 38564 38617 38669 \
	39113 39319 39469 39633 39641 39938 40157 40231 40247 40489 41011 \
	41055 41197 41242 41314 41509 41611 41800 42104 42320 42429 42775 \
	42870 42892 42999 43378 43785 43960 44057 44113 44272 44547 44747 \
	44805 44813 45080 45108 45273 45396 45498 45800 46343 46470 46788 \
	46791 46928 47049 47318 47367 47406 47619 47978 48047 48218 48221 \
	48261 48352 48583 48749 48863 49123 49295 49722 49925 49991 56857 \
	56890 56896 56929 56937 56958 56972 56990 57019 57028 57046 57081 \
	57088 57116 57140 57212 57249 57268 57285 57340 57451 57494 57516 \
	57532 57539 57570 57572 57576 57590 57625 57658 57679 57685 57689 \
	57730 57775 57797 57865 57892 57896 57904 58013 58031 58057 58110 \
	58150 58225 58269 58325 58350 58426 58516 58523 58565 58575 58582 \
	58589 58599 58641 58687 58706 58707 58717 58744 58751 59023 59062 \
	59587 59751 59908 60325 60900 60910 60993 61292 61617 61845 62112 \
	62709 62754 62757 63329 63390 64129 64135 64169 64178 64583 65296 \
	66014 66128 66373 66713 67051 67164 67701 68025 68835 70009 70204 \
	70357 70456 71533 71910 72267 72915 72962 73272 73280 73611 73869 \
	74049 74061 74383 74502 75282 75348 75596 75911 76028 76105 76241 \
	76546 76580 76736 76999 77064 77146 77211 77697 77821 78110 78219 \
	78223 78575 78926 85989 118151 123412 134223 
 un 69683 2414 6961 1063 4552 8520 7438 8147 6609 \
	6233 4630 5949 60990 60810 62422 
 uf 101885 60736 82836 97376 128347 
 am 51812 0 54112 54214 54347 
CO
 li accept 0 0
 ar 0 0 0 0 0 0 0 0
 st 1

69683 char 0
na Hammerhill Quarrier
il	1 4717 \
	11 5 \
	54 3 \
	69 1 \
	76 11 \
	78 50
LI
 wh 11926
CH
 lo 51812
 he 100
 lk 3
 lr 60
 sl	610 2 21 16 0 \
	680 2 21 3 0 \
	682 2 14 21 0 \
	611 2 28 0 0 \
	612 2 28 0 0 \
	613 2 14 0 0 \
	614 2 14 0 0 \
	615 2 21 0 0 \
	616 2 14 2 0 \
	617 2 14 0 0 \
	681 2 14 0 0
 bh 5
 bp 50
 at 89
 df 80
 mi 50
MI
 ds Confederation Faery Expedition
CO
 li collect 78 50 0
 ar 78 50 50 50 0 0 0 0
 st 1
 ue 1
 de 10
 po 1
 pr 3

2414 char 0
na Dig Dug
il	1 3616 \
	10 6 \
	11 28 \
	12 2 \
	20 20 \
	52 14 \
	69 1 \
	73 9 \
	74 12 \
	79 59 \
	82 2
tl	2 94 967 4 0 0 0 0
LI
 wh 11926
CH
 lo 51812
 he 100
 lk 2
 lr 1
 sl	610 2 21 23 0 \
	615 2 21 12 0 \
	617 2 14 21 0 \
	611 2 28 0 0 \
	616 2 14 5 0 \
	720 2 21 0 0 \
	721 2 14 30 0 \
	722 2 14 17 0 \
	700 2 21 0 0 \
	702 2 14 2 0 \
	680 2 21 1 0 \
	682 2 14 0 0 \
	612 2 28 0 0 \
	723 2 14 2 0 \
	670 2 28 0 0 \
	671 2 14 4 0
 bh 5
 bp 50
 at 80
 df 80
 mi 112
MI
 ds Confederation Faery Expedition"
CO
 li train 11
 ar 11 0 0 4 0 0 0 0
 cs 2
 wa -1
 st 1
 ue 1
 de 4
 po 1
 pr 3

6961 char 0
na Brys - Dyfed Trader
il	1 14378 \
	54 4 \
	74385 1
tl	2 94 978 4 0 0 0 0 \
	1 68039 351 97 0 0 0 0 \
	1 96757 875 15 0 0 0 0
LI
 wh 73280
CH
 lo 51812
 he 100
 lk 2
 lr 1
 sl	680 2 21 4 0 \
	700 2 21 0 0 \
	702 2 14 7 0 \
	730 2 21 0 0 \
	731 2 14 0 0 \
	732 2 14 10 0 \
	733 2 14 6 0 \
	610 2 21 7 0 \
	615 2 21 10 0 \
	703 2 14 4 0 \
	617 2 14 7 0 \
	690 2 28 1 0 \
	693 2 21 0 0 \
	704 2 14 0 0 \
	611 2 28 0 0 \
	612 2 28 0 0 \
	682 2 14 2 0 \
	691 2 21 2 0 \
	800 2 28 0 0 \
	801 2 14 0 0 \
	813 2 21 0 0 \
	812 2 21 0 0 \
	802 2 14 2 0 \
	814 2 21 0 0 \
	809 2 21 0 0 \
	811 2 21 0 0 \
	808 2 21 0 0 \
	807 2 21 0 0 \
	806 2 21 0 0 \
	880 2 42 0 0 \
	881 2 14 1 0 \
	920 2 0 0 0 \
	922 2 28 4 0 \
	921 2 28 0 0 \
	803 2 14 0 0 \
	692 2 21 0 0 \
	695 0 0 0 0 \
	696 0 0 0 0 \
	694 0 0 0 0
 bh 5
 bp 50
 at 80
 df 80
 mi 85
CM
 im 1
 ma 7
 ca 27
 ar 74385
MI
 ds of The Confederation
CO
 li research 690
 ar 690 0 0 0 0 0 0 0
 cs 2
 wa 5
 st 1
 ue 1
 de 2
 pr 3

1063 char 0
na Lazarus Long
il	1 5367 \
	11 88 \
	52 8 \
	54 43 \
	70 2 \
	73 92 \
	74 155 \
	75 146 \
	78 70 \
	85 250 \
	98 19 \
	271 81 \
	282 103 \
	59006 1 \
	61101 1 \
	61210 1 \
	61393 1 \
	65216 1 \
	65562 1 \
	68829 1 \
	74220 1 \
	76546 1 \
	77129 1 \
	98360 1 \
	149830 1
LI
 wh 64129
 hl 4552 
CH
 lo 51812
 he 100
 lk 2
 lr 2
 sl	610 2 21 23 0 \
	614 2 14 3 0 \
	617 2 14 12 0 \
	650 2 28 0 0 \
	652 2 28 0 0 \
	653 2 28 0 0 \
	654 2 28 125 0 \
	611 2 28 0 0 \
	612 2 28 1 0 \
	700 2 21 0 0 \
	655 2 14 9 0 \
	656 2 14 6 0 \
	702 2 14 1 0 \
	616 2 14 4 0 \
	900 2 42 0 0 \
	911 2 21 0 0 \
	657 2 21 0 0
 ra 40
 at 80
 df 99
CM
 im 1
 ma 2
 ca 2
 vp 9
MI
 ds Confederation Faery Expedition
CO
 li breed 282 282
 ar 282 282 0 0 0 0 0 0
 wa 7
 st 1
 ue 2
 pr 3

4552 char 0
na Leander the Monk
il	1 1811 \
	52 1
tl	2 94 975 4 0 0 0 0 \
	1 76 5 100 0 0 0 0
LI
 wh 1063
CH
 lo 51812
 he 100
 lk 2
 lr 1
 sl	750 2 35 0 0 \
	751 2 28 36 0 \
	754 2 28 0 0 \
	755 2 28 0 0 \
	752 2 28 0 0 \
	756 2 28 15 0 \
	753 2 21 36 0 \
	630 2 28 0 0 \
	610 2 21 0 0 \
	670 1 7 0 0 \
	700 1 0 0 0 \
	611 2 28 0 0
 bh 5
 bp 50
 at 80
 df 80
CM
 pr 1
 vp 13
 vi 2804 6905 8147 9625 10794 10883 10985 10989 10995 11084 \
	11087 11183 11194 11296 11384 11392 11396 11494 11588 11592 11597 \
	11685 11692 11695 11791 11794 12183 12384 12389 12479 12578 12583 \
	12678 12779 12870 12874 12879 12972 12976 13290 32262 36031 46352 \
	56793 56971 57031 57091 57263 57282 57398 57478 57590 57621 57712 \
	57714 57743 57824 58074 58150 58541 58548 58565 58752 68835 69308 \
	92068 128218 
MI
 ds Confederation Faery Expedition
CO
 li use 751 6233
 ar 6233 0 0 0 0 0 0 751
 cs 2
 wa 3
 st 1
 us 751
 ue 5
 de 5
 pr 3

8520 char 0
na Spooky Guy
il	1 4464 \
	54 1 \
	64463 1 \
	67119 1
tl	2 95 983 7 0 0 0 0
LI
 wh 134223
CH
 lo 51812
 he 100
 lk 2
 lr 1
 sl	720 2 21 0 0 \
	721 2 14 10 0 \
	722 2 14 15 0 \
	723 2 14 6 0 \
	610 2 21 0 0 \
	615 2 21 3 0 \
	820 2 35 0 0 \
	824 2 21 5 0 \
	821 2 21 0 0 \
	822 2 21 0 0 \
	826 2 21 0 0 \
	832 2 21 0 0 \
	825 2 21 3 0 \
	828 2 21 0 0 \
	829 2 21 2 0 \
	833 2 21 0 0 \
	880 2 42 0 0 \
	881 2 14 1 0 \
	823 2 21 8 0 \
	882 2 14 0 0 \
	883 2 14 0 0 \
	887 2 21 1 0 \
	827 2 21 4 0 \
	893 2 21 0 0 \
	831 2 28 0 0 \
	889 2 21 1 0 \
	891 2 21 0 0 \
	894 2 21 0 0 \
	920 2 0 0 0 \
	921 2 28 4 0 \
	922 2 28 11 0 \
	886 2 14 0 0 \
	888 2 21 0 0 \
	800 2 28 0 0 \
	802 2 14 7 0 \
	803 2 14 1 0 \
	805 2 14 0 0 \
	801 2 14 1 0 \
	809 2 21 0 0 \
	806 2 21 5 0 \
	807 2 21 0 0 \
	812 2 21 0 0 \
	813 2 21 1 0 \
	630 2 28 0 0 \
	636 1 7 0 0 \
	641 2 28 1 0 \
	840 2 35 0 0 \
	841 2 21 16 0 \
	611 2 28 0 0 \
	637 0 0 0 0 \
	639 2 21 0 0 \
	846 0 0 0 0 \
	842 0 0 0 0 \
	847 0 0 0 0
 bh 9
 bp 50
 at 80
 df 80
 mi 50
CM
 im 1
 ma 19
 ca 60
 hs 1
 kw 1
 ar 67119
MI
 ds Confederation Faery Expedition
CO
 li research 840
 ar 840 0 0 0 0 0 0 0
 cs 2
 wa 4
 st 1
 ue 2
 de 3
 pr 3

7438 char 0
na Friday
il	1 1981 \
	54 3 \
	69 1
tl	2 95 91 7 0 0 0 0
LI
 wh 40489
CH
 lo 51812
 he 100
 lk 2
 lr 2
 sl	610 2 21 14 0 \
	630 2 28 0 0 \
	634 2 14 20 0 \
	635 2 28 0 0 \
	636 2 14 0 0 \
	641 2 28 5 0 \
	631 2 14 1 0 \
	616 2 14 8 0 \
	614 2 14 8 0 \
	632 2 14 2 0 \
	639 2 21 0 0 \
	611 2 28 0 0 \
	860 2 35 0 0 \
	862 2 14 3 0 \
	861 2 14 0 0 \
	800 2 28 0 0 \
	801 2 14 0 0 \
	802 2 14 0 0 \
	803 2 14 0 0 \
	871 2 21 0 0 \
	863 2 14 0 0 \
	864 2 14 0 0 \
	868 2 21 0 0 \
	865 2 14 0 0 \
	867 2 21 0 0 \
	869 2 14 0 0 \
	866 2 14 0 0 \
	872 2 21 0 0 \
	670 2 28 0 0 \
	671 2 14 0 0 \
	672 2 21 0 0 \
	673 2 14 0 0
 bp 50
 at 131
 df 120
CM
 im 1
 ma 16
 ca 16
 hs 1
CO
 li fly w
 ar 0 0 0 0 0 0 0 0
 wa -1
 st 1
 ue 3
 pr 2

8147 char 0
na Mithril Man
il	1 58400 \
	54 5 \
	64 24 \
	70 30 \
	78588 1
tl	2 82 856 500 0 0 0 0
LI
 wh 45080
 hl 6609 
CH
 lo 51812
 he 100
 lk 3
 lr 61
 sl	610 2 21 27 0 \
	611 2 28 0 0 \
	612 2 28 0 0 \
	616 2 14 15 0 \
	840 2 35 0 0 \
	841 2 21 0 0 \
	613 2 14 0 0
 mo 7796
 bh 5
 bp 50
 at 198
 df 80
CM
 im 1
 ma 2
 ca 2
MI
 ds Confederation Faery Expedition
CO
 li move w
 ar 0 4 42999 0 0 9 45080 0
 cs 2
 wa 4
 st 1
 ue 3
 de 5
 pr 2

6609 char 0
na Elena Lightfoot
il	1 1524 \
	54 42 \
	271 24 \
	282 91
LI
 wh 8147
CH
 lo 51812
 he 100
 lk 2
 lr 1
 sl	610 2 21 29 0 \
	612 2 28 1 0 \
	616 2 14 40 0 \
	617 2 14 27 0 \
	650 2 28 0 0 \
	655 2 14 15 0 \
	656 2 14 13 0 \
	652 2 28 0 0 \
	653 2 28 0 0 \
	614 2 14 1 0 \
	654 2 28 120 0 \
	657 2 21 32 0
 mo 7796
 at 111
 df 83
MI
 ds Confederation Faery Expedition
CO
 li breed 282 282
 ar 282 282 0 0 0 0 0 0
 wa 7
 st 1
 ue 3
 pr 3

6233 char 0
na Garrison 2
il	1 633 \
	12 10 \
	52 1
LI
 wh 37389
 hl 4630 5949 
CH
 lo 51812
 he 100
 lk 3
 lr 60
 sl	610 2 21 29 0 \
	611 2 28 0 0 \
	616 2 14 0 0 \
	612 2 28 0 0 \
	615 1 14 0 0
 mo 7796
 bh 9
 bp 50
 at 80
 df 80
MI
 ds Confederation Faery Expedition
CO
 li move n
 ar 0 1 44759 0 0 7 37389 0
 cs 2
 wa 2
 st 1
 de 5
 pr 2

4630 char 0
na Garrison 1
il	1 460
LI
 wh 6233
CH
 lo 51812
 he 100
 lk 3
 lr 65
 sl	610 2 21 26 0 \
	611 2 28 0 0 \
	616 2 14 8 0 \
	612 2 28 0 0 \
	614 2 14 0 0
 mo 7796
 bh 9
 bp 50
 at 135
 df 80
MI
 ds Confederation Faery Expedition
CO
 li use 616
 ar 616 0 0 0 0 0 0 0
 wa -1
 st 1
 ue 2
 po 1
 pr 3

5949 char 0
na Llana Bushstriker
il	1 274 \
	51 2 \
	54 35 \
	271 26 \
	282 73
tl	2 66042 863 100 0 0 0 0 \
	1 66042 34 27 0 0 0 0
LI
 wh 6233
CH
 lo 51812
 he 100
 lk 3
 lr 83
 sl	610 2 21 4 0 \
	650 2 28 0 0 \
	654 2 28 88 0 \
	652 2 28 0 0 \
	653 2 28 0 0 \
	656 2 14 3 0 \
	655 2 14 5 0 \
	611 2 28 0 0
 mo 7796
 bp 50
 at 80
 df 80
CM
 vp 12
MI
 ds Confederation Faery Expedition
CO
 li breed 282 282
 ar 282 282 0 0 0 0 0 0
 wa 7
 st 1
 ue 1
 pr 3

60990 char 0
na Lizard Man IV
il	1 5260 \
	54 6 \
	282 60
LI
 wh 4075
 hl 60810 62422 
CH
 lo 51812
 he 100
 lk 2
 lr 1
 sl	610 2 21 0 0 \
	611 2 28 0 0 \
	612 2 28 0 0 \
	650 2 28 0 0 \
	654 2 28 23 0
 bh 5
 bp 50
 at 80
 df 80
CO
 li breed 282 282
 ar 282 282 0 0 0 0 0 0
 cs 2
 wa 5
 st 1
 de 1
 pr 3

60810 char 0
na Lizard Man III
il	1 657 \
	52 1 \
	282 27
LI
 wh 60990
CH
 lo 51812
 pl 100
 he 100
 lk 3
 lr 80
 sl	610 2 21 0 0 \
	612 1 14 0 0 \
	611 2 28 0 0 \
	650 2 28 0 0 \
	654 2 28 9 0
 bh 5
 bp 50
 at 80
 df 80
CO
 li breed 282 282
 ar 282 282 0 0 0 0 0 0
 wa 7
 st 1
 pr 3

62422 char 0
na Lizard Man II
il	1 993 \
	52 2 \
	282 28
LI
 wh 60990
CH
 lo 51812
 pl 100
 he 100
 lk 3
 lr 79
 sl	610 2 21 0 0 \
	612 2 28 0 0 \
	611 2 28 0 0 \
	650 2 28 0 0 \
	654 2 28 11 0
 bh 5
 bp 50
 at 80
 df 80
MI
 di 4
CO
 li breed 282 282
 ar 282 282 0 0 0 0 0 0
 cs 2
 wa 5
 st 1
 de 1
 pr 3

