51835 player pl_regular
na United Terrorist
il	1 4250
ad 51665 
CH
PL
 fn Albert Lennon
 em g2watch@pbm.com
 pw quitxxx
 np 38
 ft 39
 lt 104
 kn 610 617 650 680 690 700 800 860 880 900 \
	13238 13239 13240 13241 13242 13243 13244 13245 13246 13247 13248 \
	13249 13250 13338 13341 13342 13343 13344 13345 13346 13347 13348 \
	13350 13351 13438 13440 13441 13448 13451 13539 13540 13548 13549 \
	13550 13551 13552 13553 13554 13555 13637 13638 13639 13640 13641 \
	13642 13643 13644 13645 13646 13647 13648 13649 13650 13651 13736 \
	13737 13738 13739 13740 13741 13742 13750 13751 13836 13837 13838 \
	13839 13840 13841 13842 13843 13844 13845 13846 13847 13848 13849 \
	13850 13851 13940 13948 13949 13950 13951 56896 57081 57625 57679 \
	58374 58599 58707 61501 62573 
 uf 75787 72749 62371 61189 77666 
 am 51835 0 51665 
 am 62573 0 51665 
CO
 li admit d573 gk5
 ar 0 0 0 0 0 0 0 0
 st 1

