51853 player pl_regular
na Land of the Sith
il	1 100
CH
PL
 fn David E Constantino
 em dec671@comcast.net
 pw Goosey
 np 1
 ft 93
 sb 48000
 so 1
 lt 260
 kn 69 600 601 602 603 610 611 612 613 614 \
	615 616 617 630 631 632 633 635 639 641 650 \
	651 652 653 654 655 656 661 680 681 682 700 \
	701 702 703 720 721 722 723 730 731 732 733 \
	750 751 752 753 754 755 756 800 801 802 803 \
	804 805 806 807 808 809 812 813 820 821 822 \
	823 824 825 826 827 828 829 831 832 833 880 \
	884 885 886 887 888 889 891 892 893 894 900 \
	901 902 903 904 905 906 907 908 909 911 3157 \
	5252 7307 13052 13053 13054 13055 13056 13057 13058 13147 13148 \
	13149 13150 13154 13155 13156 13157 13158 13245 13246 13247 13248 \
	13249 13250 13251 13252 13253 13254 13255 13256 13257 13258 13338 \
	13339 13340 13341 13342 13343 13344 13345 13346 13347 13348 13349 \
	13350 13351 13352 13353 13358 13438 13445 13446 13447 13448 13449 \
	13450 13451 13452 13453 13454 13455 13458 13538 13545 13548 13549 \
	13550 13551 13552 13553 13554 13555 13556 13557 13558 13638 13645 \
	13647 13648 13649 13650 13651 13652 13653 13654 13655 13657 13738 \
	13745 13748 13749 13750 13751 13754 13755 13838 13839 13840 13841 \
	13845 13848 13849 13850 13851 13852 13854 13855 13856 13857 13858 \
	13859 13941 13942 13943 13944 13945 13946 13947 13948 13949 13950 \
	13951 13952 13953 13954 13955 13956 13957 13958 13959 14046 14047 \
	14048 14049 14050 14051 14052 14053 14054 14055 14057 14146 14147 \
	14148 14149 14150 14151 14152 14153 14154 14155 14156 14157 14246 \
	14248 14249 14250 14251 14252 14253 14254 14255 14346 14348 14349 \
	14350 14351 14352 14353 14354 14355 14446 14448 14449 14451 14452 \
	14453 14454 14455 14546 14547 14548 14549 14551 14552 14553 14554 \
	14555 14645 14646 14647 14648 14649 14650 14651 14652 14653 14654 \
	14655 14656 14657 14745 14746 14747 14748 14749 14750 14751 14752 \
	14753 14755 14757 14839 14840 14841 14842 14843 14844 14845 14846 \
	14847 14848 14849 14850 14851 14852 14853 14854 14855 14856 14857 \
	14858 14859 14860 14861 14862 14863 14864 14865 14866 14867 14868 \
	14869 14870 14871 14939 14941 14942 14943 14944 14945 14947 14948 \
	14949 14950 14951 14952 14953 14954 14955 14956 14957 14958 14971 \
	15039 15047 15048 15050 15051 15053 15055 15056 15057 15058 15071 \
	15139 15146 15147 15148 15150 15151 15153 15155 15156 15157 15158 \
	15159 15160 15161 15162 15171 15239 15246 15247 15248 15249 15250 \
	15251 15253 15255 15256 15257 15262 15339 15348 15350 15351 15353 \
	15355 15356 15357 15362 15439 15448 15450 15451 15453 15455 15456 \
	15457 15462 15539 15548 15550 15551 15553 15555 15556 15557 15562 \
	15639 15648 15650 15651 15652 15653 15654 15655 15656 15657 15658 \
	15659 15660 15661 15662 15748 15749 15750 15751 15752 15755 15756 \
	15757 15758 15759 15760 15761 15762 15854 15855 15856 15857 15858 \
	15859 15860 15861 15862 15954 15955 15956 15957 15958 15959 15961 \
	15962 16055 16061 16062 16063 16064 16065 16066 16067 16068 16069 \
	16070 16155 16161 16169 16170 16255 16261 16269 16270 16355 16356 \
	16357 16361 16363 16364 16365 16366 16367 16368 16369 16370 16371 \
	16372 16455 16457 16461 16463 16468 16470 16471 16472 16473 16555 \
	16557 16561 16563 16568 16569 16570 16572 16573 16655 16657 16661 \
	16662 16663 16670 16755 16756 16757 16758 16759 16760 16761 16762 \
	16763 16764 16765 16766 16767 16768 16769 16770 16857 16957 21159 \
	22175 31845 31997 38296 38924 41867 46318 46867 49979 57081 57154 \
	57266 57422 57496 57625 57646 57679 57704 57842 58318 58325 58374 \
	58635 58707 58738 58758 60100 61371 62112 62349 63012 63144 63252 \
	63311 63454 63575 63615 63878 64209 65775 65904 66105 66128 66218 \
	66736 66938 67006 67062 67340 67955 67960 68063 68213 68772 68931 \
	69180 69239 69344 69668 70304 71280 71453 71897 71948 72873 72999 \
	73056 73662 74717 75220 76392 76580 77022 77667 78114 78337 78795 \
	90614 93272 
 un 76602 98911 120403 76136 74672 77103 73509 74370 139085 \
	64361 69773 133530 61248 134302 
 uf 80950 115470 134978 147991 149302 
 am 7307 0 110806 
 am 73509 0 50333 50535 50797 50837 51323 53249 53513 \
	53627 54172 54295 54404 54587 54597 54935 54948 55115 55263 55275 \
	55705 56223 56746 56297 56309 56363 56455 
 am 76602 0 50333 50535 50797 50837 51323 53249 53513 \
	53627 54172 54295 54404 54587 54597 54935 54948 55115 55263 55275 \
	55705 56223 56746 56297 56309 56363 56455 
CO
 li accept 0 0
 ar 0 0 0 0 0 0 0 0
 st 1

76602 char 0
na Anakin
il	1 1328 \
	54 4 \
	63 3
tl	2 94 83 4 0 0 0 0 \
	2 95 36 7 0 0 0 0
an 2655 3282 4126 6389 70237 71999 
ah 50762 
LI
 wh 15171
CH
 lo 51853
 he 100
 lk 2
 lr 2
 sl	900 2 42 0 0 \
	903 2 21 0 0 \
	902 2 21 1 0 \
	610 2 21 5 0 \
	906 2 21 1 0 \
	904 2 21 0 0 \
	909 2 21 0 0 \
	908 2 28 1 0 \
	907 2 21 0 0 \
	911 2 21 1 0 \
	905 2 21 1 0 \
	820 2 35 0 0 \
	612 2 28 1 0 \
	833 2 21 0 0 \
	829 2 21 0 0 \
	821 2 21 0 0 \
	822 2 21 0 0 \
	800 2 28 0 0 \
	801 2 14 1 0 \
	802 2 14 10 0 \
	803 2 14 0 0 \
	805 2 14 0 0 \
	808 2 21 0 0 \
	823 2 21 0 0 \
	824 2 21 0 0 \
	813 2 21 2 0 \
	901 2 28 0 0 \
	804 2 21 0 0 \
	880 2 42 0 0 \
	630 2 28 0 0 \
	639 1 0 0 0 \
	825 2 21 0 0 \
	826 2 21 0 0 \
	827 2 21 0 0 \
	831 2 28 0 0 \
	641 2 28 2 0 \
	832 2 21 0 0 \
	828 1 0 0 0 \
	807 1 0 0 0 \
	812 1 0 0 0 \
	806 2 21 0 0 \
	611 1 0 0 0 \
	809 1 0 0 0 \
	884 1 0 0 0 \
	894 1 0 0 0 \
	885 2 14 0 0 \
	886 1 0 0 0 \
	893 1 0 0 0 \
	888 1 0 0 0 \
	892 1 0 0 0 \
	891 1 0 0 0 \
	887 1 0 0 0 \
	889 1 0 0 0
 ra 70
 at 80
 df 80
CM
 im 1
 ma 34
 ca 34
 rb 1
 hs 1
 kw 1
 vp 6
 pl 59072
MI
 ds Dark Lord of the Sith
CO
 li fly s
 ar 0 0 0 0 0 0 0 0
 wa -1
 st 1
 ue 2
 pr 2

98911 char 0
na Exar Kun
il	1 1302 \
	10 44 \
	12 86
tl	2 95 9856 7 0 0 0 0
LI
 wh 6032
CH
 lo 51853
 he 100
 lk 2
 lr 1
 sl	610 2 21 6 0 \
	612 2 28 1 0 \
	650 2 28 0 0 \
	652 2 28 0 0 \
	653 1 14 0 0 \
	654 2 28 0 0
 bh 5
 at 80
 df 30
 dt 230 24 6894
CO
 li train 12
 ar 12 0 0 16 0 0 0 0
 cs 2
 wa -1
 st 1
 ue 1
 de 16
 po 1
 pr 3

120403 char 0
na Ackbar
il	1 42 \
	12 4 \
	54 4
LI
 wh 16170
CH
 lo 51853
 he 100
 lk 3
 lr 87
 sl	610 2 21 3 0 \
	612 2 28 1 0 \
	616 2 14 1 0
 bh 5
 at 87
 df 30
 dt 230 24 6894
CO
 li garrison 7307
 ar 7307 0 0 0 0 0 0 0
 wa 1
 ue 1
 pr 3

76136 char 0
na Tol Sivron
il	1 2517 \
	10 27 \
	12 11 \
	69 1 \
	94 32 \
	90614 1
tl	2 95 10 6 0 0 0 0 \
	2 87 542 2 0 0 0 0 \
	2 94 1000 6 0 0 0 0
LI
 wh 16270
CH
 lo 51853
 he 100
 lk 2
 lr 1
 sl	610 2 21 21 0 \
	600 2 21 0 0 \
	601 2 14 25 0 \
	602 2 14 0 0 \
	603 2 14 8 0 \
	616 2 14 2 0 \
	615 2 21 1 0 \
	611 2 28 0 0 \
	617 2 14 0 0
 mo 7791
 bh 5
 bp 50
 at 95
 df 80
 mi 54
MI
 ds Greyfell Lord
CO
 li move dc69
 ar 16269 4 16269 0 0 11 16270 0
 cs 2
 wa 1
 st 1
 ue 1
 de 10
 pr 2

74672 char 0
na Mara Jade
il	1 1 \
	11 1 \
	75 72 \
	77 126
tl	2 94 100 7 0 0 0 0
LI
 wh 16369
CH
 lo 51853
 he 100
 lk 2
 lr 1
 sl	610 2 21 13 0 \
	613 2 14 5 0 \
	617 2 14 49 0 \
	700 2 21 0 0 \
	703 2 14 3 0 \
	702 2 14 40 0 \
	615 2 21 4 0 \
	701 2 14 0 0 \
	612 2 28 0 0
 bh 1
 bp 50
 at 80
 df 30
 mi 75
 dt 231 1 6901
MI
 ds Leather Clad Vixen
CO
 li make 75
 ar 75 0 0 52 0 0 0 0
 cs 2
 wa -1
 st 1
 ue 1
 de 52
 po 1
 pr 3

77103 char 0
na Talon Karde
il	1 702 \
	54 13 \
	74 30 \
	75 30 \
	85 102
LI
 wh 16369
CH
 lo 51853
 he 100
 lk 2
 lr 1
 sl	610 2 21 16 0 \
	730 2 21 0 0 \
	731 2 14 0 0 \
	732 2 14 3 0 \
	733 2 14 2 0 \
	611 2 28 0 0 \
	612 2 28 1 0 \
	616 2 14 1 0
 at 83
 df 80
MI
 ds Greyfell Lord
CO
 li use 732
 ar 0 0 0 0 0 0 0 732
 wa 21
 us 732
 ue 1
 pr 3

73509 char 0
na Obsidian
il	1 881 \
	12 143 \
	16 47 \
	18 214 \
	20 50
tl	2 95 85 7 0 0 0 0
LI
 wh 7307
CH
 lo 51853
 he 100
 lk 2
 lr 1
 sl	610 2 21 14 0 \
	680 2 21 3 0 \
	682 2 14 6 0 \
	612 2 28 1 0 \
	681 2 14 0 0 \
	616 2 14 17 0 \
	630 2 28 0 0 \
	641 2 28 0 0 \
	611 2 28 0 0 \
	614 2 14 3 0
 bh 4
 ra 20
 at 137
 df 65
 dt 230 24 6894
MI
 ds Greyfell Lord
CO
 li train 16
 ar 16 0 0 0 0 0 0 0
 wa -1
 ue 1
 po 1
 pr 3

74370 char 0
na Kyp Durron
il	1 2467 \
	271 33 \
	282 10 \
	295 1
tl	2 94 40 4 0 0 0 0 \
	1 52 2 100 0 0 0 0 \
	2 95 912 6 0 0 0 0
LI
 wh 7307
CH
 lo 51853
 he 100
 lk 2
 lr 1
 sl	650 2 28 0 0 \
	652 2 28 0 0 \
	653 2 28 0 0 \
	654 2 28 84 0 \
	651 2 21 4 0 \
	661 2 21 4 0 \
	610 2 21 1 0 \
	612 2 28 1 0 \
	656 2 14 1 0 \
	655 2 14 3 0
 bh 5
 at 80
 df 30
 dt 230 24 6894
MI
 ds Greyfell Lord
CO
 li breed 282 282
 ar 282 282 0 0 0 0 0 0
 wa 7
 st 1
 ue 1
 pr 3

139085 char 0
na Kirana Ti
il	1 1 \
	11 40 \
	78 70
LI
 wh 7307
CH
 lo 51853
 he 100
 lk 2
 lr 1
 sl	610 2 21 0 0 \
	612 2 28 1 0 \
	611 2 28 0 0 \
	680 2 21 0 0 \
	682 2 14 13 0
 bh 5
 at 80
 df 80
CO
 li improve
 ar 0 0 0 0 0 0 0 0
 wa -1
 ue 3
 po 1
 pr 3

64361 char 0
na Tullarc
il	1 347 \
	11 11 \
	12 20 \
	54 3 \
	74 3 \
	77 40 \
	98 10
tl	2 94 100 7 0 0 0 0 \
	2 95 71 7 0 0 0 0
LI
 wh 68931
 hl 92972 
CH
 lo 51853
 he 100
 lk 2
 lr 1
 sl	720 2 21 0 0 \
	721 2 14 26 0 \
	722 2 14 29 0 \
	610 2 21 5 0 \
	611 2 28 0 0 \
	612 2 28 1 0 \
	613 2 14 0 0 \
	617 2 14 4 0 \
	723 2 14 0 0
 bh 5
 at 80
 df 80
MI
 ds Greyfell Lord
CO
 li use 723
 ar 0 0 0 0 0 0 0 723
 cs 2
 wa 6
 st 1
 us 723
 ue 1
 de 1
 pr 3

69773 char 0
na Jarus C'Boath
il	1 262 \
	10 50 \
	54 1 \
	94 10
tl	2 94 9773 4 0 0 0 0
LI
 wh 1355
CH
 lo 51853
 he 100
 lk 2
 lr 1
 sl	750 2 35 0 0 \
	751 2 28 1 0 \
	752 2 28 0 0 \
	755 2 28 0 0 \
	753 2 21 1 0 \
	754 2 28 0 0 \
	756 2 28 4 0 \
	610 2 21 0 0
 bh 1
 bp 50
 at 80
 df 30
 dt 230 24 6894
CM
 vp 1
 vi 74961 
MI
 ds Greyfell Lord
CO
 li make 94
 ar 94 0 0 20 0 0 0 0
 st 1
 ue 1
 de 20
 po 1
 pr 3

133530 char 0
na Jacen
LI
 wh 16372
CH
 lo 51853
 he 100
 lk 2
 lr 1
 sl	610 2 21 15 0 \
	614 2 14 5 0 \
	612 2 28 1 0 \
	613 2 14 0 0 \
	611 2 28 0 0
 bh 5
 at 80
 df 54
 dt 230 17 6887
MI
 ds Greyfell Lord
CO
 li give garrison 12
 ar 3729 12 0 0 0 0 0 0
 st 1
 ue 1
 pr 1

61248 char 0
na Boosk
il	54 4
LI
 wh 16569
CH
 lo 51853
 he 100
 lk 2
 lr 1
 sl	630 2 28 0 0 \
	610 2 21 3 0 \
	635 2 28 0 0 \
	641 2 28 1 0 \
	631 2 14 8 0 \
	611 2 28 0 0 \
	612 2 28 1 0 \
	632 2 14 0 0 \
	633 2 14 0 0
 bh 5
 at 80
 df 80
CM
 hs 1
MI
 ds Greyfell Lord
CO
 li garrison 7307
 ar 7307 0 0 0 0 0 0 0
 wa 1
 ue 1
 pr 3

134302 char 0
na Crix Madine
il	1 13 \
	10 6 \
	12 4
LI
 wh 16572
CH
 lo 51853
 he 100
 lk 3
 lr 87
 sl	610 2 21 6 0
 bh 5
 bp 50
 at 80
 df 30
 dt 230 24 6894
CO
 li train 12
 ar 12 0 0 4 0 0 0 0
 cs 2
 wa -1
 st 1
 de 4
 po 1
 pr 3

