51896 player pl_regular
na Greater Itor
il	1 4025 \
	77 50 \
	78 100
CH
PL
 fn Geno Arindaeng
 em krussos_sw@yahoo.com
 pw Dennter
 np 2
 fs 41
 ft 128
 so 1
 lt 260
 kn 69 610 611 612 613 614 615 616 617 630 \
	631 632 633 634 636 637 639 641 650 651 652 \
	653 654 655 656 657 658 659 661 670 671 672 \
	673 674 675 676 680 681 682 690 691 692 693 \
	694 695 696 697 700 701 702 703 704 705 706 \
	720 721 722 723 730 731 732 733 750 751 752 \
	753 754 755 756 800 801 802 803 804 805 806 \
	807 808 809 811 812 813 814 820 821 822 823 \
	824 825 826 827 828 829 831 832 833 840 841 \
	842 843 844 845 846 847 848 849 851 852 860 \
	861 862 863 864 865 866 867 868 869 871 872 \
	880 881 882 883 884 885 886 887 888 889 891 \
	892 893 894 900 901 902 903 904 905 906 907 \
	908 909 911 920 921 922 2756 3215 3969 5677 8865 \
	9166 11750 11850 11950 11958 11959 11960 11961 11965 12049 12050 \
	12051 12052 12053 12054 12055 12056 12057 12058 12065 12075 12147 \
	12148 12149 12150 12155 12163 12164 12165 12245 12247 12248 12249 \
	12250 12251 12255 12263 12293 12344 12345 12346 12347 12348 12349 \
	12350 12351 12355 12363 12384 12385 12386 12387 12388 12389 12391 \
	12392 12393 12444 12446 12447 12448 12449 12450 12452 12453 12454 \
	12455 12463 12489 12491 12543 12544 12545 12546 12547 12548 12549 \
	12550 12551 12552 12563 12589 12591 12642 12643 12644 12645 12646 \
	12647 12648 12649 12650 12651 12652 12653 12654 12655 12656 12657 \
	12658 12659 12660 12661 12662 12663 12689 12690 12691 12742 12743 \
	12744 12745 12746 12747 12748 12749 12750 12751 12752 12753 12754 \
	12755 12756 12757 12758 12790 12791 12842 12843 12844 12845 12846 \
	12847 12848 12849 12850 12851 12943 12944 12945 12946 12947 12948 \
	12949 12951 13051 13151 13251 13351 14596 20449 21178 21600 22019 \
	22495 22548 23909 23971 24162 24312 24449 24477 24634 24793 25201 \
	25931 25967 26399 27249 27525 27575 28378 29344 29352 29432 29545 \
	30760 30814 31146 31618 32703 33304 33345 33734 33986 34156 34324 \
	34715 34953 35207 35263 35723 35987 36350 36709 37011 37345 37550 \
	37727 38149 38360 38961 39469 39522 40087 40260 41214 41243 41644 \
	41773 41856 42465 42979 43130 43419 44665 44957 45063 45311 46142 \
	46335 47216 47700 47899 48093 48672 48747 48882 49120 49376 49408 \
	49687 49793 56793 57028 57531 57685 57775 57865 57944 58293 58364 \
	58644 58744 58752 59069 59777 60797 60838 60910 61913 62610 63399 \
	63670 64505 64531 64980 65089 65785 67111 68430 68553 69270 69368 \
	70274 70724 70970 71844 72044 72236 72678 72992 73078 74102 75690 \
	75707 75862 76234 76379 77138 77302 77460 77517 77919 78307 78310 \
	78426 78856 78979 82171 84425 85696 119809 
 un 129726 148834 141342 125377 93748 117325 88438 110574 108717 \
	140775 136845 124664 
 uf 124539 93842 130978 127426 144902 
CO
 li accept t943 0    
 ar 74943 0 0 0 0 0 0 0
 st 1

129726 char 0
na Shannon Leahy
il	1 2855 \
	54 2
LI
 wh 58752
CH
 lo 51896
 he 100
 lk 1
 lr 200
 sl	610 2 21 0 0 \
	630 2 28 0 0 \
	617 2 14 26 0 \
	616 2 14 25 0 \
	611 2 28 0 0 \
	612 2 28 1 0 \
	641 2 28 1 0 \
	680 2 21 2 0 \
	650 1 2 0 0
 at 193
 df 80
CM
 hs 1
CO
 li study 650
 ar 650 0 0 0 0 0 0 0
 cs 2
 wa 5
 st 1
 ue 4
 de 2
 po 1
 pr 3

148834 char 0
na Tracy John
il	1 5254 \
	72 120 \
	98 8
LI
 wh 12548
CH
 lo 51896
 he 100
 lk 2
 lr 2
 sl	610 2 21 0 0 \
	612 2 28 1 0 \
	611 2 28 0 0 \
	615 2 21 61 0 \
	616 2 14 0 0 \
	617 2 14 23 0 \
	613 2 14 0 0 \
	614 2 14 0 0 \
	630 2 28 0 0 \
	680 2 21 1 0 \
	633 2 14 0 0 \
	632 2 14 0 0 \
	634 2 14 0 0 \
	682 2 14 0 0 \
	631 2 14 0 0 \
	700 2 21 0 0 \
	730 2 21 0 0 \
	670 2 28 0 0 \
	690 2 28 0 0 \
	639 2 21 0 0 \
	636 2 14 0 0 \
	720 2 21 0 0 \
	641 2 28 1 0 \
	637 2 21 0 0 \
	722 2 14 9 0 \
	721 2 14 10 0 \
	696 2 14 0 0 \
	697 2 28 0 0 \
	694 2 21 0 0 \
	695 2 21 1 0 \
	676 2 14 0 0 \
	675 2 21 0 0 \
	706 2 14 0 0 \
	723 2 14 0 0 \
	691 2 21 0 0 \
	693 2 21 0 0 \
	702 2 14 56 0 \
	671 2 14 0 0 \
	673 2 14 0 0 \
	674 2 21 0 0 \
	703 2 14 53 0 \
	704 2 14 0 0 \
	705 2 14 0 0 \
	672 2 21 0 0 \
	692 2 21 0 0 \
	731 2 14 0 0 \
	732 2 14 0 0 \
	733 2 14 0 0 \
	701 2 14 0 0
 at 80
 df 80
 mi 606
CM
 hs 1
 vp 2
 pl 1763
CO
 li use 615
 ar 615 0 0 0 0 0 0 0
 wa -1
 st 1
 ue 5
 po 1
 pr 3

141342 char 0
na Step Wood
il	1 5318 \
	12 1 \
	98 7
LI
 wh 12549
CH
 lo 51896
 he 100
 lk 1
 lr 350
 sl	610 2 21 51 0 \
	612 2 28 1 0 \
	720 2 21 0 0 \
	680 2 21 7 0 \
	721 2 14 65 0 \
	682 2 14 14 0 \
	611 2 28 0 0 \
	722 2 14 58 0 \
	723 2 14 27 0
 at 80
 df 80
CO
 li give garrison 12 1
 ar 5759 12 1 0 0 0 0 0
 st 1
 ue 5
 pr 1

125377 char 0
na Theopolis
il	1 18 \
	51 1
LI
 wh 12647
CH
 lo 51896
 he 100
 lk 1
 lr 200
 sl	650 2 28 0 0 \
	655 2 14 77 0 \
	656 2 14 1 0 \
	661 2 21 0 0 \
	657 2 21 97 0 \
	658 2 21 0 0 \
	610 2 21 0 0 \
	611 2 28 0 0 \
	654 2 28 9 0 \
	659 2 21 0 0 \
	630 2 28 0 0 \
	651 2 21 0 0
 bp 50
 at 80
 df 80
CO
 li make 53
 ar 53 0 0 0 0 0 0 0
 cs 2
 wa 1
 st 1
 ue 5
 de 5
 pr 3

93748 char 0
na Alex Wood
il	1 70 \
	10 89 \
	12 144 \
	13 53 \
	15 95 \
	17 52 \
	21 30 \
	22 25 \
	61 9 \
	72 145 \
	73 287 \
	74 312 \
	77 305 \
	78 240 \
	85 360 \
	98 40 \
	285 19 \
	287 1
LI
 wh 8865
CH
 lo 51896
 he 100
 lk 1
 lr 350
 sl	610 2 21 0 0 \
	612 2 28 1 0 \
	680 2 21 1 0 \
	682 2 14 1 0 \
	611 2 28 0 0 \
	650 2 28 0 0 \
	654 2 28 108 0 \
	653 2 28 0 0
 ra 70
 at 80
 df 80
CM
 vp 7
 pl 1763
CO
 li breed 285 285
 ar 285 285 0 0 0 0 0 0
 cs 2
 wa 5
 st 1
 ue 1
 de 8
 pr 3

117325 char 0
na Little John
il	1 2211 \
	98 1
LI
 wh 82171
CH
 lo 51896
 he 100
 lk 1
 lr 350
 sl	610 2 21 41 0 \
	612 2 28 1 0 \
	611 2 28 0 0 \
	617 2 14 50 0 \
	680 2 21 2 0 \
	682 2 14 2 0 \
	681 1 7 0 0 \
	750 2 35 25 0 \
	751 2 28 3 0 \
	753 2 21 4 0 \
	754 2 28 0 0 \
	756 2 28 47 0 \
	752 2 28 0 0 \
	755 2 28 0 0 \
	616 2 14 4 0 \
	615 2 21 28 0 \
	630 2 28 0 0 \
	641 2 28 1 0
 at 80
 df 80
 mi 210
CM
 hs 1
 vp 14
 pl 4227
 vi 78979 
MI
 ds If you can read this you WILL be found
CO
 li use 615
 ar 615 0 0 0 0 0 0 0
 wa -1
 st 1
 ue 4
 po 1
 pr 3

88438 char 0
na Steve
il	1 618 \
	281 2
LI
 wh 12649
CH
 lo 51896
 he 100
 lk 1
 lr 300
 sl	610 2 21 2 0 \
	630 2 28 0 0 \
	611 2 28 0 0 \
	612 2 28 1 0 \
	616 2 14 0 0 \
	617 2 14 5 0 \
	615 2 21 2 0 \
	650 2 28 0 0 \
	654 2 28 37 0
 at 80
 df 80
 mi 57
CM
 vp 6
CO
 li breed 281 281
 ar 281 281 0 0 0 0 0 0
 cs 2
 wa 24
 st 1
 ue 1
 de 3
 pr 3

110574 char 0
na Handy
il	1 556 \
	54 5 \
	281 2
LI
 wh 12649
CH
 lo 51896
 he 100
 lk 1
 lr 200
 sl	610 2 21 15 0 \
	630 2 28 0 0 \
	617 2 14 14 0 \
	616 2 14 19 0 \
	611 2 28 0 0 \
	612 2 28 1 0 \
	641 2 28 1 0 \
	615 2 21 7 0 \
	650 2 28 0 0 \
	654 2 28 33 0
 at 80
 df 80
 mi 91
CM
 hs 1
 vp 4
CO
 li breed 281 281
 ar 281 281 0 0 0 0 0 0
 cs 2
 wa 1
 st 1
 ue 2
 de 26
 pr 3

108717 char 0
na Jes Wood
il	1 4105 \
	54 7 \
	282 2 \
	66132 1 \
	120293 1 \
	140185 1
LI
 wh 12649
CH
 lo 51896
 he 100
 lk 1
 lr 350
 sl	610 2 21 1 0 \
	612 2 28 1 0 \
	630 2 28 0 0 \
	700 2 21 0 0 \
	702 2 14 6 0 \
	703 2 14 5 0 \
	611 2 28 0 0 \
	650 2 28 0 0 \
	654 2 28 60 0 \
	652 2 28 0 0 \
	653 2 28 0 0 \
	641 2 28 0 0
 at 80
 df 80
CM
 vp 4
CO
 li breed 282 282
 ar 282 282 0 0 0 0 0 0
 cs 2
 wa 2
 st 1
 ue 1
 de 4
 pr 3

140775 char 0
na Trigador
il	1 13 \
	98 6 \
	281 2
LI
 wh 12649
CH
 lo 51896
 he 100
 lk 1
 lr 300
 sl	610 2 21 4 0 \
	630 2 28 0 0 \
	611 2 28 0 0 \
	612 2 28 1 0 \
	650 2 28 0 0 \
	654 2 28 60 0 \
	641 2 28 1 0
 at 80
 df 80
CM
 hs 1
 vp 4
CO
 li breed 281 281
 ar 281 281 0 0 0 0 0 0
 cs 2
 wa 5
 st 1
 ue 1
 de 22
 pr 3

136845 char 0
na Lindy John
il	1 18017 \
	54 4 \
	63 2 \
	69 1 \
	82 73 \
	83 2 \
	67236 1 \
	68553 1 \
	71844 1 \
	73793 1 \
	76135 1 \
	76571 1 \
	84425 1 \
	96917 1 \
	104056 1 \
	117956 1 \
	118988 1 \
	123099 1 \
	128584 1 \
	130187 1 \
	149577 1
LI
 wh 3215
CH
 lo 51896
 he 100
 lk 1
 lr 200
 sl	610 2 21 0 0 \
	612 2 28 1 0 \
	611 2 28 0 0 \
	616 2 14 4 0 \
	800 2 28 0 0 \
	802 2 14 38 0 \
	900 2 42 0 0 \
	903 2 21 4 0 \
	805 2 14 0 0 \
	804 2 21 0 0 \
	813 2 21 22 0 \
	808 2 21 0 0 \
	803 2 14 0 0 \
	908 2 28 0 0 \
	911 2 21 0 0 \
	909 2 21 0 0 \
	904 2 21 0 0 \
	905 2 21 0 0 \
	906 2 21 0 0 \
	907 2 21 0 0 \
	902 2 21 0 0 \
	840 2 35 0 0 \
	841 2 21 0 0 \
	801 2 14 0 0 \
	852 2 21 0 0 \
	860 2 35 0 0 \
	842 2 14 1 0 \
	843 2 21 0 0 \
	844 2 21 0 0 \
	845 2 21 1 0 \
	847 2 21 0 0 \
	848 2 21 22 0 \
	851 2 21 0 0 \
	864 2 14 0 0 \
	865 2 14 0 0 \
	866 2 14 0 0 \
	867 2 21 0 0 \
	868 2 21 0 0 \
	869 2 14 0 0 \
	871 2 21 0 0 \
	872 2 21 2 0 \
	809 2 21 0 0 \
	811 2 21 0 0 \
	812 2 21 0 0 \
	814 2 21 0 0 \
	820 2 35 0 0 \
	880 2 42 0 0 \
	806 2 21 0 0 \
	807 2 21 0 0 \
	825 2 21 0 0 \
	827 2 21 0 0 \
	828 2 21 0 0 \
	831 2 28 0 0 \
	832 2 21 0 0 \
	833 2 21 0 0 \
	846 2 21 0 0 \
	849 2 21 0 0 \
	863 2 14 1 0 \
	884 2 28 0 0 \
	885 2 14 0 0 \
	886 2 14 0 0 \
	887 2 21 3 0 \
	888 2 21 3 0 \
	889 2 21 0 0 \
	891 2 21 0 0 \
	892 2 21 0 0 \
	893 2 21 0 0 \
	894 2 21 0 0 \
	630 2 28 0 0 \
	641 2 28 1 0 \
	861 2 14 0 0 \
	862 2 14 0 0 \
	881 2 14 1 0 \
	882 2 14 0 0 \
	883 2 14 0 0 \
	901 2 28 0 0 \
	821 2 21 0 0 \
	822 2 21 0 0 \
	826 2 21 0 0 \
	823 2 21 0 0 \
	824 2 21 0 0 \
	829 2 21 0 0 \
	920 2 0 0 0 \
	921 0 0 0 0 \
	922 1 13 0 0
 ra 70
 at 106
 df 80
CM
 im 1
 ma 1
 ca 58
 hs 1
 kw 1
 vp 46
 pl 4029
 ar 76135
CO
 li study 922
 ar 922 0 0 0 0 0 0 0
 cs 2
 wa 1
 st 1
 ue 4
 de 6
 po 1
 pr 3

124664 char 0
na Meehan
il	1 31
LI
 wh 33304
CH
 lo 51896
 he 100
 lk 1
 lr 250
 sl	610 2 21 6 0 \
	630 2 28 0 0 \
	617 2 14 5 0 \
	616 2 14 6 0 \
	611 2 28 0 0 \
	612 2 28 1 0 \
	615 2 21 1 0 \
	641 2 28 1 0
 at 80
 df 80
 mi 50
CM
 hs 1
 pl 1763
CO
 li explore
 ar 0 0 0 0 0 0 0 0
 cs 2
 wa 5
 st 1
 ue 1
 de 2
 pr 3

