51992 player pl_regular
na Tuatha de Fionn
il	1 5480 \
	77 50
ad 1599 3634 3843 3920 5934 6344 50822 51992 52793 \
	54134 54422 54684 55734 59068 67810 69471 72381 77196 77218 78501 
CH
PL
 fn Jorge Ribeiro
 em jrib@ip.pt
 ve tuatha.fionn@iname.com
 pw tfarcyps
 np 16
 fs 7
 ft 73
 lt 155
 kn 69 600 601 602 603 610 611 612 613 614 \
	615 616 617 630 631 632 633 634 635 639 641 \
	650 651 652 653 654 655 656 657 658 659 661 \
	670 671 672 673 674 680 682 700 702 703 704 \
	720 721 722 730 731 732 733 750 800 801 802 \
	803 804 805 806 807 808 809 811 812 813 814 \
	820 821 822 823 825 826 827 828 829 831 832 \
	833 840 841 842 843 844 845 846 847 848 849 \
	851 852 860 861 862 863 864 865 866 867 868 \
	869 871 872 880 2755 5546 8169 10000 10001 10002 10003 \
	10004 10005 10006 10007 10008 10009 10010 10011 10012 10099 10100 \
	10101 10102 10103 10104 10105 10106 10107 10108 10109 10198 10199 \
	10200 10201 10202 10203 10204 10205 10206 10207 10208 10209 10210 \
	10298 10300 10301 10304 10305 10306 10307 10308 10309 10310 10398 \
	10400 10401 10402 10403 10404 10405 10406 10407 10408 10409 10410 \
	10498 10500 10501 10502 10503 10504 10505 10506 10507 10508 10509 \
	10510 10511 10524 10525 10598 10600 10601 10602 10603 10604 10605 \
	10606 10607 10608 10609 10610 10611 10624 10625 10698 10700 10701 \
	10702 10703 10704 10705 10706 10707 10708 10709 10710 10711 10712 \
	10713 10724 10798 10800 10801 10807 10808 10809 10810 10811 10812 \
	10813 10814 10815 10816 10817 10818 10819 10820 10821 10822 10823 \
	10824 10898 10899 10901 10907 10908 10909 10910 10924 11001 11024 \
	11101 11102 11124 11201 11202 11218 11219 11220 11221 11222 11223 \
	11224 11301 11302 11303 11305 11318 11323 11324 11401 11402 11403 \
	11404 11405 11406 11418 11518 11519 11520 11521 11522 11523 14004 \
	14005 14006 14009 14010 14106 14107 14108 14109 14110 14111 14112 \
	14113 14114 14115 14116 14117 14118 14206 14207 14208 14209 14218 \
	14219 14220 14221 14222 14308 14408 14504 14505 14506 14507 14508 \
	56999 57262 57426 57451 57600 57622 57643 57861 57932 58124 58152 \
	58159 58178 58288 59073 59119 61595 62718 63326 65842 66047 66985 \
	67237 68538 68544 69806 71056 71503 71889 71972 72826 73069 73739 \
	74604 74760 77019 77994 78088 
 un 70630 69471 70137 
 uf 63933 77890 72436 92230 83860 
 am 65842 0 50822 51992 52793 54134 54422 54684 55734 \
	1599 3634 3843 3920 5934 67810 69471 78501 72381 77218 77196 \
	6344 
CO
 li accept qn4 0 0
 ar 54294 0 0 0 0 0 0 0
 st 1

70630 char 0
na Ospak Hauksson
il	94 5
tl	2 94 9974 4 0 0 0 0
LI
 wh 10505
CH
 lo 51992
 pl 100
 he 100
 lk 2
 lr 1
 sl	650 2 28 0 0 \
	654 2 28 48 0 \
	655 2 14 3 0 \
	656 2 14 0 0 \
	653 2 28 0 0 \
	652 2 28 0 0 \
	651 2 21 0 0 \
	610 2 21 0 0 \
	612 2 28 1 0 \
	616 2 14 0 0 \
	614 2 14 0 0 \
	617 2 14 0 0 \
	611 2 28 0 0 \
	657 2 21 0 0 \
	661 0 0 0 0 \
	658 2 21 0 0 \
	659 0 0 0 0
 at 80
 df 80
MI
 ds House of Lords
CO
 li give garrison 55 0
 ar 73121 55 0 0 0 0 0 0
 st 1
 ue 1
 pr 1

69471 char 0
na Serk
il	1 1713 \
	54 1 \
	69 1
LI
 wh 11523
CH
 lo 51992
 he 100
 lk 2
 lr 1
 sl	670 2 28 0 0 \
	671 2 14 0 0 \
	610 2 21 0 0 \
	611 2 28 0 0 \
	616 2 14 19 0 \
	612 2 28 1 0 \
	630 2 28 0 0 \
	614 2 14 21 0 \
	631 2 14 1 0 \
	617 2 14 0 0 \
	632 2 14 0 0 \
	633 2 14 2 0 \
	634 2 14 1 0 \
	635 2 28 0 0 \
	672 2 21 0 0 \
	639 2 21 0 0 \
	641 2 28 1 0 \
	673 2 14 0 0 \
	674 2 21 0 0
 at 164
 df 155
CM
 hs 1
CO
 li use 616
 ar 0 0 0 0 0 0 0 616
 st 1
 us 616
 ue 3
 de 6
 pr 3

70137 char 0
na Fionn MacCumhal
tl	2 95 9990 7 0 0 0 0
LI
 wh 36677
CH
 lo 51992
 he 100
 lk 2
 lr 2
 sl	800 2 28 0 0 \
	860 2 35 0 0 \
	840 2 35 0 0 \
	802 2 14 48 0 \
	841 2 21 12 0 \
	814 2 21 0 0 \
	808 2 21 0 0 \
	803 2 14 7 0 \
	807 2 21 0 0 \
	801 2 14 0 0 \
	813 2 21 5 0 \
	804 2 21 0 0 \
	805 2 14 0 0 \
	861 2 14 0 0 \
	862 2 14 0 0 \
	811 2 21 0 0 \
	812 2 21 0 0 \
	809 2 21 0 0 \
	610 2 21 0 0 \
	806 2 21 0 0 \
	867 2 21 0 0 \
	872 2 21 1 0 \
	630 2 28 0 0 \
	869 2 14 0 0 \
	871 2 21 0 0 \
	866 2 14 0 0 \
	844 2 21 0 0 \
	641 2 28 1 0 \
	849 2 21 0 0 \
	845 2 21 0 0 \
	848 2 21 0 0 \
	842 2 14 0 0 \
	852 2 21 0 0 \
	843 2 21 0 0 \
	847 2 21 0 0 \
	851 2 21 0 0 \
	820 2 35 0 0 \
	821 2 21 0 0 \
	822 2 21 0 0 \
	846 2 21 0 0 \
	863 2 14 0 0 \
	864 1 1 0 0 \
	865 1 1 0 0 \
	868 2 21 0 0 \
	825 2 21 0 0 \
	826 2 21 0 0 \
	827 2 21 0 0 \
	828 1 9 0 0 \
	829 1 3 0 0 \
	831 1 1 0 0 \
	832 1 1 0 0 \
	833 1 1 0 0 \
	823 2 21 0 0 \
	880 2 42 0 0
 bh 9
 bp 50
 at 80
 df 30
 dt 224 21 6711
CM
 im 1
 ma 44
 ca 44
 hs 1
 kw 1
MI
 ds House of Lords
CO
 li use 614
 ar 614 0 0 0 0 0 0 0
 wa -1
 us 614
 ue 3
 po 1
 pr 3

