52412 player pl_regular
na The Brothers Grimm
il	1 1105
ad 50615 
CH
PL
 fn Geoff Cook
 em geoffcook@optushome.com.au
 pw breast plate
 np 1
 ft 108
 so 1
 lt 260
 kn 69 600 601 602 603 610 611 612 614 615 \
	616 617 630 631 632 633 635 636 639 641 650 \
	652 653 654 655 657 661 670 671 672 673 674 \
	675 676 680 681 682 690 691 693 694 695 696 \
	697 700 702 703 704 705 706 707 720 721 722 \
	723 730 732 733 750 751 752 800 801 802 803 \
	804 805 806 807 809 811 812 813 814 820 821 \
	822 823 824 825 827 831 840 841 845 849 851 \
	860 861 862 863 864 865 866 867 868 869 871 \
	872 880 881 882 883 884 885 886 887 888 889 \
	891 892 893 894 900 901 902 903 904 905 906 \
	907 908 909 911 920 921 922 1724 2408 2675 2928 \
	4851 5846 5873 6211 6993 7473 7978 8516 9536 9947 13183 \
	13283 13284 13384 13484 13485 13486 13583 13584 13585 13586 13683 \
	13686 13783 13784 13786 13787 13788 13789 13790 13791 13792 13793 \
	13794 13795 13796 13883 13884 13885 13886 13887 13888 13889 13892 \
	13896 13981 13982 13983 13984 13987 13988 13989 13990 13993 13994 \
	13996 14081 14084 14087 14089 14090 14091 14093 14094 14095 14096 \
	14181 14184 14186 14187 14188 14190 14191 14193 14195 14196 14197 \
	14281 14284 14286 14287 14288 14289 14290 14291 14292 14293 14294 \
	14295 14297 14298 14381 14382 14383 14384 14385 14386 14388 14390 \
	14391 14393 14398 14484 14485 14486 14488 14489 14490 14491 14493 \
	14496 14497 14498 14584 14585 14586 14587 14588 14589 14590 14593 \
	14594 14595 14596 14597 14598 14684 14685 14686 14688 14689 14690 \
	14691 14692 14693 14697 14698 14784 14785 14788 14789 14790 14791 \
	14792 14793 14794 14797 14798 14884 14885 14886 14888 14891 14893 \
	14894 14897 14898 14984 14985 14986 14987 14988 14991 14992 14993 \
	14994 14995 14996 14997 14998 15085 15087 15088 15089 15090 15091 \
	15092 15093 15094 15095 15096 15097 15098 15185 15188 15192 15193 \
	15194 15195 15197 15285 15286 15287 15288 15289 15290 15291 15292 \
	15293 15294 15297 15387 15388 15389 15390 15391 15392 15393 15394 \
	15395 15396 15397 15398 15491 15498 15591 15598 15691 15698 15791 \
	15798 15891 15898 15991 15998 16082 16091 16098 16182 16184 16185 \
	16191 16198 16278 16279 16282 16284 16285 16291 16298 16378 16379 \
	16382 16384 16385 16391 16398 16474 16475 16476 16477 16478 16479 \
	16480 16481 16482 16483 16484 16485 16486 16491 16498 16499 16574 \
	16577 16578 16579 16580 16581 16582 16583 16584 16585 16586 16587 \
	16588 16589 16590 16591 16592 16593 16594 16595 16596 16597 16598 \
	16599 16674 16675 16676 16677 16678 16679 16680 16681 16682 16683 \
	16684 16685 16686 16691 16692 16693 16694 16695 16762 16763 16764 \
	16765 16766 16777 16778 16779 16780 16781 16782 16783 16784 16785 \
	16786 16787 16788 16789 16790 16791 16795 16862 16863 16864 16865 \
	16866 16867 16874 16875 16876 16877 16878 16879 16880 16881 16882 \
	16883 16884 16885 16886 16887 16888 16889 16890 16891 16892 16893 \
	16895 16954 16962 16963 16964 16965 16967 16972 16973 16974 16975 \
	16976 16977 16978 16980 16981 16982 16983 16984 16985 16986 16987 \
	16988 16989 16990 16991 16992 16993 16995 17054 17055 17056 17057 \
	17058 17059 17060 17061 17062 17063 17064 17065 17066 17067 17069 \
	17071 17072 17073 17074 17075 17076 17077 17078 17079 17080 17081 \
	17082 17083 17084 17085 17087 17092 17095 17096 17097 17098 17165 \
	17167 17168 17169 17170 17171 17172 17173 17174 17175 17176 17177 \
	17178 17179 17180 17181 17182 17183 17184 17185 17187 17188 17189 \
	17190 17191 17192 17193 17194 17195 17198 17265 17266 17267 17268 \
	17269 17270 17274 17275 17276 17277 17278 17279 17280 17281 17282 \
	17283 17284 17285 17286 17287 17288 17289 17290 17292 17295 17298 \
	17363 17364 17365 17366 17368 17369 17370 17371 17372 17373 17374 \
	17375 17376 17377 17378 17379 17380 17381 17382 17383 17384 17385 \
	17386 17387 17388 17389 17390 17391 17392 17393 17394 17395 17398 \
	17464 17465 17466 17469 17472 17473 17474 17475 17476 17477 17478 \
	17479 17480 17481 17482 17483 17484 17485 17486 17487 17488 17489 \
	17494 17495 17496 17497 17498 17499 17563 17564 17569 17571 17573 \
	17574 17575 17576 17577 17578 17579 17580 17581 17582 17583 17584 \
	17585 17586 17587 17588 17589 17590 17599 17662 17663 17669 17671 \
	17672 17673 17674 17675 17676 17677 17678 17679 17680 17681 17682 \
	17683 17684 17685 17686 17687 17688 17689 17690 17699 17761 17762 \
	17775 17776 17785 17786 17787 17788 17790 17798 17799 17886 17887 \
	17888 17890 17899 17988 17990 17991 17992 17999 18088 18092 18099 \
	18188 18192 18199 18288 18292 18299 18388 18392 18399 18488 18492 \
	18496 18497 18498 18499 18596 18597 18694 18695 18696 18794 18891 \
	18892 18893 18990 18991 19089 19090 19091 19191 19291 19391 19489 \
	19490 19491 19588 19589 19687 19688 19781 19787 19875 19876 19877 \
	19878 19879 19880 19881 19882 19883 19884 19885 19886 19887 20083 \
	21460 21489 22866 23514 25559 25619 25677 28011 28593 29854 30682 \
	34007 34082 34448 35933 37450 37822 38847 39241 39649 39950 40097 \
	40595 40799 41091 41378 41499 41528 41714 42347 43370 43511 43765 \
	44078 44104 45052 45551 45883 47435 47916 56761 56848 56949 56956 \
	57001 57026 57027 57114 57153 57326 57401 57602 57626 57628 57748 \
	57948 57957 58112 58113 58259 58338 58380 58408 58539 58582 58589 \
	58592 58603 58693 58728 59120 59150 60161 60371 61141 61403 61411 \
	62397 62453 62744 62937 63043 63154 63253 63355 63768 63799 64271 \
	64366 64539 64714 64789 64995 65331 65396 65645 65726 66173 66812 \
	66839 67551 67772 67777 68041 68236 68529 68686 69345 69740 69991 \
	70065 70154 70161 70895 71520 72107 72142 72550 72722 72942 73596 \
	73681 73867 74040 74444 75250 75324 75502 76139 76673 76819 77186 \
	77287 77786 77990 78377 78815 81612 83650 94114 103483 105085 107233 \
	108614 108893 113743 115933 119829 122452 125129 127417 129125 131360 138667 \
	142828 143769 144806 147010 148222 
 un 74023 78903 64116 69061 100631 101132 64123 64528 104878 \
	74358 147473 124668 74796 
 uf 128667 125090 110364 145586 124143 
 am 1479 0 50615 
 am 1724 0 50615 
 am 2408 0 50615 
 am 2617 0 50615 
 am 4851 0 50615 
 am 5846 0 50615 
 am 7978 0 50615 
 am 8306 0 50615 
 am 9536 0 50615 
 am 61250 0 50615 
 am 61272 0 50615 
 am 62351 0 50615 
 am 64116 0 50615 69845 61435 
 am 64123 0 50615 
 am 64528 0 50615 
 am 64995 0 50615 
 am 65888 0 50615 
 am 65957 0 50615 
 am 66438 0 50615 
 am 69061 0 50615 
 am 69740 1 
 am 72142 0 50615 
 am 74023 0 50615 
 am 74358 0 50615 
 am 74796 0 50615 
 am 74934 0 50615 
 am 76673 0 50615 
 am 77178 0 50615 
 am 78903 0 50615 
 am 83650 0 50615 
 am 96753 0 50615 
 am 103483 0 50615 
 am 105085 0 50615 
 am 113743 0 50615 
 am 122452 0 50615 
 am 125129 1 
 am 131360 1 
 am 142253 0 50615 
 am 144806 0 50615 63945 
 am 147473 1 
CO
 li accept cj5 0
 ar 50615 0 0 0 0 0 0 0
 st 1

74023 char 0
na Maxwell Grimm
il	1 830 \
	54 2 \
	69062 1 \
	83097 1 \
	108614 1 \
	131019 1 \
	134544 1 \
	149142 1
LI
 wh 64714
CH
 lo 52412
 he 100
 lk 2
 lr 2
 sl	800 2 28 0 0 \
	610 2 21 13 0 \
	617 2 14 32 0 \
	802 2 14 13 0 \
	880 2 42 0 0 \
	840 2 35 0 0 \
	900 2 42 0 0 \
	901 2 28 0 0 \
	611 2 28 0 0 \
	807 2 21 1 0 \
	841 2 21 4 0 \
	806 2 21 8 0 \
	903 2 21 21 0 \
	803 2 14 1 0 \
	845 2 21 0 0 \
	820 2 35 0 0 \
	827 2 21 19 0 \
	831 2 28 0 0 \
	801 2 14 8 0 \
	911 2 21 3 0 \
	881 2 14 1 0 \
	885 2 14 0 0 \
	894 2 21 0 0 \
	891 2 21 0 0 \
	886 2 14 0 0 \
	893 2 0 0 0 \
	824 2 21 3 0 \
	887 2 21 2 0 \
	892 2 21 0 0 \
	889 2 21 2 0 \
	884 2 28 0 0 \
	888 2 21 1 0 \
	690 2 28 2 0 \
	860 2 35 0 0 \
	700 2 21 0 0 \
	920 2 0 0 0 \
	695 2 21 1 0 \
	849 2 21 0 0 \
	851 2 21 0 0 \
	813 2 21 11 0 \
	922 2 28 21 0 \
	921 2 28 0 0 \
	825 2 21 3 0 \
	908 2 28 2 0 \
	862 2 14 18 0 \
	863 2 14 7 0 \
	630 2 0 0 0 \
	904 2 0 0 0 \
	805 2 0 0 0 \
	902 2 0 1 0 \
	804 2 0 0 0 \
	909 2 0 0 0 \
	639 2 0 0 0 \
	641 2 0 2 0 \
	812 2 0 0 0 \
	612 2 0 0 0 \
	905 2 0 0 0 \
	906 2 0 0 0 \
	907 2 0 0 0 \
	811 2 0 1 0 \
	809 2 0 1 0 \
	814 2 0 0 0 \
	882 2 0 0 0 \
	883 2 0 0 0 \
	821 2 0 0 0 \
	822 2 0 0 0 \
	823 2 0 0 0 \
	615 2 21 7 0 \
	861 2 14 0 0 \
	693 2 21 0 0 \
	864 2 14 1 0 \
	865 2 14 0 0 \
	866 2 14 1 0 \
	868 2 21 0 0 \
	872 2 21 0 0 \
	867 2 21 0 0 \
	871 2 21 1 0 \
	869 2 14 0 0 \
	616 2 14 0 0 \
	635 2 28 0 0 \
	691 2 21 0 0 \
	704 1 1 0 0
 bp 50
 ra 30
 at 80
 df 80
 mi 96
CM
 im 1
 ma 42
 ca 38
 as 19
 hs 1
 cm 20
 kw 1
 pl 103685
 ar 69062
CO
 li use 811
 ar 0 0 0 0 0 0 0 811
 cs 2
 wa 2
 st 1
 us 811
 ue 1
 de 5
 pr 3

78903 char 0
na Dazza
il	1 32967 \
	16 5 \
	19 8 \
	20 36 \
	69 1
LI
 wh 105085
CH
 lo 52412
 he 100
 lk 1
 lr 201
 sl	610 2 21 32 0 \
	680 2 21 2 0 \
	616 2 14 5 0 \
	617 2 14 8 0 \
	611 2 28 0 0 \
	614 2 14 2 0 \
	700 2 21 0 0 \
	702 2 14 21 0 \
	615 2 21 8 0 \
	600 2 21 0 0 \
	630 2 28 0 0 \
	670 1 0 0 0 \
	690 1 0 0 0 \
	601 2 14 6 0 \
	639 1 18 0 0
 bp 50
 at 89
 df 89
 mi 69
CM
 pl 77178
MI
 ds Ra Consortium
CO
 li use 615
 ar 0 0 0 0 0 0 0 615
 cs 2
 wa 1
 st 1
 us 615
 ue 2
 de 6
 pr 3

64116 char 0
na Nelson Grimm
il	1 1683 \
	19 8 \
	54 4
an 64116 
LI
 wh 72142
CH
 lo 52412
 he 100
 lk 2
 lr 1
 sl	600 2 21 0 0 \
	730 2 21 0 0 \
	601 2 14 76 0 \
	603 2 14 7 0 \
	733 2 14 2 0 \
	610 2 21 7 0 \
	611 2 28 0 0 \
	732 2 14 2 0 \
	614 2 14 5 0 \
	616 2 14 9 0 \
	630 2 28 0 0 \
	617 2 14 6 0 \
	615 2 21 7 0 \
	700 2 21 0 0 \
	612 2 28 0 0 \
	702 2 14 1 0 \
	602 2 14 1 0 \
	641 2 28 1 0 \
	670 2 28 0 0 \
	635 2 28 0 0 \
	633 2 14 0 0 \
	671 2 14 0 0 \
	672 2 21 0 0
 bh 9
 bp 50
 at 112
 df 104
 mi 64
CM
 hs 1
 pl 65888
MI
 ds Ra Consortium
CO
 li sail n
 ar 0 0 0 0 0 0 0 0
 wa -1
 st 1
 ue 1
 pr 4

69061 char 0
na Brian Grimm
il	1 64263 \
	15 53 \
	22 52 \
	55 14 \
	79 42 \
	280 5 \
	60469 1 \
	61190 1 \
	63737 1 \
	113450 1 \
	123766 1
LI
 wh 64995
CH
 lo 52412
 he 100
 lk 2
 lr 1
 sl	630 2 28 0 0 \
	610 2 21 12 0 \
	650 2 28 0 0 \
	631 2 14 2 0 \
	611 2 28 0 0 \
	655 2 14 7 0 \
	654 2 28 74 0 \
	653 2 28 0 0 \
	652 2 28 0 0 \
	612 2 28 1 0 \
	639 2 21 0 0 \
	615 2 21 8 0 \
	616 2 14 5 0 \
	617 2 14 5 0 \
	614 2 14 0 0 \
	661 2 21 6 0 \
	600 2 21 0 0 \
	670 1 0 0 0 \
	680 1 0 0 0 \
	690 2 28 0 0 \
	601 2 14 0 0 \
	693 2 21 3 0 \
	691 1 14 0 0
 ra 40
 at 97
 df 80
 mi 74
CM
 pl 66438
CO
 li breed 55 55
 ar 55 55 0 0 0 0 0 0
 cs 2
 wa 1
 st 1
 ue 2
 de 12
 pr 3

100631 char 0
na Balor
il	1 11265 \
	10 2
LI
 wh 16982
CH
 lo 52412
 he 100
 lk 1
 lr 301
 sl	610 2 21 6 0 \
	611 2 28 0 0 \
	600 2 21 0 0 \
	601 2 14 2 0 \
	616 2 14 13 0 \
	614 2 14 3 0 \
	650 2 28 0 0 \
	654 2 28 23 0 \
	657 2 21 8 0 \
	630 2 28 0 0 \
	641 2 28 0 0 \
	602 2 14 0 0 \
	661 2 21 3 0 \
	603 2 14 1 0 \
	615 2 21 0 0 \
	655 2 14 7 0 \
	720 2 21 0 0 \
	721 2 14 7 0 \
	617 2 14 4 0 \
	730 1 0 0 0 \
	653 1 14 0 0 \
	723 1 0 0 0
 bp 50
 at 115
 df 101
 mi 50
CO
 li collect 10 0 0
 ar 10 0 0 2 0 0 0 0
 cs 2
 wa -1
 st 1
 ue 3
 de 2
 po 1
 pr 3

101132 char 0
na Harkonen
il	1 3974 \
	54 5 \
	119953 1
LI
 wh 58603
CH
 lo 52412
 he 100
 lk 1
 lr 50
 sl	600 2 21 0 0 \
	610 2 21 0 0 \
	630 1 0 0 0 \
	670 1 0 0 0 \
	680 1 0 0 0 \
	690 1 0 0 0 \
	611 2 28 0 0 \
	615 1 14 0 0 \
	720 1 0 0 0 \
	730 1 0 0 0
 bp 50
 at 80
 df 80
MI
 ds Ra Consortium
CO
 li explore
 ar 0 0 0 0 0 0 0 0
 cs 2
 wa 6
 st 1
 de 1
 pr 3

64123 char 0
na Martin Longstride
il	1 13984 \
	12 10 \
	31 11 \
	52 6 \
	54 3 \
	69 1 \
	94 18 \
	98 15 \
	271 3 \
	287 1 \
	289 1 \
	60161 1 \
	70895 1 \
	73681 1 \
	78686 1
tl	2 94 15 4 0 0 0 0
LI
 wh 17279
CH
 lo 52412
 he 100
 lk 2
 lr 1
 sl	700 2 21 0 0 \
	702 2 14 11 0 \
	680 2 21 9 0 \
	682 2 14 31 0 \
	703 2 14 13 0 \
	704 2 14 5 0 \
	610 2 21 34 0 \
	705 2 14 5 0 \
	614 2 14 12 0 \
	616 2 14 21 0 \
	617 2 14 11 0 \
	615 2 21 20 0 \
	612 2 28 0 0 \
	611 2 28 0 0 \
	681 2 14 0 0 \
	706 2 14 0 0 \
	707 2 14 0 0 \
	630 2 28 0 0 \
	670 2 28 0 0 \
	690 2 28 0 0 \
	676 2 14 0 0 \
	675 2 21 0 0 \
	694 2 21 0 0 \
	696 2 14 0 0 \
	695 2 21 0 0 \
	697 1 21 0 0 \
	636 1 0 0 0
 mo 7798
 bp 50
 at 122
 df 114
 mi 102
CM
 pl 66438
MI
 ds Ra Consortium
CO
 li move dq80
 ar 17280 2 17280 0 0 9 17279 0
 cs 2
 wa 6
 st 1
 ue 4
 de 3
 pr 2

64528 char 0
na Sulla
il	1 29288 \
	54 5 \
	62894 1 \
	66246 1 \
	67891 1 \
	140618 1
LI
 wh 76673
CH
 lo 52412
 he 100
 lk 2
 lr 1
 sl	610 2 21 20 0 \
	650 2 28 0 0 \
	654 2 28 29 0 \
	611 2 28 0 0 \
	616 2 14 37 0 \
	617 2 14 9 0 \
	653 2 28 0 0 \
	655 2 14 2 0 \
	657 2 21 30 0 \
	614 2 14 5 0 \
	652 2 28 0 0 \
	615 2 21 4 0 \
	630 2 28 0 0 \
	641 2 28 1 0 \
	750 2 35 0 0 \
	661 1 9 0 0 \
	751 2 28 0 0 \
	752 2 28 0 0 \
	900 2 42 0 0 \
	903 2 21 0 0 \
	906 2 21 0 0 \
	908 2 28 0 0 \
	902 2 21 0 0 \
	880 2 42 0 0 \
	600 1 0 0 0 \
	882 2 14 0 0 \
	883 2 14 0 0 \
	881 2 14 1 0 \
	920 2 0 0 0 \
	922 2 28 2 0 \
	639 2 21 0 0 \
	632 2 14 1 0 \
	633 2 14 1 0 \
	911 0 0 0 0 \
	905 0 0 0 0 \
	904 0 0 0 0
 bp 50
 at 107
 df 104
 mi 62
CM
 im 1
 ma 2
 ca 22
 hs 1
 pl 66438
 ar 140618
CO
 li study 661
 ar 661 0 0 0 0 0 0 0
 wa 7
 ue 1
 po 1
 pr 3

104878 char ni
il	1 7779 \
	11 3 \
	12 37 \
	16 109 \
	20 30 \
	21 43 \
	22 41 \
	73 15 \
	75 60 \
	85 37
LI
 wh 4851
CH
 ni 34
 lo 52412
 pl 50615
 he -1
 lk 4
 bh 9
 ra 50
 at 60
 df 60
CM
 ot 70895
MI
 ca r
 ds Ra Consortium
CO
 li seek
 ar 0 0 0 0 0 0 0 0
 cs 2
 wa 1
 st 1
 de 6
 po 1
 pr 3

74358 char 0
na Slaine
il	1 322 \
	10 12 \
	12 14 \
	54 2 \
	69 1
LI
 wh 17571
CH
 lo 52412
 he 100
 lk 2
 lr 1
 sl	680 2 21 6 0 \
	610 2 21 36 0 \
	617 2 14 8 0 \
	614 2 14 7 0 \
	616 2 14 11 0 \
	615 2 21 6 0 \
	612 2 28 0 0 \
	682 2 14 0 0 \
	681 2 14 0 0 \
	611 1 14 0 0
 bh 9
 bp 50
 at 105
 df 111
 mi 80
CM
 pl 66438
MI
 ds Ra Consortium
CO
 li train 12 0
 ar 12 0 0 6 0 0 0 0
 cs 2
 wa -1
 st 1
 ue 2
 de 6
 po 1
 pr 3

147473 char 0
na Brogan Silverbeard
il	1 8015 \
	10 7 \
	12 4 \
	16 32 \
	54 5 \
	69 1 \
	75 15 \
	77 42 \
	85 18 \
	142828 1
LI
 wh 17574
CH
 lo 52412
 he 100
 lk 1
 lr 201
 sl	600 2 21 0 0 \
	610 2 21 18 0 \
	630 2 28 0 0 \
	680 2 21 0 0 \
	700 2 21 0 0 \
	611 2 28 0 0 \
	601 2 14 12 0 \
	614 2 14 5 0 \
	615 2 21 5 0 \
	707 2 14 0 0 \
	616 2 14 2 0 \
	603 2 14 0 0 \
	704 2 14 4 0 \
	702 2 14 12 0 \
	602 2 14 9 0 \
	617 2 14 7 0
 mo 7796
 bp 50
 at 94
 df 103
 mi 78
MI
 ds Ra Consortium
CO
 li move s
 ar 0 3 17674 0 0 12 17574 0
 cs 2
 wa 7
 st 1
 ue 1
 de 5
 pr 2

124668 char 0
na Lobo
il	1 5215 \
	12 7 \
	20 24 \
	54 41
LI
 wh 17669
CH
 lo 52412
 he 100
 lk 1
 lr 300
 sl	600 2 21 0 0 \
	610 2 21 12 0 \
	630 1 0 0 0 \
	670 1 0 0 0 \
	680 1 0 0 0 \
	690 1 0 0 0 \
	611 2 28 0 0 \
	617 2 14 5 0 \
	616 2 14 9 0 \
	612 2 28 0 0 \
	601 2 14 0 0 \
	615 1 14 0 0
 mo 7796
 bp 50
 ra 70
 at 100
 df 80
CM
 pl 103685
CO
 li fly dv68
 ar 17668 4 17668 0 0 7 17669 0
 cs 2
 wa 2
 st 1
 ue 2
 de 5
 pr 2

74796 char 0
na Balthasar
il	1 26510 \
	22 16 \
	52 54 \
	54 1 \
	69 5 \
	76 15 \
	289 2 \
	94114 1 \
	138727 1
LI
 wh 63253
 hl 61272 
CH
 lo 52412
 he 100
 lk 1
 lr 251
 sl	610 2 21 22 0 \
	630 2 28 0 0 \
	670 2 28 0 0 \
	680 1 19 0 0 \
	600 2 21 0 0 \
	611 2 28 0 0 \
	720 2 21 0 0 \
	723 2 14 11 0 \
	616 2 14 15 0 \
	617 2 14 2 0 \
	612 2 28 1 0 \
	721 2 14 12 0 \
	722 2 14 8 0 \
	673 2 14 1 0 \
	614 2 14 7 0 \
	615 2 21 10 0 \
	674 2 21 0 0 \
	641 2 28 0 0 \
	675 2 21 0 0 \
	601 2 14 0 0
 bh 9
 at 108
 df 103
 mi 93
CM
 pl 66438
MI
 ds Ra Consortium
CO
 li study 680
 ar 680 0 0 0 0 0 0 0
 cs 2
 wa 1
 st 1
 ue 2
 de 6
 po 1
 pr 3

