52468 player pl_regular
na Gutbuster Brigade
il	1 671
CH
PL
 fn Dominick Vansevenant
 em user1@mobyus.com
 ve copy_man@hotmail.com
 pw alive
 ft 16
 nt 1
 so 1
 lt 260
 kn 69 600 601 602 610 611 612 613 614 615 \
	616 617 630 631 632 634 635 636 637 639 641 \
	650 651 653 654 655 656 657 670 671 672 680 \
	682 690 695 700 702 703 720 721 722 723 750 \
	751 752 753 754 755 756 800 801 802 803 804 \
	805 806 807 808 809 811 812 813 814 820 821 \
	822 823 824 831 832 840 841 842 843 844 845 \
	846 847 848 849 851 852 860 861 862 863 864 \
	866 867 868 872 880 881 882 883 884 885 886 \
	887 888 889 892 894 900 901 903 904 905 906 \
	907 908 909 911 920 921 922 3869 5783 8904 9269 \
	9301 9310 10558 10559 10560 10561 10562 10563 10564 10565 10639 \
	10640 10641 10642 10643 10644 10645 10646 10647 10648 10649 10650 \
	10651 10652 10653 10654 10655 10656 10657 10658 10659 10660 10661 \
	10662 10663 10664 10665 10666 10667 10668 10669 10759 10761 10765 \
	10766 10767 10769 10859 10865 10866 10867 10869 10959 10965 10966 \
	10967 10969 11059 11065 11066 11067 11069 11159 11164 11165 11166 \
	11169 11259 11264 11265 11266 11269 11359 11365 11366 11369 11459 \
	11460 11461 11462 11463 11464 11465 11466 11467 11468 11469 11559 \
	11569 11659 11669 11759 11769 11770 11859 11870 11959 11970 12059 \
	12070 12159 12170 12259 12270 12359 12370 12459 12470 12559 12570 \
	12659 12670 12759 12760 12761 12762 12763 12764 12765 12766 12767 \
	12768 12770 12868 12870 12968 12970 13068 13070 13168 13170 13268 \
	13270 13368 13370 13461 13462 13463 13464 13465 13466 13467 13468 \
	13470 13537 13538 13539 13540 13541 13542 13543 13544 13545 13546 \
	13547 13548 13549 13550 13551 13552 13553 13554 13555 13556 13557 \
	13558 13559 13560 13561 13562 13563 13564 13565 13566 13567 13568 \
	13570 13621 13637 13638 13639 13640 13641 13642 13643 13644 13645 \
	13646 13647 13648 13649 13650 13651 13652 13653 13654 13655 13656 \
	13657 13658 13659 13660 13661 13662 13663 13664 13665 13666 13667 \
	13668 13670 13721 13737 13738 13739 13740 13741 13742 13743 13744 \
	13745 13746 13747 13748 13749 13750 13751 13752 13753 13754 13755 \
	13756 13757 13758 13759 13760 13761 13762 13763 13764 13765 13766 \
	13767 13768 13770 13837 13838 13839 13840 13841 13842 13843 13844 \
	13845 13846 13847 13848 13849 13850 13851 13852 13853 13854 13855 \
	13856 13857 13858 13859 13860 13861 13863 13864 13865 13866 13867 \
	13868 13870 13937 13938 13939 13940 13941 13942 13943 13944 13945 \
	13946 13947 13948 13949 13950 13951 13952 13953 13954 13955 13956 \
	13957 13958 13959 13960 13961 13962 13963 13970 14037 14038 14039 \
	14040 14041 14053 14054 14055 14056 14057 14058 14059 14060 14061 \
	14062 14063 14064 14065 14066 14067 14068 14069 14070 14071 14072 \
	14073 14137 14138 14139 14140 14141 14153 14154 14155 14156 14157 \
	14170 14171 14172 14173 14237 14238 14239 14240 14241 14252 14253 \
	14254 14255 14256 14257 14270 14272 14273 14274 14275 14337 14338 \
	14339 14340 14341 14351 14352 14353 14354 14355 14356 14357 14367 \
	14368 14370 14372 14375 14437 14438 14439 14440 14441 14452 14453 \
	14454 14455 14456 14457 14458 14459 14466 14467 14468 14470 14472 \
	14475 14537 14538 14539 14540 14541 14550 14551 14552 14553 14554 \
	14555 14559 14565 14566 14568 14570 14572 14575 14637 14638 14639 \
	14640 14641 14650 14653 14654 14655 14659 14664 14665 14668 14670 \
	14672 14675 14737 14738 14739 14740 14741 14750 14751 14752 14753 \
	14754 14755 14756 14757 14758 14759 14760 14761 14762 14763 14764 \
	14768 14769 14770 14771 14772 14775 14837 14838 14839 14840 14841 \
	14853 14854 14855 14859 14860 14861 14862 14863 14864 14865 14866 \
	14870 14871 14872 14873 14875 14937 14938 14939 14940 14941 14953 \
	14954 14955 14956 14957 14958 14959 14960 14961 14966 14970 14971 \
	14972 14973 14975 15037 15038 15039 15040 15041 15042 15043 15044 \
	15045 15046 15047 15048 15049 15050 15051 15052 15053 15054 15055 \
	15056 15057 15058 15059 15060 15061 15062 15063 15064 15065 15066 \
	15067 15068 15069 15070 15071 15072 15073 15074 15075 15076 15077 \
	15138 15139 15140 15141 15142 15143 15144 15145 15146 15147 15148 \
	15149 15150 15151 15152 15153 15154 15155 15156 15157 15158 15159 \
	15160 15161 15162 15163 15164 15165 15166 15167 15168 15169 15170 \
	15171 15172 15173 15175 15176 15177 15239 15240 15241 15242 15243 \
	15244 15245 15246 15247 15248 15249 15250 15251 15252 15253 15254 \
	15255 15256 15257 15258 15259 15260 15261 15262 15263 15264 15265 \
	15266 15267 15268 15269 15270 15271 15272 15273 15275 15276 15277 \
	15278 15279 15340 15341 15342 15343 15344 15345 15346 15347 15348 \
	15349 15350 15351 15352 15353 15354 15355 15356 15357 15358 15359 \
	15360 15361 15362 15363 15364 15365 15366 15367 15368 15369 15370 \
	15371 15372 15373 15374 15375 15376 15377 15378 15379 15441 15442 \
	15443 15444 15445 15446 15447 15448 15449 15450 15451 15452 15453 \
	15454 15455 15456 15457 15458 15459 15460 15461 15462 15463 15464 \
	15465 15466 15467 15468 15469 15470 15471 15472 15473 15474 15475 \
	15476 15477 15478 15479 15550 15551 15552 15553 15554 15555 15556 \
	15557 15558 15559 15560 15561 15562 15563 15564 15565 15570 15571 \
	15572 15573 15574 15575 15576 15577 15578 15579 15580 15647 15648 \
	15649 15650 15651 15652 15653 15654 15655 15656 15657 15658 15659 \
	15660 15661 15662 15663 15664 15665 15666 15667 15668 15669 15670 \
	15671 15672 15673 15674 15675 15676 15678 15679 15750 15751 15752 \
	15753 15754 15755 15756 15757 15758 15759 15760 15761 15762 15763 \
	15764 15765 15766 15767 15768 15769 15770 15771 15772 15773 15774 \
	15775 15776 15777 15778 15779 15850 15851 15852 15853 15854 15855 \
	15856 15857 15858 15859 15860 15861 15862 15863 15864 15865 15866 \
	15867 15868 15869 15870 15871 15872 15873 15874 15875 15876 15878 \
	15950 15951 15952 15953 15954 15955 15956 15957 15958 15959 15960 \
	15961 15962 15963 15964 15965 15966 15967 15968 15969 15970 15971 \
	15972 15973 15974 15975 15976 15978 16050 16051 16052 16053 16054 \
	16055 16056 16057 16058 16059 16060 16061 16062 16063 16064 16065 \
	16066 16067 16068 16069 16070 16071 16072 16073 16074 16075 16076 \
	16078 16150 16151 16152 16153 16154 16155 16156 16157 16158 16159 \
	16160 16161 16162 16163 16164 16165 16166 16167 16168 16169 16170 \
	16171 16172 16173 16174 16175 16176 16178 16253 16259 16260 16262 \
	16266 16267 16268 16269 16270 16271 16272 16273 16274 16275 16276 \
	16278 16353 16354 16355 16360 16362 16363 16364 16365 16366 16367 \
	16368 16369 16370 16371 16372 16373 16374 16375 16376 16377 16378 \
	16454 16455 16460 16466 16467 16468 16470 16471 16472 16473 16474 \
	16475 16476 16478 16557 16558 16559 16560 16566 16567 16568 16569 \
	16570 16571 16572 16573 16574 16575 16576 16578 16579 16580 16581 \
	16600 16601 16602 16603 16604 16605 16606 16607 16655 16656 16657 \
	16664 16665 16666 16667 16668 16669 16670 16671 16672 16673 16674 \
	16675 16676 16677 16678 16681 16692 16693 16694 16695 16696 16697 \
	16698 16699 16700 16701 16702 16703 16704 16705 16706 16707 16708 \
	16709 16710 16711 16755 16764 16766 16768 16769 16771 16772 16773 \
	16774 16775 16776 16778 16779 16780 16781 16782 16783 16784 16785 \
	16786 16787 16788 16789 16790 16791 16792 16793 16794 16795 16796 \
	16797 16798 16799 16807 16809 16813 16814 16815 16850 16851 16852 \
	16853 16854 16855 16864 16866 16867 16868 16869 16870 16871 16872 \
	16873 16874 16875 16876 16877 16878 16881 16895 16907 16909 16913 \
	16950 16951 16952 16953 16954 16955 16964 16965 16966 16967 16969 \
	16972 16973 16974 16975 16976 16981 16982 16983 16984 16985 16986 \
	16987 16988 16995 17000 17001 17002 17003 17004 17005 17006 17007 \
	17008 17009 17010 17011 17012 17013 17014 17015 17016 17017 17018 \
	17019 17020 17021 17022 17023 17024 17025 17026 17027 17067 17072 \
	17074 17075 17076 17088 17095 17096 17097 17098 17099 17107 17108 \
	17109 17110 17111 17112 17113 17127 17167 17168 17169 17170 17171 \
	17172 17173 17174 17175 17176 17188 17207 17208 17209 17227 17263 \
	17264 17265 17266 17267 17268 17276 17288 17309 17327 17328 17329 \
	17330 17331 17332 17333 17334 17335 17336 17337 17338 17339 17340 \
	17341 17342 17343 17344 17345 17346 17347 17348 17363 17364 17365 \
	17366 17368 17369 17370 17371 17388 17409 17448 17463 17464 17465 \
	17466 17468 17469 17471 17488 17508 17509 17548 17555 17556 17557 \
	17558 17559 17560 17561 17562 17563 17564 17565 17566 17567 17568 \
	17569 17570 17571 17572 17588 17607 17608 17609 17610 17648 17649 \
	17650 17651 17652 17653 17654 17655 17663 17664 17665 17666 17667 \
	17668 17669 17670 17671 17672 17673 17674 17675 17676 17677 17678 \
	17679 17680 17681 17682 17683 17684 17685 17686 17687 17688 17689 \
	17690 17691 17705 17706 17707 17708 17709 17755 17762 17763 17764 \
	17765 17766 17767 17768 17769 17770 17788 17791 17792 17807 17808 \
	17809 17855 17863 17869 17870 17888 17892 17962 17963 17969 17970 \
	17988 17992 18062 18069 18070 18088 18092 18151 18152 18153 18154 \
	18155 18156 18157 18162 18188 18192 18257 18258 18259 18260 18261 \
	18262 18288 18292 18383 18384 18385 18386 18387 18388 18389 18390 \
	18391 18392 18485 18486 18487 20541 21773 22198 22636 23345 23378 \
	23944 24059 25371 25471 26323 28407 31029 35752 43013 43255 43960 \
	44063 46252 48422 48657 49423 49927 56782 56949 57012 57060 57143 \
	57264 57266 57325 57331 57355 57368 57370 57371 57401 57422 57516 \
	57553 57652 57675 57731 57757 57812 57842 57885 57934 58006 58031 \
	58112 58139 58200 58251 58335 58380 58427 58465 58547 58600 58615 \
	58635 58643 58666 58670 58736 58743 59168 61269 61552 61823 61845 \
	62154 62349 63252 63276 63615 64002 64028 65358 66083 66759 67062 \
	67899 68472 68475 68764 69212 69807 69883 70009 72480 72504 72836 \
	73050 73870 74049 74324 74356 74666 75090 76156 77058 77143 77362 \
	77882 78301 78361 
 un 104078 6810 84871 93379 87033 90853 89889 83246 137970 \
	81446 101786 112127 137330 81731 67022 134000 106801 2592 148237 142540 \
	6363 3746 2580 88183 110265 
 uf 84468 149879 123376 124560 133080 
 am 2580 0 51167 51454 51478 52468 52606 53436 54636 \
	55184 55374 55526 55749 56136 56183 56406 56542 51632 52586 54392 \
	55207 54524 54082 
 am 2592 1 
 am 2748 0 52468 51478 56542 56136 52606 55184 54636 \
	51454 53436 55749 56406 55374 
 am 2928 0 52468 51478 56542 56136 52606 55184 54636 \
	51454 53436 55749 56406 55374 
 am 3050 0 52468 51478 56542 56136 52606 55184 54636 \
	51454 53436 55749 56406 55374 
 am 3746 0 51167 51454 51478 52468 52606 53436 54636 \
	55184 55374 55526 55749 56136 56183 56406 56542 51632 52586 54392 \
	55207 54524 54082 
 am 3831 0 52468 51478 56542 56136 52606 55184 54636 \
	51454 53436 55749 56406 55374 
 am 3839 0 52468 51478 56542 56136 52606 55184 54636 \
	51454 53436 55749 56406 55374 
 am 3961 0 52468 51478 56542 56136 52606 55184 54636 \
	51454 53436 55749 56406 55374 
 am 5783 1 
 am 6363 0 51167 51454 51478 52468 52606 53436 54636 \
	55184 55374 55526 55749 56136 56183 56406 56542 51632 52586 54392 \
	55207 54524 54082 
 am 6529 0 52468 51478 56542 56136 52606 55184 54636 \
	51454 53436 55749 56406 55374 
 am 6810 0 51167 51454 51478 52468 52606 53436 54636 \
	55184 55374 55526 55749 56136 56183 56406 56542 51632 52586 54392 \
	55207 54524 54082 
 am 7473 0 52468 51478 56542 56136 52606 55184 54636 \
	51454 53436 55749 56406 55374 
 am 8516 0 52468 51478 56542 56136 52606 55184 54636 \
	51454 53436 55749 56406 55374 
 am 8693 0 52468 51478 56542 56136 52606 55184 54636 \
	51454 53436 55749 56406 55374 
 am 9060 0 52468 51478 56542 56136 52606 55184 54636 \
	51454 53436 55749 56406 55374 
 am 9120 0 52468 51478 56542 56136 52606 55184 54636 \
	51454 53436 55749 56406 55374 
 am 9269 0 52468 51478 56542 56136 52606 55184 54636 \
	51454 53436 55749 56406 55374 
 am 9600 0 52468 51478 56542 56136 52606 55184 54636 \
	51454 53436 55749 56406 55374 
 am 61730 1 
 am 63710 0 52468 51478 56542 56136 52606 55184 54636 \
	51454 53436 55749 56406 55374 
 am 64945 0 52468 51478 56542 56136 52606 55184 54636 \
	51454 53436 55749 56406 55374 
 am 67022 1 
 am 72654 0 52468 51478 56542 56136 52606 55184 54636 \
	51454 53436 55749 56406 55374 
 am 73104 0 52468 51478 56542 56136 52606 55184 54636 \
	51454 53436 55749 56406 55374 
 am 74254 0 52468 51478 56542 56136 52606 55184 54636 \
	51454 53436 55749 56406 55374 
 am 74324 0 52468 51478 56542 56136 52606 55184 54636 \
	51454 53436 55749 56406 55374 
 am 77362 0 51167 51454 51478 52468 52606 53436 54636 \
	55184 55374 55526 55749 56406 56542 
 am 142540 1 
 am 148237 1 
CO
 li accept 0 0
 ar 0 0 0 0 0 0 0 0
 st 1

104078 char 0
na Spike
il	1 192 \
	54 1
LI
 wh 16871
CH
 lo 52468
 he 100
 lk 3
 lr 48
 sl	610 2 21 0 0 \
	630 2 28 0 0 \
	641 2 28 1 0 \
	612 2 28 0 0 \
	615 2 21 0 0 \
	611 2 28 0 0
 bh 9
 bp 50
 at 80
 df 80
 mi 50
CM
 hs 1
CO
 li study 615
 ar 615 0 0 0 0 0 0 0
 st 1
 ue 1
 de 2
 po 1
 pr 3

6810 char 0
na Avelyn
il	1 2190 \
	282 177 \
	70197 1 \
	89933 1
LI
 wh 6895
 hl 84871 93379 87033 90853 89889 83246 137970 81446 101786 \
	112127 137330 81731 
CH
 lo 52468
 pl 51478
 he 100
 lk 2
 lr 1
 sl	610 2 21 18 0 \
	612 2 28 1 0 \
	600 2 21 0 0 \
	630 2 28 0 0 \
	641 2 28 1 0 \
	601 2 14 29 0 \
	602 2 14 0 0 \
	700 2 21 0 0 \
	702 2 14 9 0 \
	617 2 14 5 0 \
	611 2 28 0 0 \
	670 2 28 0 0 \
	650 2 28 0 0 \
	654 2 28 58 0 \
	653 2 28 0 0 \
	671 2 14 0 0
 at 80
 df 80
CM
 hs 1
 vp 14
MI
 ds Gutbuster Recruiter
CO
 li breed 282 282
 ar 282 282 0 0 0 0 0 0
 cs 2
 wa 3
 st 1
 ue 1
 de 3
 pr 3

84871 char 0
na Fin Oxbrain
il	1 30
LI
 wh 6810
CH
 lo 52468
 he 100
 lk 3
 lr 116
 sl	650 2 28 0 0 \
	654 2 28 70 0 \
	610 2 21 0 0 \
	653 2 28 0 0
 bh 9
 bp 50
 at 80
 df 80
CM
 vp 10
MI
 ds Gutbuster Beastlord
CO
 li give 6810 282
 ar 6810 282 0 0 0 0 0 0
 st 1
 pr 1

93379 char 0
na Tovu Oxbrain
il	1 30
LI
 wh 6810
CH
 lo 52468
 he 100
 lk 3
 lr 117
 sl	650 2 28 0 0 \
	654 2 28 67 0 \
	610 2 21 0 0 \
	653 2 28 0 0
 bp 50
 at 80
 df 80
CM
 vp 11
MI
 ds Gutbuster Beastlord
CO
 li give 6810 282
 ar 6810 282 0 0 0 0 0 0
 st 1
 pr 1

87033 char 0
na Maja Oxbrain
il	1 30
LI
 wh 6810
CH
 lo 52468
 he 100
 lk 3
 lr 116
 sl	650 2 28 0 0 \
	654 2 28 68 0 \
	610 2 21 0 0 \
	653 2 28 0 0
 bp 50
 at 80
 df 80
CM
 vp 11
MI
 ds Gutbuster Beastlord
CO
 li give 6810 282
 ar 6810 282 0 0 0 0 0 0
 st 1
 pr 1

90853 char 0
na Breeder
LI
 wh 6810
CH
 lo 52468
 pl 100
 he 100
 lk 3
 lr 88
 sl	610 2 21 0 0 \
	650 2 28 0 0 \
	653 2 28 0 0 \
	654 2 28 14 0
 bp 50
 at 80
 df 80
CM
 vp 5
CO
 li give 6810 282
 ar 6810 282 0 0 0 0 0 0
 st 1
 pr 1

89889 char 0
na Breeder
LI
 wh 6810
CH
 lo 52468
 pl 100
 he 100
 lk 3
 lr 91
 sl	610 2 21 0 0 \
	650 2 28 0 0 \
	654 2 28 16 0
 bh 3
 bp 50
 at 80
 df 80
CM
 vp 5
CO
 li give 6810 282
 ar 6810 282 0 0 0 0 0 0
 st 1
 pr 1

83246 char 0
na Breeder
LI
 wh 6810
CH
 lo 52468
 pl 100
 he 100
 lk 3
 lr 88
 sl	610 2 21 0 0 \
	650 2 28 0 0 \
	653 2 28 0 0 \
	654 2 28 16 0
 bp 50
 at 80
 df 80
CM
 vp 5
CO
 li give 6810 282
 ar 6810 282 0 0 0 0 0 0
 st 1
 pr 1

137970 char 0
na Kanak Pruesse
il	1 71
LI
 wh 6810
CH
 lo 52468
 pl 100
 he 100
 lk 3
 lr 89
 sl	650 2 28 0 0 \
	654 2 28 14 0 \
	610 2 21 0 0
 bh 9
 bp 50
 at 80
 df 80
CO
 li give 6810 282
 ar 6810 282 0 0 0 0 0 0
 st 1
 pr 1

81446 char 0
na Edna Oxbrain
il	1 100
LI
 wh 6810
CH
 lo 52468
 he 100
 lk 3
 lr 116
 sl	650 2 28 0 0 \
	654 2 28 72 0 \
	610 2 21 0 0 \
	612 2 28 1 0 \
	653 2 28 0 0
 at 80
 df 80
CM
 vp 9
MI
 ds Gutbuster Beastlord
CO
 li give 6810 282
 ar 6810 282 0 0 0 0 0 0
 st 1
 ue 1
 pr 1

101786 char 0
na Sader Oxbrain
il	1 30
LI
 wh 6810
CH
 lo 52468
 he 100
 lk 3
 lr 116
 sl	650 2 28 0 0 \
	654 2 28 70 0 \
	610 2 21 0 0 \
	653 2 28 0 0
 bp 50
 at 80
 df 80
CM
 vp 10
MI
 ds Gutbuster Beastlord
CO
 li give 6810 282
 ar 6810 282 0 0 0 0 0 0
 st 1
 pr 1

112127 char 0
na Weasel
LI
 wh 6810
CH
 lo 52468
 pl 100
 he 100
 lk 3
 lr 88
 sl	650 2 28 0 0 \
	654 2 28 15 0 \
	610 2 21 0 0
 bh 3
 bp 50
 at 80
 df 80
CO
 li give 6810 282
 ar 6810 282 0 0 0 0 0 0
 st 1
 pr 1

137330 char 0
na Breeder
il	1 675
tl	2 94 991 4 0 0 0 0
LI
 wh 6810
CH
 lo 52468
 he 100
 lk 3
 lr 97
 sl	610 2 21 0 0 \
	650 2 28 0 0 \
	654 2 28 5 0
 bh 9
 bp 50
 at 80
 df 80
CO
 li give 6810 282
 ar 6810 282 0 0 0 0 0 0
 st 1
 pr 1

81731 char 0
na New noble
il	1 11
tl	2 94 951 4 0 0 0 0
LI
 wh 6810
CH
 lo 52468
 he 100
 lk 3
 lr 98
 sl	610 2 21 0 0 \
	650 2 28 0 0 \
	654 2 28 3 0
 bh 3
 bp 50
 at 80
 df 80
CO
 li give 6810 282
 ar 6810 282 0 0 0 0 0 0
 st 1
 pr 1

67022 char 0
na Kazmouth Tarrasqueslayer
il	1 16261 \
	54 5 \
	72390 1 \
	88850 1
LI
 wh 10659
CH
 lo 52468
 he 100
 lk 3
 lr 68
 sl	610 2 21 32 0 \
	616 2 14 0 0 \
	630 2 28 0 0 \
	641 2 28 1 0 \
	700 2 21 0 0 \
	702 2 14 21 0 \
	617 2 14 13 0 \
	612 2 28 1 0 \
	613 2 14 11 0 \
	615 2 21 0 0 \
	703 2 14 0 0
 bh 5
 at 80
 df 80
 mi 50
CM
 hs 1
 vp 1
MI
 ds Gutbuster Brigade
CO
 li get garrison 88850
 ar 67165 88850 0 0 0 0 0 0
 st 1
 ue 1
 pr 1

134000 char ni
LI
 wh 10659
CH
 ni 32
 lo 52468
 he -1
 lk 4
 at 60
 df 60
CM
 ot 72390
MI
 ca r

106801 char ni
LI
 wh 10659
CH
 ni 32
 lo 52468
 he -1
 lk 4
 at 60
 df 60
CM
 ot 88850
MI
 ca r

2592 char 0
na Soulcatcher's Bane
il	1 1000 \
	52 14 \
	61 34 \
	285 817 \
	59616 1 \
	60034 1 \
	60781 1 \
	62269 1 \
	64257 1 \
	65413 1 \
	66999 1 \
	67816 1 \
	69987 1 \
	70694 1 \
	71618 1 \
	74078 1 \
	75491 1 \
	77214 1 \
	78083 1 \
	78192 1 \
	114710 1 \
	127364 1 \
	136034 1 \
	146333 1
ah 59274 65422 67318 75660 
LI
 wh 11165
 hl 75622 107114 113992 135565 9117 70461 9842 148237 142540 
CH
 lo 52468
 he 100
 lk 2
 lr 2
 sl	610 2 21 56 0 \
	615 2 21 14 0 \
	617 2 14 49 0 \
	613 2 14 3 0 \
	680 2 21 0 0 \
	682 2 14 7 0 \
	616 2 14 30 0 \
	612 2 28 1 0 \
	630 2 28 0 0 \
	641 2 28 2 0 \
	614 2 14 2 0 \
	900 2 42 0 0 \
	904 2 21 0 0 \
	905 2 21 0 0 \
	906 2 21 0 0 \
	907 2 21 0 0 \
	908 2 28 1 0 \
	909 2 21 0 0 \
	911 2 21 1 0 \
	650 2 0 0 0 \
	600 2 0 0 0 \
	654 2 0 27 0 \
	601 2 0 0 0 \
	655 2 0 0 0 \
	656 2 0 0 0 \
	657 2 0 0 0 \
	653 2 0 0 0 \
	901 2 28 0 0 \
	611 2 28 0 0 \
	651 2 21 0 0 \
	903 2 21 3 0
 at 80
 df 107
 mi 50
 ct 51454 52468 54636 55184 
CM
 im 1
 ma 10
 ca 10
 hs 1
MI
 ds Death to the Invaders!
CO
 li move e
 ar 0 0 0 0 0 0 0 0
 wa -1
 ue 1
 pr 2

148237 char ni
il	54 1
LI
 wh 2592
CH
 ni 33
 lo 52468
 he -1
 lk 4
 bh 5
 at 60
 df 60
CM
 vp 5
 ot 89933
MI
 ca r
CO
 li behind 5
 ar 5 0 0 0 0 0 0 0
 st 1
 pr 1

142540 char ni
il	54 1
LI
 wh 2592
CH
 ni 287
 lo 52468
 he -1
 lk 4
 bh 5
 at 60
 df 60
CM
 ot 70197
MI
 ca r
CO
 li behind 5
 ar 5 0 0 0 0 0 0 0
 st 1
 pr 1

6363 char 0
na Ruarch Rockhammer
LI
 wh 11265
CH
 lo 52468
 he 100
 lk 2
 lr 1
 sl	720 2 21 0 0 \
	610 2 21 11 0 \
	617 2 14 2 0 \
	750 2 35 18 0 \
	751 2 28 30 0 \
	754 2 28 2 0 \
	752 2 28 10 0 \
	723 2 14 9 0 \
	722 2 14 0 0 \
	755 2 28 0 0 \
	630 2 28 0 0 \
	641 2 28 1 0 \
	721 2 14 0 0 \
	612 2 28 1 0 \
	753 2 21 27 0 \
	756 2 28 74 0 \
	615 2 21 0 0 \
	611 2 28 0 0
 ra 70
 at 80
 df 30
 mi 50
 dt 151 3 4503
CM
 hs 1
 vp 20
 pl 5301
 vi 1245 2879 3017 3955 6389 6448 6451 6895 7184 8083 \
	63063 66310 67247 70880 75374 76146 77010 78899 95462 
MI
 ds Gutbuster Priest
CO
 li train 12
 ar 12 0 0 0 0 0 0 0
 wa -1
 ue 2
 po 1
 pr 3

3746 char 0
na Diirk Watershold
il	1 9980 \
	12 10 \
	54 147
LI
 wh 11265
CH
 lo 52468
 he 100
 lk 2
 lr 1
 sl	630 2 28 0 0 \
	631 2 14 7 0 \
	680 2 21 0 0 \
	682 2 14 6 0 \
	610 2 21 38 0 \
	636 2 14 0 0 \
	637 2 21 0 0 \
	641 2 28 2 0 \
	639 2 21 0 0 \
	670 2 28 0 0 \
	690 2 28 2 0 \
	632 2 14 0 0 \
	695 2 21 12 0 \
	671 2 14 0 0 \
	612 2 28 1 0 \
	700 2 21 0 0 \
	702 2 14 4 0 \
	617 2 14 9 0 \
	616 2 14 0 0 \
	615 2 21 0 0 \
	613 2 14 17 0 \
	614 2 14 4 0 \
	672 2 21 0 0
 bh 5
 at 80
 df 67
 mi 50
 dt 149 2 4442
CM
 hs 1
MI
 ds Gutbuster Brigade
CO
 li move s
 ar 0 3 11265 0 0 5 11165 0
 st 1
 ue 3
 de 5
 pr 2

2580 char 0
na Ivak the Destroyer
il	12 6 \
	54 2
LI
 wh 11266
CH
 lo 52468
 he 100
 lk 2
 lr 1
 sl	610 2 21 32 0 \
	612 2 28 1 0 \
	616 2 14 14 0 \
	617 2 14 15 0 \
	615 2 21 7 0 \
	614 2 14 7 0 \
	613 2 14 4 0 \
	630 2 28 0 0 \
	635 2 28 0 0 \
	641 2 28 1 0 \
	700 2 21 0 0 \
	702 2 14 2 0 \
	650 2 28 0 0 \
	654 2 28 58 0 \
	611 2 28 0 0 \
	653 2 28 0 0
 at 149
 df 52
 mi 50
 dt 167 22 5002
CM
 hs 1
 vp 13
MI
 ds Gutbuster Brigade
CO
 li move s
 ar 0 3 11266 0 0 9 11166 0
 st 1
 ue 2
 de 9
 pr 2

88183 char 0
na Spike
il	1 213 \
	54 1
LI
 wh 17175
CH
 lo 52468
 he 100
 lk 3
 lr 49
 sl	610 2 21 0 0 \
	630 2 28 0 0 \
	641 2 28 1 0 \
	612 2 28 0 0 \
	617 2 14 0 0 \
	611 2 28 0 0
 bh 9
 bp 50
 at 80
 df 80
CM
 hs 1
CO
 li study 617
 ar 617 0 0 0 0 0 0 0
 st 1
 ue 1
 de 4
 po 1
 pr 3

110265 char 0
na Spike
il	1 220 \
	64484 1
LI
 wh 17276
CH
 lo 52468
 he 100
 lk 3
 lr 49
 sl	610 2 21 0 0 \
	630 2 28 0 0 \
	641 2 28 1 0 \
	612 2 28 0 0 \
	617 2 14 0 0 \
	611 2 28 0 0
 bh 9
 bp 50
 at 80
 df 80
CM
 hs 1
CO
 li study 611
 ar 611 0 0 0 0 0 0 0
 st 1
 ue 1
 de 7
 po 1
 pr 3

