52578 player pl_regular
na Lords of MorningWood
il	1 2111
ad 53013 53198 54527 55565 55827 
CH
PL
 fn Mike Whalen
 em mwhalen@pacbell.net
 pw Box of Rain
 np 7
 ft 2
 so 1
 lt 260
 kn 69 600 601 602 603 610 611 612 613 614 \
	615 616 617 630 631 632 633 634 635 636 637 \
	639 641 650 651 652 653 654 655 656 670 671 \
	672 673 674 675 676 680 681 682 690 695 700 \
	701 702 703 704 705 706 707 730 731 732 733 \
	750 751 752 753 754 755 756 800 801 802 803 \
	804 805 806 807 808 809 811 812 813 814 820 \
	821 822 823 824 825 826 827 828 829 831 832 \
	833 840 841 842 843 844 845 846 847 848 849 \
	851 852 860 861 862 863 864 865 866 867 868 \
	869 871 872 880 881 882 883 884 885 886 887 \
	888 889 891 892 893 894 900 901 902 903 904 \
	905 906 907 908 909 911 920 921 922 1411 2650 \
	4284 5431 5735 6421 6850 8372 9291 9644 11287 14596 16778 \
	16878 16881 16882 16883 16884 16885 16886 16887 16888 16889 16890 \
	16891 16892 16893 16894 16895 16978 16979 16980 16981 16987 16988 \
	16989 16990 16991 16992 16995 17078 17087 17088 17089 17090 17091 \
	17092 17093 17094 17095 17096 17178 17187 17188 17189 17190 17191 \
	17192 17193 17194 17195 17196 17197 17198 17287 17288 17289 17290 \
	17291 17292 17293 17294 17295 17296 17297 17298 17321 17387 17388 \
	17389 17390 17391 17392 17393 17394 17395 17396 17397 17398 17487 \
	17488 17489 17490 17491 17492 17493 17494 17495 17496 17497 17498 \
	17499 17587 17588 17589 17590 17591 17592 17593 17594 17595 17596 \
	17597 17598 17599 17687 17688 17689 17690 17691 17692 17693 17694 \
	17695 17696 17697 17698 17699 17787 17788 17789 17790 17791 17792 \
	17793 17794 17795 17796 17797 17798 17799 17844 17845 17846 17847 \
	17848 17849 17850 17851 17852 17853 17854 17887 17888 17889 17890 \
	17891 17894 17895 17896 17897 17898 17899 17944 17945 17946 17947 \
	17948 17949 17954 17962 17987 17989 17990 17991 17992 17993 17994 \
	17995 17996 17997 17998 17999 18049 18050 18051 18054 18062 18087 \
	18088 18089 18090 18091 18092 18093 18094 18099 18151 18154 18162 \
	18176 18177 18178 18179 18180 18181 18182 18183 18184 18185 18186 \
	18187 18188 18189 18190 18191 18192 18194 18199 18221 18222 18251 \
	18254 18262 18279 18282 18283 18284 18285 18286 18287 18288 18289 \
	18290 18291 18292 18293 18294 18299 18310 18311 18312 18313 18314 \
	18315 18316 18317 18318 18319 18320 18321 18322 18351 18352 18353 \
	18354 18355 18356 18357 18358 18362 18374 18379 18380 18381 18382 \
	18383 18384 18385 18386 18387 18388 18389 18390 18391 18392 18394 \
	18399 18407 18408 18409 18410 18419 18420 18421 18430 18431 18454 \
	18455 18456 18457 18458 18459 18460 18461 18462 18477 18478 18479 \
	18480 18481 18482 18485 18486 18487 18488 18489 18490 18491 18492 \
	18493 18499 18500 18501 18502 18503 18504 18505 18506 18507 18508 \
	18509 18510 18511 18512 18513 18514 18515 18516 18517 18518 18519 \
	18521 18522 18523 18524 18525 18526 18527 18528 18529 18530 18531 \
	18558 18562 18577 18579 18580 18581 18584 18585 18586 18587 18588 \
	18589 18590 18591 18592 18593 18599 18600 18603 18604 18605 18607 \
	18615 18617 18621 18622 18623 18624 18626 18629 18630 18631 18632 \
	18658 18662 18677 18679 18680 18681 18682 18683 18684 18685 18686 \
	18687 18688 18689 18690 18691 18692 18693 18699 18700 18701 18702 \
	18703 18707 18715 18717 18718 18719 18720 18721 18722 18723 18724 \
	18725 18726 18727 18728 18729 18730 18732 18758 18760 18762 18777 \
	18778 18779 18780 18781 18782 18783 18784 18785 18786 18787 18788 \
	18789 18790 18791 18792 18793 18794 18795 18796 18797 18798 18799 \
	18800 18801 18802 18803 18804 18807 18815 18820 18821 18822 18824 \
	18826 18829 18830 18831 18832 18833 18834 18858 18860 18861 18862 \
	18865 18866 18867 18868 18869 18870 18871 18872 18873 18874 18875 \
	18876 18877 18878 18879 18880 18881 18882 18883 18884 18885 18886 \
	18887 18888 18889 18890 18891 18892 18893 18894 18895 18896 18897 \
	18898 18899 18900 18901 18902 18903 18904 18905 18907 18915 18920 \
	18921 18922 18924 18925 18926 18927 18928 18929 18930 18932 18958 \
	18960 18961 18962 18963 18965 18977 18978 18979 18980 18981 18982 \
	18983 18984 18985 18986 18987 18988 18989 18990 18991 18992 18993 \
	18994 18995 18996 18997 18998 18999 19000 19001 19002 19003 19004 \
	19005 19006 19007 19008 19009 19010 19011 19012 19013 19014 19015 \
	19016 19017 19018 19019 19020 19021 19022 19023 19024 19025 19026 \
	19029 19030 19032 19058 19060 19061 19062 19063 19064 19065 19066 \
	19067 19068 19069 19070 19071 19072 19073 19074 19075 19076 19077 \
	19078 19079 19080 19081 19082 19083 19084 19085 19086 19087 19089 \
	19090 19091 19092 19093 19094 19095 19096 19097 19098 19099 19103 \
	19105 19112 19115 19118 19119 19120 19121 19127 19129 19130 19131 \
	19132 19158 19159 19160 19161 19162 19163 19164 19165 19166 19167 \
	19168 19169 19170 19171 19172 19173 19174 19175 19176 19177 19178 \
	19179 19180 19181 19182 19183 19184 19185 19186 19187 19188 19189 \
	19190 19191 19192 19194 19197 19200 19201 19202 19203 19204 19205 \
	19211 19212 19213 19214 19215 19216 19217 19218 19219 19220 19221 \
	19226 19229 19230 19231 19262 19263 19264 19265 19266 19267 19268 \
	19269 19270 19271 19272 19273 19274 19275 19276 19277 19278 19285 \
	19286 19287 19288 19289 19290 19291 19292 19293 19294 19295 19296 \
	19297 19298 19299 19300 19301 19302 19303 19304 19305 19307 19308 \
	19309 19310 19311 19320 19321 19326 19329 19330 19331 19360 19361 \
	19362 19363 19364 19365 19366 19367 19368 19369 19370 19371 19372 \
	19373 19374 19375 19376 19377 19378 19379 19380 19381 19382 19383 \
	19384 19385 19388 19389 19390 19397 19398 19399 19403 19404 19405 \
	19406 19407 19420 19421 19426 19427 19428 19429 19430 19459 19460 \
	19461 19462 19463 19464 19465 19466 19467 19468 19469 19470 19471 \
	19472 19473 19474 19475 19476 19485 19503 19520 19521 19522 19523 \
	19524 19525 19526 19527 19528 19529 19567 19568 19569 19570 19571 \
	19572 19573 19574 19575 19576 19577 19578 19579 19580 19581 19582 \
	19583 19584 19585 19603 19620 19623 19626 19628 19703 19720 19721 \
	19722 19723 19724 19725 19726 19727 19728 19803 19820 19821 19822 \
	19823 19824 19825 19826 19903 19904 19905 19906 19907 19908 19909 \
	19910 19911 19912 19913 19914 19915 19916 19917 19918 19919 19920 \
	56780 56799 56855 56889 56956 57026 57061 57087 57121 57133 57177 \
	57192 57221 57224 57246 57293 57295 57309 57326 57384 57475 57503 \
	57609 57747 57750 57794 57837 57849 57924 58008 58054 58070 58112 \
	58113 58119 58131 58307 58315 58370 58432 58497 58527 58601 58673 \
	58705 58713 58743 59070 59089 59119 59254 59378 59453 59514 59579 \
	59735 59824 60362 60501 60523 60672 61311 61616 61733 61739 61976 \
	62610 62967 63037 63180 63381 63395 63887 64059 64135 64301 64340 \
	64346 64438 64441 64610 64869 64929 65205 65241 65334 65376 65597 \
	65655 65731 65785 65796 65846 65993 65994 66077 66112 66207 66469 \
	66687 66704 66785 67026 67466 67673 67722 67924 68051 68321 68420 \
	68435 68475 68515 68544 68759 69135 69400 69661 69680 69811 69869 \
	69915 69972 70158 70387 70419 70517 70666 70702 70794 70816 70911 \
	71037 71039 71276 71363 71365 71593 71808 71918 71974 71981 72102 \
	72211 72215 72264 72292 72481 72701 72742 72896 72900 72992 72996 \
	73111 73267 73385 73402 73609 73748 73899 73981 73993 74400 74573 \
	74750 75064 75401 75440 75481 75494 75775 75822 75955 76000 76156 \
	76223 76288 77391 77558 77766 77806 77919 78285 78322 78368 78447 \
	78485 78564 83838 99534 113328 147620 
 un 4096 8079 6303 7689 7115 6165 2823 8983 3408 \
	4662 
 uf 68141 73750 84367 129897 131759 
 am 2823 0 53198 54527 55827 
 am 3408 0 55827 
 am 4096 0 53198 54527 55827 
 am 5735 0 53198 54527 55827 
 am 7689 0 53198 54527 55827 
 am 8079 0 53198 54527 55827 
 am 8983 0 53198 54527 55827 
 am 9291 0 55827 
 am 75775 0 53198 54527 55827 
 am 99534 0 53198 54527 55827 
CO
 li accept wk7 0
 ar 55827 0 0 0 0 0 0 0
 st 1

4096 char 0
na Blackbeard
il	11 3 \
	19 10 \
	87 50 \
	94 11 \
	261 2
tl	2 87 468 2 0 0 0 0 \
	2 94 1432 4 0 0 0 0
LI
 wh 5735
CH
 lo 52578
 pl 55207
 he 100
 lk 3
 lr 40
 sl	610 2 21 22 0 \
	612 2 28 1 0 \
	630 2 28 0 0 \
	631 2 14 0 0 \
	613 2 14 0 0 \
	600 2 21 0 0 \
	601 2 14 99 0 \
	602 2 14 1 0 \
	603 2 14 26 0 \
	700 2 21 0 0 \
	702 2 14 5 0 \
	641 2 28 1 0 \
	635 2 28 0 0 \
	611 2 28 0 0
 at 80
 df 80
CM
 hs 1
CO
 li make 94
 ar 94 0 0 11 0 0 0 0
 st 1
 ue 1
 de 11
 po 1
 pr 3

8079 char 0
na Prince Caspian
il	11 3 \
	19 10 \
	87 60 \
	94 15 \
	261 2
tl	2 87 448 2 0 0 0 0 \
	2 94 1338 4 0 0 0 0
LI
 wh 99534
CH
 lo 52578
 he 100
 lk 3
 lr 51
 sl	600 2 21 0 0 \
	610 2 21 13 0 \
	730 2 21 0 0 \
	617 2 14 3 0 \
	601 2 14 138 0 \
	615 2 21 6 0 \
	602 2 14 3 0 \
	612 2 28 1 0 \
	611 2 28 0 0 \
	603 2 14 28 0 \
	732 2 14 9 0 \
	733 2 14 5 0 \
	731 2 14 0 0 \
	616 2 14 0 0 \
	614 2 14 0 0 \
	613 2 14 0 0 \
	630 2 28 0 0 \
	641 2 28 1 0
 at 80
 df 80
 mi 78
CM
 hs 1
 vp 10
CO
 li make 94
 ar 94 0 0 15 0 0 0 0
 st 1
 ue 1
 de 15
 po 1
 pr 3

6303 char 0
na Mr. Jones
il	1 92 \
	11 5 \
	95 9 \
	98 2
tl	2 95 711 7 0 0 0 0
LI
 wh 2629
CH
 lo 52578
 he 100
 lk 3
 lr 74
 sl	610 2 21 23 0 \
	612 2 28 1 0 \
	670 2 28 0 0 \
	671 2 14 0 0 \
	672 2 21 0 0 \
	674 2 21 0 0 \
	673 2 14 0 0 \
	611 2 28 0 0 \
	675 2 21 0 0 \
	676 2 14 0 0 \
	630 2 28 0 0 \
	690 2 28 1 0 \
	641 2 28 1 0 \
	695 2 21 8 0 \
	635 2 28 0 0 \
	820 2 35 0 0 \
	824 2 21 0 0 \
	680 2 21 1 0 \
	730 2 21 0 0 \
	732 2 14 2 0 \
	733 2 14 0 0 \
	821 2 21 0 0 \
	822 2 21 0 0 \
	823 2 21 0 0 \
	682 2 14 35 0
 at 80
 df 80
CM
 im 1
 ma 5
 ca 5
 hs 1
 kw 1
 vp 3
 pl 6019
CO
 li make 95 9
 ar 95 9 9 9 0 0 0 0
 st 1
 ue 1
 de 9
 po 1
 pr 3

7689 char 0
na WarfRat
il	1 80 \
	84 6 \
	108507 1 \
	113366 1 \
	122080 1
LI
 wh 5638
CH
 lo 52578
 he 100
 lk 2
 lr 2
 sl	610 2 21 10 0 \
	800 2 28 0 0 \
	630 2 28 0 0 \
	802 2 14 69 0 \
	617 2 14 7 0 \
	615 2 21 2 0 \
	880 2 42 0 0 \
	670 2 28 0 0 \
	673 2 14 0 0 \
	674 2 21 0 0 \
	881 2 14 1 0 \
	889 2 21 0 0 \
	887 2 21 0 0 \
	885 2 14 0 0 \
	893 2 21 0 0 \
	891 2 21 0 0 \
	888 2 21 0 0 \
	886 2 14 0 0 \
	892 2 21 48 0 \
	882 2 14 0 0 \
	894 2 21 0 0 \
	884 2 28 0 0 \
	883 2 14 0 0 \
	860 2 35 0 0 \
	807 2 21 4 0 \
	808 2 21 4 0 \
	801 2 14 0 0 \
	803 2 14 0 0 \
	804 2 21 0 0 \
	805 2 14 0 0 \
	813 2 21 13 0 \
	861 2 14 0 0 \
	862 2 14 0 0 \
	863 2 14 0 0 \
	864 2 14 0 0 \
	865 2 14 0 0 \
	867 2 21 0 0 \
	868 2 21 0 0 \
	869 2 14 0 0 \
	806 2 21 3 0 \
	809 2 21 0 0 \
	812 2 21 0 0 \
	811 2 21 0 0 \
	814 2 21 0 0 \
	611 2 28 0 0 \
	866 2 14 0 0 \
	871 2 21 0 0 \
	872 2 21 0 0 \
	900 2 42 0 0 \
	911 2 21 0 0 \
	641 2 28 1 0 \
	901 2 28 0 0 \
	903 2 21 0 0 \
	904 2 21 0 0 \
	902 2 21 0 0 \
	905 2 21 0 0 \
	906 2 21 0 0 \
	908 2 28 0 0 \
	909 2 21 0 0 \
	907 2 21 0 0 \
	820 2 35 0 0 \
	821 2 21 0 0 \
	825 2 21 0 0 \
	826 2 21 0 0 \
	827 2 21 2 0 \
	828 2 21 0 0 \
	829 2 21 1 0 \
	831 2 28 0 0 \
	832 2 21 1 0 \
	833 2 21 0 0 \
	840 2 35 0 0 \
	841 2 21 0 0 \
	822 2 21 0 0 \
	823 2 21 3 0 \
	824 2 21 0 0 \
	849 2 21 11 0 \
	846 2 21 1 0 \
	842 2 14 0 0 \
	845 2 21 1 0 \
	851 2 21 1 0 \
	612 2 28 1 0 \
	852 2 21 0 0 \
	843 2 21 0 0 \
	920 2 0 0 0 \
	847 2 21 0 0 \
	922 2 28 20 0 \
	921 2 28 11 0 \
	844 2 21 0 0 \
	848 2 21 0 0
 at 80
 df 80
 mi 65
CM
 im 1
 ma 6
 ca 152
 hs 1
 kw 1
 vp 21
 pl 6019
 ar 122080
CO
 li use 871 863
 ar 863 0 0 0 0 0 0 871
 cs 2
 wa 2
 st 1
 us 871
 ue 1
 de 12
 pr 3

7115 char 0
na Crazy Otto
il	1 90 \
	54 2 \
	84 9
tl	2 95 2 7 0 0 0 0
LI
 wh 5638
CH
 lo 52578
 he 100
 lk 2
 lr 1
 sl	680 2 21 0 0 \
	630 2 28 0 0 \
	860 2 35 0 0 \
	682 2 14 16 0 \
	631 2 14 1 0 \
	861 2 14 0 0 \
	862 2 14 42 0 \
	610 2 21 6 0 \
	612 2 28 1 0 \
	863 2 14 13 0 \
	871 2 21 21 0 \
	864 2 14 1 0 \
	865 2 14 0 0 \
	866 2 14 1 0 \
	867 2 21 0 0 \
	869 2 14 0 0 \
	868 2 21 22 0 \
	872 2 21 1 0 \
	632 2 14 0 0 \
	633 2 14 0 0 \
	800 2 28 0 0 \
	802 2 14 29 0 \
	813 2 21 45 0 \
	641 2 28 1 0 \
	803 2 14 0 0 \
	805 2 14 0 0 \
	801 2 14 0 0 \
	804 2 21 0 0 \
	635 2 28 0 0 \
	806 2 21 8 0 \
	807 2 21 5 0 \
	611 2 28 0 0 \
	880 2 42 0 0 \
	886 2 14 0 0 \
	891 2 21 0 0 \
	893 2 21 0 0 \
	894 2 21 0 0 \
	881 2 14 0 0 \
	882 2 14 0 0 \
	892 2 21 3 0 \
	887 2 21 0 0 \
	888 2 21 0 0 \
	883 2 14 0 0 \
	884 2 28 0 0 \
	885 2 14 0 0 \
	889 2 21 0 0 \
	900 2 42 0 0 \
	840 2 35 0 0 \
	820 2 35 0 0 \
	909 2 21 0 0 \
	821 2 21 0 0 \
	822 2 21 0 0 \
	823 2 21 0 0 \
	824 2 21 0 0 \
	901 1 21 0 0
 at 80
 df 80
CM
 im 1
 ma 43
 ca 43
 hs 1
 kw 1
 vp 10
 pl 6019
CO
 li use 892 888
 ar 888 0 0 0 0 0 0 892
 cs 2
 wa 5
 st 1
 us 892
 ue 1
 de 16
 pr 3

6165 char 0
na Mr. Smith
il	1 80 \
	54 10 \
	55 10 \
	98 1 \
	282 25
LI
 wh 5638
CH
 lo 52578
 he 100
 lk 3
 lr 83
 sl	610 2 21 1 0 \
	650 2 28 0 0 \
	654 2 28 178 0 \
	653 2 28 0 0 \
	651 2 21 0 0 \
	612 2 28 1 0 \
	652 2 28 0 0 \
	630 2 28 0 0 \
	641 2 28 1 0 \
	611 2 28 0 0 \
	730 2 21 0 0 \
	732 2 14 0 0 \
	733 2 14 0 0
 at 80
 df 80
CM
 hs 1
 vp 10
 pl 6019
CO
 li breed 282 282
 ar 282 282 0 0 0 0 0 0
 cs 2
 wa 3
 st 1
 ue 1
 de 3
 pr 3

2823 char 0
na Raoul Duke
il	1 30 \
	55 25 \
	98 1
LI
 wh 5638
CH
 lo 52578
 pl 55827
 he 100
 lk 2
 lr 1
 sl	610 2 21 9 0 \
	612 2 28 1 0 \
	630 2 28 0 0 \
	641 2 28 1 0 \
	730 2 21 0 0 \
	731 2 14 0 0 \
	635 2 28 0 0 \
	611 2 28 0 0 \
	733 2 14 1 0 \
	732 2 14 0 0 \
	650 2 28 0 0 \
	654 2 28 85 0 \
	653 2 28 0 0 \
	652 2 28 0 0 \
	880 1 14 0 0
 bh 9
 at 80
 df 80
CM
 hs 1
 vp 9
 pl 1755
CO
 li study 880
 ar 880 0 0 0 0 0 0 0
 st 1
 ue 1
 de 7
 po 1
 pr 3

8983 char 0
na Bertha
il	1 165 \
	54 4 \
	98 4
LI
 wh 5638
CH
 lo 52578
 he 100
 lk 2
 lr 1
 sl	680 2 21 3 0 \
	682 2 14 1 0 \
	610 2 21 1 0 \
	800 2 28 0 0 \
	802 2 14 88 0 \
	808 2 21 21 0 \
	807 2 21 11 0 \
	801 2 14 0 0 \
	804 2 21 0 0 \
	803 2 14 0 0 \
	806 2 21 0 0 \
	611 2 28 0 0 \
	813 2 21 0 0 \
	612 2 28 1 0 \
	805 2 14 0 0 \
	809 2 21 0 0 \
	811 2 21 0 0 \
	812 2 21 0 0 \
	814 2 21 0 0 \
	630 2 28 0 0 \
	641 2 28 1 0 \
	635 2 28 0 0 \
	730 2 21 0 0 \
	732 2 14 0 0 \
	733 2 14 0 0 \
	880 2 42 0 0 \
	820 2 35 0 0 \
	840 2 35 0 0 \
	841 1 14 0 0
 bh 9
 at 80
 df 80
CM
 im 1
 ma 17
 ca 17
 hs 1
 kw 1
 vp 10
 pl 6019
CO
 li study 841
 ar 841 0 0 0 0 0 0 0
 st 1
 ue 5
 de 7
 po 1
 pr 3

3408 char 0
na Carlos
il	1 1931 \
	54 4 \
	98 2
LI
 wh 19226
CH
 lo 52578
 he 100
 lk 3
 lr 49
 sl	700 2 21 0 0 \
	702 2 14 9 0 \
	610 2 21 25 0 \
	611 2 28 0 0 \
	612 2 28 1 0 \
	617 2 14 2 0 \
	750 2 35 9 0 \
	751 2 28 21 0 \
	752 2 28 1 0 \
	755 2 28 0 0 \
	753 2 21 30 0 \
	754 2 28 0 0 \
	756 2 28 65 0 \
	630 2 28 0 0 \
	641 2 28 1 0 \
	635 2 28 0 0
 bh 9
 ra 70
 at 80
 df 80
CM
 hs 1
 pr 1
 vp 10
 pl 1482
 vi 1705 2169 2396 2580 3047 4948 5134 5203 8314 8320 \
	9711 19640 57293 57396 66919 68051 71422 75277 77462 78670 148887 
CO
 li fly fp26 north
 ar 19126 0 0 0 0 0 0 0
 wa -1
 st 1
 ue 5
 pr 2

4662 char 0
na Dinsdale
il	1 70 \
	11 5 \
	54 1 \
	94 15
tl	2 94 295 4 0 0 0 0
LI
 wh 113328
CH
 lo 52578
 he 100
 lk 3
 lr 55
 sl	610 2 21 16 0 \
	617 2 14 9 0 \
	612 2 28 1 0 \
	613 2 14 0 0 \
	614 2 14 1 0 \
	616 2 14 0 0 \
	680 2 21 2 0 \
	615 2 21 0 0 \
	630 2 28 0 0 \
	632 2 14 0 0 \
	633 2 14 0 0 \
	636 2 14 0 0 \
	634 2 14 0 0 \
	637 2 21 0 0 \
	635 2 28 0 0 \
	690 2 28 0 0 \
	631 2 14 0 0 \
	639 2 21 0 0 \
	641 2 28 1 0 \
	695 2 21 21 0 \
	670 2 28 0 0 \
	671 2 14 0 0 \
	820 2 35 0 0 \
	824 2 21 0 0 \
	822 2 21 0 0 \
	730 2 21 0 0 \
	732 2 14 0 0 \
	733 2 14 0 0 \
	700 2 21 0 0 \
	702 2 14 47 0 \
	611 2 28 0 0 \
	821 2 21 0 0 \
	823 2 21 0 0
 at 80
 df 85
 mi 50
CM
 im 1
 ma 5
 ca 5
 hs 1
 kw 1
 vp 10
 pl 6019
CO
 li repair
 ar 0 0 0 0 0 0 0 0
 wa -1
 ue 1
 po 1
 pr 3

