52586 player pl_regular
na Ace
il	1 2072
CH
PL
 fn Basil A. Daoust
 em basildaoust@shaw.ca
 pw AstheWINDblows
 np 1
 ft 2
 nt 1
 so 1
 lt 260
 kn 69 600 601 602 603 610 611 612 613 614 \
	615 616 617 630 635 636 637 639 641 650 651 \
	652 653 654 655 670 671 672 680 682 690 693 \
	700 702 703 704 705 720 721 722 723 730 731 \
	732 733 800 801 802 803 804 805 806 807 808 \
	809 811 812 813 814 820 821 822 823 824 825 \
	826 827 828 829 831 832 833 840 841 842 843 \
	844 845 846 847 848 849 851 852 860 861 862 \
	863 864 865 866 867 868 869 871 872 880 881 \
	882 883 884 885 886 887 888 889 891 892 893 \
	894 900 901 902 903 904 905 906 907 908 909 \
	911 920 921 922 1083 2333 2585 2744 3801 4083 5332 \
	5431 5740 6030 8713 9000 9301 9756 9919 16800 16801 16900 \
	16901 17000 17001 17050 17100 17101 17109 17110 17111 17112 17113 \
	17114 17115 17116 17117 17118 17150 17151 17152 17153 17154 17155 \
	17156 17157 17158 17159 17160 17161 17162 17200 17201 17204 17205 \
	17206 17207 17208 17209 17210 17211 17212 17213 17214 17215 17216 \
	17217 17218 17219 17262 17300 17301 17303 17304 17305 17306 17307 \
	17308 17309 17310 17311 17312 17313 17314 17315 17316 17317 17318 \
	17319 17320 17321 17362 17400 17401 17402 17403 17404 17405 17406 \
	17407 17408 17409 17410 17411 17412 17413 17414 17415 17416 17417 \
	17418 17419 17420 17421 17422 17426 17427 17428 17429 17430 17431 \
	17432 17433 17434 17435 17436 17437 17438 17439 17440 17441 17442 \
	17443 17462 17500 17501 17502 17503 17504 17505 17506 17507 17508 \
	17509 17510 17511 17512 17513 17514 17515 17516 17517 17518 17519 \
	17520 17521 17522 17523 17526 17533 17534 17535 17536 17537 17538 \
	17539 17540 17541 17542 17543 17544 17545 17546 17547 17548 17549 \
	17550 17562 17563 17564 17565 17566 17567 17568 17569 17570 17571 \
	17572 17573 17574 17576 17577 17578 17579 17580 17581 17582 17583 \
	17584 17585 17586 17587 17590 17591 17592 17593 17594 17595 17596 \
	17600 17601 17602 17603 17604 17605 17606 17607 17608 17609 17610 \
	17611 17612 17613 17614 17615 17616 17617 17618 17619 17620 17621 \
	17622 17623 17626 17632 17633 17634 17635 17636 17637 17638 17639 \
	17640 17641 17642 17643 17644 17645 17646 17647 17648 17649 17650 \
	17662 17663 17664 17665 17666 17667 17668 17669 17670 17671 17672 \
	17673 17674 17675 17676 17677 17678 17679 17680 17681 17682 17683 \
	17684 17685 17686 17687 17688 17689 17690 17691 17692 17696 17700 \
	17701 17702 17703 17704 17705 17706 17707 17708 17709 17710 17711 \
	17712 17713 17714 17715 17716 17717 17718 17719 17720 17721 17722 \
	17723 17726 17731 17732 17733 17734 17735 17736 17737 17738 17739 \
	17740 17741 17742 17743 17744 17745 17746 17747 17748 17749 17750 \
	17751 17752 17753 17754 17755 17756 17757 17758 17759 17760 17761 \
	17762 17763 17764 17765 17766 17767 17768 17769 17770 17771 17772 \
	17773 17774 17775 17776 17777 17786 17787 17788 17789 17790 17792 \
	17796 17800 17801 17802 17803 17804 17805 17806 17807 17808 17809 \
	17810 17811 17812 17813 17814 17815 17816 17817 17818 17819 17820 \
	17821 17822 17823 17826 17831 17832 17833 17834 17835 17836 17837 \
	17838 17839 17840 17841 17842 17843 17844 17845 17846 17847 17848 \
	17849 17850 17851 17852 17853 17854 17855 17856 17857 17858 17859 \
	17860 17861 17862 17863 17864 17865 17866 17867 17868 17869 17870 \
	17871 17872 17873 17874 17876 17886 17887 17888 17889 17890 17891 \
	17892 17893 17894 17895 17896 17900 17901 17902 17903 17904 17905 \
	17906 17907 17908 17909 17910 17911 17912 17913 17914 17915 17916 \
	17917 17918 17919 17920 17921 17922 17926 17932 17933 17934 17935 \
	17936 17937 17938 17939 17940 17941 17942 17943 17944 17945 17946 \
	17947 17948 17949 17950 17951 17952 17953 17954 17955 17956 17957 \
	17958 17959 17960 17961 17963 17964 17965 17966 17967 17968 17969 \
	17970 17971 17976 17987 17988 17989 17990 17992 17993 17994 17995 \
	17996 17997 17998 17999 18000 18001 18002 18003 18004 18005 18006 \
	18007 18008 18009 18010 18011 18012 18013 18014 18015 18016 18017 \
	18018 18019 18020 18021 18026 18033 18034 18035 18036 18037 18038 \
	18039 18040 18041 18042 18043 18044 18045 18046 18047 18048 18049 \
	18050 18051 18052 18053 18054 18055 18056 18057 18058 18059 18060 \
	18061 18062 18063 18064 18065 18066 18067 18068 18070 18071 18072 \
	18073 18074 18075 18076 18087 18092 18093 18100 18101 18102 18103 \
	18104 18105 18106 18107 18108 18109 18110 18111 18112 18113 18114 \
	18115 18116 18117 18118 18119 18126 18134 18135 18136 18137 18138 \
	18139 18140 18141 18142 18143 18144 18145 18146 18147 18148 18149 \
	18150 18151 18152 18153 18154 18155 18156 18157 18158 18159 18160 \
	18161 18162 18163 18164 18165 18166 18167 18170 18171 18176 18187 \
	18188 18189 18190 18192 18193 18200 18201 18202 18203 18204 18205 \
	18206 18207 18208 18209 18210 18211 18212 18213 18214 18215 18216 \
	18217 18218 18219 18220 18221 18226 18235 18236 18237 18238 18239 \
	18240 18241 18242 18243 18244 18245 18246 18247 18248 18249 18250 \
	18251 18252 18253 18254 18255 18256 18257 18258 18259 18260 18261 \
	18262 18263 18264 18265 18267 18268 18269 18270 18271 18272 18273 \
	18274 18275 18276 18277 18278 18279 18286 18287 18288 18290 18292 \
	18300 18301 18302 18303 18304 18305 18306 18307 18308 18309 18310 \
	18311 18312 18313 18314 18315 18316 18317 18318 18319 18320 18321 \
	18326 18327 18328 18337 18338 18339 18340 18341 18342 18343 18344 \
	18345 18346 18347 18348 18349 18350 18351 18352 18353 18354 18355 \
	18356 18357 18358 18359 18360 18361 18362 18363 18364 18365 18366 \
	18367 18370 18371 18372 18373 18374 18375 18376 18377 18378 18379 \
	18386 18387 18388 18389 18390 18392 18400 18401 18402 18403 18404 \
	18405 18406 18407 18408 18409 18410 18411 18412 18413 18414 18415 \
	18416 18417 18418 18419 18420 18421 18422 18423 18424 18425 18426 \
	18427 18428 18429 18430 18431 18437 18438 18439 18440 18441 18442 \
	18443 18444 18445 18446 18447 18448 18449 18450 18451 18452 18453 \
	18454 18455 18456 18457 18458 18459 18460 18461 18462 18463 18465 \
	18466 18467 18468 18469 18470 18471 18472 18473 18474 18475 18476 \
	18477 18478 18486 18487 18488 18489 18490 18500 18501 18505 18506 \
	18507 18508 18509 18510 18511 18512 18513 18514 18515 18516 18517 \
	18518 18519 18520 18521 18522 18523 18524 18525 18526 18527 18528 \
	18529 18530 18531 18538 18539 18540 18541 18542 18543 18544 18545 \
	18546 18547 18548 18549 18550 18551 18552 18553 18554 18555 18556 \
	18563 18564 18565 18566 18570 18571 18572 18573 18574 18575 18576 \
	18577 18578 18586 18587 18588 18589 18590 18600 18601 18603 18604 \
	18605 18606 18607 18608 18609 18610 18611 18612 18613 18614 18615 \
	18616 18617 18618 18619 18620 18621 18622 18623 18624 18625 18626 \
	18627 18628 18629 18630 18631 18632 18639 18640 18641 18642 18643 \
	18644 18645 18646 18647 18648 18649 18650 18651 18652 18653 18654 \
	18655 18656 18657 18658 18659 18660 18661 18662 18663 18664 18665 \
	18670 18671 18672 18673 18674 18675 18676 18685 18686 18687 18688 \
	18689 18690 18691 18692 18693 18700 18701 18703 18704 18705 18706 \
	18707 18708 18709 18710 18711 18712 18713 18714 18715 18716 18717 \
	18718 18719 18720 18721 18722 18723 18724 18725 18726 18727 18728 \
	18729 18730 18731 18732 18733 18740 18741 18742 18743 18744 18745 \
	18746 18747 18748 18749 18750 18751 18752 18753 18754 18755 18756 \
	18757 18758 18759 18760 18773 18774 18775 18782 18783 18784 18785 \
	18786 18787 18788 18789 18790 18791 18792 18793 18794 18795 18796 \
	18797 18798 18799 18800 18803 18804 18805 18806 18807 18808 18809 \
	18810 18811 18812 18813 18814 18815 18816 18817 18818 18819 18820 \
	18821 18822 18823 18824 18825 18826 18827 18828 18829 18830 18831 \
	18832 18833 18840 18841 18842 18843 18844 18845 18846 18847 18848 \
	18849 18850 18851 18852 18853 18854 18855 18856 18857 18858 18859 \
	18860 18861 18872 18873 18874 18875 18882 18883 18884 18885 18886 \
	18887 18888 18889 18890 18891 18892 18893 18894 18895 18896 18897 \
	18898 18899 18903 18906 18907 18908 18909 18910 18911 18912 18913 \
	18914 18915 18916 18917 18918 18919 18920 18921 18922 18923 18924 \
	18925 18926 18927 18928 18929 18930 18931 18932 18933 18940 18941 \
	18942 18943 18944 18945 18946 18947 18948 18949 18950 18951 18952 \
	18953 18954 18955 18956 18957 18958 18959 18960 18961 18962 18963 \
	18974 18975 18981 18982 18986 18988 18989 18990 18991 19003 19007 \
	19008 19009 19010 19011 19012 19013 19014 19015 19016 19017 19018 \
	19019 19020 19021 19022 19023 19024 19025 19026 19027 19028 19029 \
	19030 19031 19032 19033 19040 19041 19042 19043 19044 19045 19046 \
	19047 19048 19049 19050 19051 19052 19053 19054 19055 19056 19057 \
	19058 19059 19060 19061 19062 19063 19064 19065 19067 19068 19069 \
	19070 19071 19072 19073 19074 19075 19076 19077 19078 19079 19080 \
	19081 19086 19087 19088 19089 19090 19103 19107 19108 19109 19110 \
	19111 19112 19113 19114 19115 19116 19117 19118 19119 19120 19121 \
	19122 19123 19124 19125 19126 19127 19128 19129 19130 19131 19132 \
	19142 19143 19144 19145 19146 19147 19148 19149 19150 19151 19152 \
	19153 19154 19155 19156 19157 19158 19159 19160 19161 19162 19163 \
	19164 19165 19166 19167 19168 19169 19170 19171 19172 19173 19174 \
	19175 19176 19177 19178 19179 19180 19181 19182 19183 19184 19186 \
	19187 19188 19189 19190 19203 19206 19207 19208 19209 19210 19211 \
	19212 19213 19214 19215 19216 19217 19218 19219 19220 19221 19222 \
	19223 19224 19225 19226 19227 19228 19229 19230 19231 19232 19242 \
	19243 19244 19245 19246 19247 19248 19249 19250 19251 19252 19253 \
	19254 19255 19256 19257 19258 19259 19260 19261 19262 19263 19264 \
	19265 19266 19267 19268 19269 19270 19271 19272 19273 19274 19275 \
	19276 19277 19278 19279 19280 19281 19282 19283 19284 19285 19286 \
	19287 19288 19289 19290 19303 19305 19306 19307 19308 19309 19310 \
	19311 19312 19313 19314 19315 19316 19317 19318 19319 19320 19321 \
	19322 19323 19324 19325 19326 19327 19328 19329 19330 19331 19341 \
	19342 19343 19344 19345 19346 19347 19348 19349 19350 19351 19352 \
	19353 19354 19355 19356 19357 19358 19359 19360 19361 19362 19363 \
	19364 19365 19366 19367 19368 19369 19370 19371 19372 19373 19374 \
	19375 19376 19377 19378 19379 19380 19381 19382 19383 19386 19387 \
	19388 19389 19390 19403 19404 19405 19406 19407 19408 19409 19410 \
	19411 19412 19413 19414 19415 19416 19417 19418 19419 19420 19421 \
	19422 19423 19424 19425 19426 19427 19428 19429 19430 19431 19440 \
	19441 19442 19443 19444 19445 19446 19447 19448 19449 19450 19451 \
	19452 19453 19454 19455 19456 19457 19458 19459 19460 19467 19468 \
	19469 19470 19471 19472 19473 19474 19475 19476 19477 19488 19489 \
	19503 19504 19505 19506 19507 19508 19509 19510 19511 19512 19513 \
	19514 19515 19516 19517 19518 19519 19520 19521 19522 19523 19524 \
	19525 19526 19527 19528 19529 19540 19541 19542 19543 19544 19545 \
	19546 19547 19548 19549 19550 19551 19552 19553 19554 19555 19556 \
	19557 19558 19559 19560 19603 19604 19605 19606 19607 19608 19609 \
	19610 19611 19612 19613 19614 19615 19616 19617 19618 19619 19620 \
	19621 19622 19623 19624 19625 19626 19627 19628 19640 19641 19642 \
	19643 19644 19645 19646 19647 19648 19649 19650 19651 19652 19653 \
	19654 19655 19656 19657 19658 19659 19660 19703 19704 19705 19706 \
	19707 19708 19709 19710 19711 19712 19713 19714 19715 19716 19717 \
	19718 19719 19720 19721 19722 19723 19724 19725 19726 19727 19741 \
	19742 19743 19744 19745 19746 19747 19748 19749 19750 19751 19752 \
	19753 19754 19755 19756 19757 19758 19759 19760 19803 19804 19805 \
	19806 19807 19808 19809 19810 19814 19815 19816 19817 19818 19819 \
	19820 19821 19822 19823 19824 19825 19826 19827 19905 19906 19907 \
	19908 19909 20028 20054 20055 20062 20065 20077 20081 20084 20090 \
	20103 20123 20128 20142 20151 20154 20164 20172 20179 20183 20187 \
	20191 20194 20197 20208 20213 20215 20241 20244 20276 20278 20282 \
	20283 20284 20287 20293 20305 20311 20314 20322 20327 20335 20342 \
	20354 20381 20441 20448 20461 20482 20486 20504 20505 20508 20521 \
	20524 20528 20530 20545 20549 20570 20605 20615 20627 20669 20673 \
	20686 20695 20698 20700 20705 20708 20717 20718 20727 20739 20753 \
	20762 20763 20776 20785 20804 20811 20817 20822 20830 20835 20853 \
	20856 20870 20877 20898 20903 20909 20934 20937 20949 20980 20983 \
	21008 21013 21034 21035 21064 21071 21082 21100 21103 21136 21142 \
	21154 21170 21178 21189 21193 21198 21199 21211 21225 21235 21251 \
	21254 21261 21307 21315 21329 21336 21344 21361 21374 21383 21404 \
	21418 21420 21421 21423 21446 21468 21473 21476 21480 21497 21523 \
	21546 21551 21571 21578 21586 21591 21592 21593 21601 21602 21604 \
	21630 21631 21656 21657 21665 21666 21668 21689 21696 21699 21714 \
	21715 21717 21730 21751 21754 21786 21792 21795 21807 21808 21811 \
	21823 21852 21857 21858 21861 21870 21887 21895 21896 21918 21921 \
	21923 21938 21959 21962 22003 22004 22032 22080 22094 22095 22120 \
	22129 22136 22168 22171 22178 22185 22199 22200 22217 22237 22238 \
	22251 22260 22268 22274 22280 22297 22300 22323 22327 22345 22347 \
	22359 22371 22374 22387 22417 22427 22437 22464 22500 22509 22515 \
	22520 22537 22553 22559 22571 22580 22583 22597 22612 22630 22633 \
	22648 22660 22664 22681 22682 22683 22684 22689 22722 22734 22741 \
	22751 22765 22766 22769 22783 22802 22809 22822 22835 22841 22843 \
	22849 22858 22863 22878 22879 22881 22904 22925 22949 22955 22958 \
	22962 22978 22980 22989 23006 23013 23017 23023 23069 23077 23102 \
	23115 23116 23136 23151 23173 23174 23175 23189 23194 23208 23209 \
	23217 23223 23235 23243 23264 23265 23269 23270 23278 23295 23316 \
	23347 23352 23356 23358 23383 23387 23388 23395 23422 23425 23437 \
	23467 23472 23479 23499 23503 23531 23534 23535 23540 23541 23572 \
	23592 23613 23614 23640 23641 23653 23671 23692 23694 23695 23698 \
	23716 23727 23734 23781 23783 23794 23795 23796 23810 23817 23827 \
	23835 23850 23881 23905 23906 23912 23917 23939 23986 23989 24007 \
	24053 24083 24108 24120 24129 24136 24141 24142 24155 24162 24166 \
	24167 24189 24191 24209 24217 24226 24229 24235 24238 24242 24243 \
	24254 24255 24256 24258 24309 24330 24337 24341 24380 24389 24395 \
	24398 24400 24443 24452 24473 24477 24499 24521 24525 24527 24556 \
	24607 24613 24623 24635 24663 24687 24694 24753 24761 24773 24804 \
	24807 24823 24826 24862 24868 24873 24915 24921 24923 24949 24986 \
	25012 25020 25022 25040 25061 25092 25098 25099 25104 25111 25112 \
	25120 25150 25161 25163 25178 25186 25196 25234 25235 25244 25275 \
	25287 25293 25301 25334 25342 25343 25416 25433 25441 25473 25475 \
	25480 25494 25502 25513 25514 25531 25537 25555 25577 25620 25634 \
	25653 25656 25658 25687 25688 25691 25708 25738 25739 25747 25765 \
	25773 25778 25786 25788 25802 25803 25808 25844 25845 25847 25849 \
	25928 25950 25969 25984 26005 26024 26034 26037 26051 26052 26074 \
	26080 26081 26092 26097 26105 26106 26117 26118 26131 26136 26177 \
	26178 26191 26193 26218 26221 26225 26235 26245 26256 26274 26302 \
	26303 26304 26314 26330 26344 26348 26349 26351 26352 26353 26384 \
	26388 26389 26397 26402 26432 26434 26464 26466 26469 26474 26479 \
	26488 26533 26541 26543 26550 26576 26579 26585 26586 26588 26592 \
	26602 26603 26651 26725 26726 26736 26753 26756 26767 26768 26777 \
	26822 26835 26843 26844 26861 26873 26886 26909 26915 26920 26923 \
	26925 26926 26930 26959 26964 26983 27020 27022 27033 27045 27055 \
	27062 27076 27084 27092 27102 27121 27125 27133 27135 27169 27188 \
	27189 27212 27213 27214 27215 27235 27243 27248 27291 27305 27308 \
	27325 27346 27360 27388 27394 27398 27415 27419 27436 27457 27464 \
	27466 27468 27470 27505 27520 27525 27535 27537 27550 27560 27577 \
	27581 27582 27584 27594 27603 27604 27625 27630 27641 27652 27655 \
	27656 27664 27672 27713 27714 27729 27731 27736 27737 27739 27763 \
	27765 27783 27787 27789 27797 27798 27799 27801 27802 27803 27804 \
	27831 27835 27840 27842 27851 27862 27894 27897 27899 27900 27910 \
	27929 27938 27940 27942 27945 27958 27959 27962 27976 27978 27979 \
	27991 27995 27996 27997 28019 28029 28053 28070 28073 28090 28093 \
	28094 28136 28140 28167 28174 28202 28223 28228 28232 28239 28261 \
	28280 28285 28287 28289 28292 28299 28390 28411 28412 28419 28426 \
	28428 28477 28479 28484 28496 28500 28527 28532 28555 28556 28557 \
	28567 28589 28598 28604 28612 28621 28624 28625 28639 28640 28645 \
	28653 28659 28677 28678 28691 28697 28699 28701 28713 28716 28726 \
	28750 28758 28759 28779 28792 28798 28799 28819 28855 28886 28891 \
	28904 28905 28907 28909 28923 28936 28982 28993 28995 29007 29020 \
	29023 29033 29040 29046 29058 29095 29096 29098 29100 29116 29133 \
	29141 29170 29182 29188 29195 29197 29206 29210 29215 29226 29266 \
	29288 29298 29307 29318 29337 29338 29342 29377 29380 29389 29390 \
	29396 29414 29439 29448 29465 29483 29504 29506 29511 29520 29534 \
	29538 29542 29545 29561 29572 29590 29592 29594 29600 29615 29618 \
	29630 29640 29648 29667 29673 29677 29690 29693 29702 29704 29712 \
	29716 29718 29734 29742 29763 29764 29781 29799 29802 29821 29836 \
	29853 29856 29861 29899 29906 29913 29929 29930 29946 29949 29956 \
	29963 30006 30009 30034 30065 30071 30077 30092 30104 30137 30154 \
	30171 30183 30205 30212 30213 30253 30264 30280 30291 30293 30296 \
	30307 30308 30311 30327 30329 30335 30361 30366 30378 30380 30381 \
	30438 30452 30465 30469 30480 30486 30492 30499 30500 30503 30508 \
	30523 30526 30527 30540 30561 30565 30587 30606 30640 30646 30647 \
	30649 30653 30657 30663 30666 30667 30677 30683 30699 30710 30728 \
	30729 30731 30738 30741 30774 30784 30785 30792 30813 30814 30819 \
	30846 30850 30857 30863 30867 30881 30884 30885 30890 30892 30895 \
	30916 30920 30921 30929 30934 30940 30943 30947 30954 30963 30977 \
	31028 31033 31035 31038 31061 31093 31101 31124 31144 31146 31151 \
	31155 31165 31173 31207 31222 31228 31237 31252 31260 31265 31267 \
	31290 31292 31301 31327 31350 31351 31359 31384 31388 31398 31405 \
	31410 31414 31421 31423 31424 31436 31444 31446 31470 31471 31475 \
	31484 31487 31488 31496 31497 31498 31508 31520 31536 31545 31546 \
	31573 31575 31579 31582 31584 31598 31601 31603 31605 31634 31637 \
	31642 31662 31694 31724 31728 31737 31755 31772 31793 31820 31822 \
	31852 31863 31872 31878 31889 31890 31894 31900 31923 31927 31943 \
	31951 31953 31959 31960 31961 31970 31979 31990 32007 32009 32030 \
	32107 32114 32117 32129 32130 32138 32145 32152 32158 32164 32170 \
	32171 32172 32174 32176 32185 32195 32202 32216 32225 32238 32240 \
	32282 32288 32294 32321 32323 32326 32353 32379 32392 32410 32423 \
	32426 32428 32431 32432 32449 32458 32459 32469 32484 32524 32535 \
	32543 32545 32557 32571 32577 32588 32594 32595 32599 32613 32634 \
	32649 32653 32656 32679 32686 32689 32711 32714 32716 32727 32771 \
	32784 32787 32810 32819 32831 32832 32844 32855 32867 32869 32885 \
	32890 32898 32921 32923 32929 32943 32955 32956 32970 32995 33019 \
	33040 33041 33093 33094 33135 33137 33142 33156 33177 33180 33222 \
	33231 33244 33251 33259 33277 33278 33283 33286 33291 33292 33295 \
	33301 33303 33317 33320 33322 33337 33344 33351 33352 33354 33355 \
	33363 33372 33375 33382 33389 33390 33393 33404 33433 33454 33465 \
	33466 33467 33493 33509 33519 33524 33527 33537 33542 33582 33593 \
	33615 33629 33633 33637 33653 33659 33663 33671 33689 33711 33725 \
	33757 33764 33790 33802 33826 33841 33842 33858 33875 33877 33883 \
	33924 33925 33962 33976 33984 33985 34002 34011 34020 34034 34047 \
	34097 34104 34118 34121 34126 34131 34147 34149 34156 34161 34167 \
	34168 34181 34197 34203 34214 34221 34243 34244 34260 34268 34279 \
	34288 34292 34318 34324 34337 34355 34369 34370 34374 34378 34398 \
	34402 34409 34412 34418 34425 34428 34446 34455 34482 34484 34494 \
	34495 34519 34527 34538 34540 34567 34572 34589 34592 34593 34594 \
	34595 34600 34611 34613 34630 34650 34651 34653 34664 34675 34679 \
	34700 34721 34725 34729 34738 34740 34742 34752 34753 34768 34780 \
	34783 34785 34819 34829 34845 34854 34855 34856 34857 34891 34896 \
	34897 34922 34957 34980 34999 35001 35002 35004 35018 35057 35072 \
	35092 35095 35098 35119 35123 35126 35130 35134 35138 35147 35152 \
	35174 35180 35186 35204 35235 35236 35255 35271 35283 35298 35312 \
	35317 35324 35328 35347 35351 35357 35361 35371 35379 35405 35407 \
	35417 35441 35453 35462 35470 35487 35500 35502 35511 35521 35532 \
	35537 35539 35540 35545 35564 35590 35598 35599 35617 35644 35650 \
	35664 35665 35674 35675 35686 35696 35698 35705 35718 35728 35734 \
	35736 35741 35751 35782 35784 35804 35806 35809 35816 35817 35831 \
	35858 35871 35880 35884 35892 35901 35914 35944 35957 35964 35976 \
	36003 36015 36025 36027 36039 36049 36050 36053 36058 36069 36101 \
	36119 36129 36146 36154 36162 36178 36190 36198 36223 36248 36259 \
	36260 36287 36288 36302 36361 36457 36482 36484 36489 36494 36496 \
	36514 36515 36521 36544 36554 36565 36569 36608 36620 36623 36631 \
	36635 36637 36679 36681 36682 36688 36723 36740 36748 36751 36784 \
	36806 36807 36827 36832 36833 36837 36870 36875 36881 36886 36923 \
	36924 36939 36940 36971 36972 36978 36981 36990 36997 37002 37004 \
	37012 37031 37040 37053 37063 37066 37109 37139 37142 37171 37181 \
	37191 37192 37200 37202 37235 37238 37239 37241 37249 37263 37275 \
	37279 37303 37310 37311 37322 37325 37348 37361 37367 37385 37389 \
	37396 37403 37413 37430 37431 37437 37445 37459 37470 37490 37498 \
	37509 37539 37557 37562 37566 37578 37590 37597 37602 37605 37615 \
	37618 37635 37655 37661 37680 37683 37699 37727 37747 37753 37787 \
	37799 37833 37837 37848 37854 37863 37869 37893 37901 37910 37954 \
	37964 37980 37999 38001 38006 38015 38019 38021 38030 38048 38050 \
	38068 38085 38087 38088 38089 38091 38093 38103 38113 38131 38135 \
	38144 38155 38167 38171 38185 38220 38224 38226 38235 38256 38257 \
	38348 38361 38375 38378 38381 38384 38387 38390 38400 38469 38483 \
	38495 38551 38553 38555 38563 38564 38566 38580 38609 38630 38631 \
	38638 38661 38669 38702 38710 38741 38746 38753 38754 38758 38761 \
	38786 38801 38818 38825 38870 38872 38900 38903 38907 38915 38921 \
	38925 38933 38936 38938 38955 38969 38970 38974 38982 39010 39026 \
	39040 39063 39074 39086 39098 39112 39114 39147 39148 39151 39168 \
	39175 39181 39194 39212 39239 39240 39249 39263 39272 39282 39284 \
	39292 39316 39323 39357 39360 39375 39398 39414 39429 39467 39468 \
	39476 39482 39492 39494 39503 39504 39529 39534 39545 39548 39552 \
	39579 39581 39582 39586 39587 39597 39607 39629 39630 39642 39643 \
	39645 39653 39662 39680 39685 39686 39692 39694 39700 39708 39710 \
	39711 39714 39730 39738 39778 39783 39786 39820 39830 39836 39857 \
	39901 39902 39908 39921 39937 39938 39939 39945 39948 39957 39958 \
	39963 39966 39970 39979 39982 39983 40001 40003 40004 40028 40052 \
	40055 40057 40077 40078 40082 40083 40087 40092 40098 40107 40112 \
	40115 40127 40128 40168 40176 40229 40231 40238 40240 40268 40274 \
	40275 40279 40297 40323 40342 40343 40354 40366 40372 40373 40383 \
	40385 40389 40391 40392 40425 40440 40462 40468 40473 40490 40492 \
	40516 40528 40550 40557 40582 40583 40587 40608 40622 40653 40654 \
	40658 40659 40667 40678 40703 40716 40721 40724 40735 40738 40756 \
	40757 40764 40770 40779 40782 40793 40815 40827 40829 40835 40840 \
	40843 40846 40853 40861 40883 40890 40891 40893 40910 40919 40928 \
	40951 40957 40964 40984 41000 41006 41018 41023 41024 41032 41033 \
	41036 41054 41071 41079 41080 41082 41095 41096 41111 41134 41141 \
	41162 41170 41191 41196 41204 41214 41216 41217 41218 41221 41222 \
	41225 41227 41233 41242 41247 41248 41260 41267 41273 41300 41309 \
	41326 41337 41338 41349 41367 41394 41401 41405 41434 41447 41453 \
	41465 41474 41475 41516 41519 41533 41534 41548 41558 41567 41573 \
	41580 41581 41610 41611 41614 41632 41634 41641 41654 41665 41668 \
	41677 41680 41711 41712 41730 41735 41758 41766 41775 41800 41835 \
	41836 41839 41853 41875 41898 41906 41910 41919 41925 41932 41940 \
	41944 41947 41970 41984 41993 41995 41996 42002 42012 42028 42029 \
	42034 42039 42042 42055 42057 42059 42061 42062 42071 42076 42091 \
	42104 42148 42165 42166 42189 42191 42199 42206 42215 42224 42226 \
	42228 42264 42267 42283 42287 42290 42292 42295 42307 42309 42317 \
	42320 42325 42326 42339 42340 42344 42350 42376 42388 42421 42425 \
	42435 42437 42452 42461 42492 42501 42523 42530 42536 42545 42552 \
	42568 42573 42594 42604 42617 42625 42671 42673 42674 42675 42684 \
	42691 42695 42727 42754 42757 42760 42763 42766 42772 42773 42774 \
	42778 42791 42803 42811 42814 42817 42818 42822 42860 42861 42874 \
	42883 42887 42889 42891 42900 42933 42942 42948 42970 42976 42999 \
	43001 43034 43043 43064 43065 43067 43069 43078 43081 43089 43101 \
	43102 43122 43144 43151 43176 43187 43188 43224 43227 43231 43234 \
	43262 43277 43301 43302 43305 43316 43341 43356 43371 43373 43397 \
	43403 43410 43433 43434 43454 43455 43475 43482 43494 43497 43509 \
	43562 43570 43573 43578 43579 43580 43613 43619 43638 43694 43697 \
	43702 43703 43717 43719 43739 43743 43770 43779 43788 43814 43815 \
	43816 43821 43827 43847 43871 43880 43883 43888 43903 43915 43917 \
	43920 43930 43934 43944 43956 43969 44005 44008 44027 44033 44058 \
	44060 44061 44085 44089 44125 44131 44139 44167 44185 44207 44208 \
	44212 44225 44232 44233 44238 44243 44246 44254 44271 44300 44332 \
	44339 44345 44376 44379 44385 44387 44389 44402 44413 44415 44424 \
	44439 44443 44447 44450 44451 44471 44474 44478 44481 44482 44507 \
	44525 44543 44555 44556 44557 44580 44600 44605 44609 44612 44618 \
	44621 44630 44634 44641 44642 44655 44659 44677 44689 44712 44721 \
	44729 44744 44747 44759 44785 44793 44805 44823 44846 44850 44881 \
	44882 44885 44909 44913 44930 44931 44937 44948 44954 44956 44962 \
	44968 45022 45026 45042 45055 45066 45080 45093 45099 45110 45127 \
	45140 45145 45152 45155 45161 45162 45182 45196 45198 45208 45214 \
	45230 45262 45265 45267 45280 45283 45293 45294 45301 45309 45322 \
	45330 45336 45346 45379 45394 45395 45396 45403 45404 45417 45421 \
	45431 45434 45437 45451 45452 45455 45464 45465 45477 45478 45480 \
	45500 45525 45526 45527 45543 45563 45571 45596 45617 45620 45635 \
	45639 45644 45648 45649 45650 45662 45666 45682 45718 45719 45726 \
	45738 45746 45761 45773 45780 45798 45801 45813 45822 45838 45865 \
	45884 45904 45909 45911 45925 45931 45932 45938 46005 46012 46016 \
	46025 46028 46060 46090 46096 46100 46101 46103 46109 46112 46115 \
	46119 46123 46124 46130 46131 46135 46143 46149 46152 46163 46166 \
	46175 46197 46228 46232 46240 46259 46274 46279 46303 46316 46332 \
	46342 46343 46344 46349 46354 46359 46371 46376 46396 46398 46399 \
	46402 46408 46410 46413 46426 46441 46464 46478 46483 46501 46520 \
	46525 46528 46532 46540 46546 46551 46575 46583 46589 46591 46596 \
	46602 46611 46614 46616 46618 46619 46628 46629 46636 46650 46656 \
	46659 46661 46662 46666 46669 46676 46681 46682 46692 46703 46733 \
	46747 46755 46774 46775 46776 46781 46788 46795 46798 46801 46802 \
	46809 46821 46833 46849 46854 46857 46859 46860 46863 46879 46880 \
	46896 46919 46922 46928 46932 46938 46953 46968 46970 46973 46974 \
	46982 46990 46991 46995 46999 47011 47015 47040 47047 47049 47065 \
	47066 47077 47089 47094 47097 47108 47113 47115 47125 47127 47142 \
	47158 47204 47222 47225 47226 47235 47263 47264 47269 47301 47302 \
	47304 47314 47315 47330 47341 47351 47355 47383 47397 47405 47406 \
	47411 47412 47440 47442 47451 47455 47469 47476 47494 47508 47513 \
	47522 47530 47551 47575 47595 47599 47615 47616 47628 47636 47647 \
	47650 47659 47675 47681 47690 47721 47727 47770 47825 47830 47832 \
	47833 47834 47862 47865 47872 47875 47902 47909 47910 47923 47925 \
	47928 47929 47931 47952 47964 47965 47977 47978 48026 48059 48088 \
	48099 48117 48128 48129 48133 48135 48140 48141 48142 48143 48160 \
	48161 48162 48168 48194 48201 48211 48216 48229 48245 48256 48257 \
	48258 48278 48279 48296 48307 48308 48326 48328 48329 48354 48393 \
	48402 48421 48440 48442 48443 48452 48454 48469 48486 48499 48500 \
	48506 48534 48551 48563 48565 48574 48633 48646 48649 48663 48668 \
	48676 48681 48698 48727 48741 48756 48764 48791 48803 48812 48821 \
	48848 48863 48875 48884 48887 48899 48900 48906 48910 48928 48936 \
	48974 48991 48997 49001 49019 49037 49045 49050 49064 49065 49071 \
	49074 49088 49104 49124 49141 49147 49154 49158 49164 49167 49176 \
	49180 49204 49237 49246 49253 49271 49275 49286 49295 49320 49337 \
	49362 49374 49380 49391 49392 49401 49407 49410 49413 49416 49453 \
	49459 49466 49472 49473 49475 49485 49501 49506 49534 49543 49550 \
	49566 49567 49578 49586 49588 49590 49611 49636 49641 49664 49665 \
	49674 49682 49683 49685 49696 49711 49715 49723 49764 49778 49785 \
	49788 49789 49791 49796 49797 49800 49806 49813 49819 49833 49836 \
	49837 49840 49872 49877 49902 49906 49933 49950 49969 49982 49983 \
	49987 49988 49998 56761 56765 56768 56777 56780 56799 56803 56827 \
	56855 56889 56900 56963 56977 57001 57011 57030 57037 57061 57121 \
	57133 57170 57177 57189 57192 57195 57204 57224 57246 57267 57293 \
	57295 57309 57326 57367 57370 57396 57430 57475 57480 57503 57571 \
	57602 57609 57627 57708 57711 57729 57747 57750 57759 57794 57837 \
	57849 57851 57877 57892 57919 57924 57939 57942 57958 57990 58008 \
	58033 58050 58054 58070 58072 58106 58131 58208 58251 58300 58307 \
	58315 58331 58335 58343 58352 58370 58372 58403 58408 58413 58432 \
	58465 58547 58562 58571 58572 58587 58590 58592 58601 58609 58640 \
	58666 58673 58676 58686 58705 58713 58730 58743 59001 59022 59084 \
	59097 59229 59495 59507 59828 59861 60031 60314 60809 60984 61342 \
	61792 62030 62214 62336 62445 62536 62551 62904 62959 63309 63382 \
	63584 63587 63676 63696 63896 64254 64319 64321 64534 64610 64629 \
	64630 64631 64731 64797 65019 65037 65054 65063 65147 65161 65166 \
	65624 65806 65811 65822 66001 66010 66071 66126 66139 66564 66641 \
	66644 66823 67100 67234 67264 67811 68028 68036 68186 68382 68475 \
	68573 68743 68789 68937 68947 68953 69052 69053 69066 69098 69165 \
	69176 70344 70603 70626 70657 70753 70786 71014 71576 71747 72058 \
	72138 72282 72471 72501 72556 72832 72917 73050 73083 73114 73270 \
	73547 73642 73827 73832 73958 74020 74073 74163 74717 74758 74988 \
	75139 75567 75574 75625 75658 75953 76192 76333 76450 76552 76711 \
	76798 76993 77108 77575 77727 77953 78174 78238 78326 78361 78476 \
	78614 78808 82880 
 un 116190 8216 4238 8314 112785 77907 8492 121282 7058 \
	3304 84953 7568 2169 8563 3072 
 uf 9054 9182 1931 88221 127731 
 am 73050 0 50106 51167 51176 51305 51454 51478 51516 \
	51632 51695 51896 52468 53436 54082 54392 54524 54636 55184 55207 \
	55268 55737 55749 56183 56406 56754 
 am 82880 0 50106 51167 51176 51305 51454 51478 51516 \
	51632 51695 51896 52468 53436 54082 54392 54524 54636 55184 55207 \
	55268 55737 55749 56183 56406 56754 
CO
 li admit 82880 ps2 qx2 rk4 rv6 ty4 ua7 ug8 wb7 wc9 xu3 yq6 zz4
 ar 0 0 0 0 0 0 0 0
 st 1

116190 char 0
na hobo
il	1 221 \
	54 3 \
	8586 1 \
	83294 1 \
	109711 1
ah 8586 
LI
 wh 65811
CH
 lo 52586
 he 100
 lk 2
 lr 1
 bh 3
 bp 50
 at 80
 df 80
CO
 li wait unit 2396
 ar 0 2396 0 0 0 0 0 0
 cs 2
 wa -1
 st 1
 de 85
 po 1
 pr 1

8216 char 0
na Purna Raukter
il	1 2179 \
	10 54 \
	11 10 \
	12 107 \
	16 49 \
	52 16 \
	54 13 \
	61 111 \
	65 21 \
	68 5 \
	70 20 \
	73 84 \
	74 157 \
	75 1469 \
	76 20 \
	77 688 \
	79 59 \
	82 142 \
	84 7 \
	85 278 \
	95 158 \
	98 8 \
	295 2 \
	59942 1 \
	61988 1 \
	67642 1 \
	70931 1 \
	73082 1 \
	77453 1 \
	89769 1 \
	89861 1 \
	95218 1 \
	101225 1 \
	104328 1 \
	118781 1 \
	125450 1 \
	137042 1 \
	145741 1 \
	147115 1
tl	2 94 9967 4 0 0 0 0 \
	2 95 9926 7 0 0 0 0 \
	2 87 9623 2 0 0 0 0
LI
 wh 73050
 hl 4238 
CH
 lo 52586
 he 100
 lk 2
 lr 1
 sl	630 2 28 0 0 \
	610 2 21 70 0 \
	680 2 21 1 0 \
	682 2 14 15 0 \
	700 2 21 0 0 \
	703 2 14 13 0 \
	617 2 14 33 0 \
	615 2 21 46 0 \
	614 2 14 25 0 \
	641 2 28 1 0 \
	616 2 14 15 0 \
	702 2 14 0 0 \
	611 2 28 0 0 \
	613 2 14 9 0 \
	800 2 28 0 0 \
	820 2 35 0 0 \
	801 2 14 0 0 \
	805 2 14 0 0 \
	804 2 21 0 0 \
	803 2 14 0 0 \
	802 2 14 0 0 \
	806 2 21 0 0 \
	807 2 21 0 0 \
	808 2 21 0 0 \
	809 2 21 0 0 \
	811 2 21 0 0 \
	812 2 21 0 0 \
	813 2 21 0 0 \
	814 2 21 0 0 \
	821 2 21 0 0 \
	822 1 0 0 0 \
	823 1 0 0 0 \
	824 2 21 0 0 \
	825 1 0 0 0 \
	826 1 0 0 0 \
	828 1 14 0 0 \
	831 2 28 0 0 \
	832 2 21 0 0
 bh 9
 bp 50
 ra 70
 at 167
 df 269
 mi 152
 dt 80 25 2395
CM
 im 1
 ma 19
 ca 19
 hs 1
 kw 1
 vp 19
 pl 8563
CO
 li study 828
 ar 828 0 0 0 0 0 0 0
 wa 7
 st 1
 ue 3
 po 1
 pr 3

4238 char 0
na Rincewind the Red Rogue
il	1 116866 \
	11 5 \
	13 25 \
	19 16 \
	20 17 \
	21 175 \
	22 5 \
	52 4 \
	54 55 \
	64 11 \
	65 5 \
	67 5 \
	68 10 \
	69 3 \
	72 329 \
	74 291 \
	75 386 \
	82 43 \
	84 21 \
	85 196 \
	98 1 \
	261 2 \
	271 4 \
	280 2 \
	59177 1 \
	59360 1 \
	59669 1 \
	59865 1 \
	60524 1 \
	60602 1 \
	60640 1 \
	60831 1 \
	60901 1 \
	61705 1 \
	61938 1 \
	62320 1 \
	62386 1 \
	62615 1 \
	62721 1 \
	62996 1 \
	62998 1 \
	63066 1 \
	63163 1 \
	63248 1 \
	63461 1 \
	63497 1 \
	63554 1 \
	63685 1 \
	63789 1 \
	64131 1 \
	64237 1 \
	64309 1 \
	64339 1 \
	64373 1 \
	64465 1 \
	64603 1 \
	65045 1 \
	65134 1 \
	65475 1 \
	65499 1 \
	66138 1 \
	66175 1 \
	66418 1 \
	66423 1 \
	66452 1 \
	67180 1 \
	67399 1 \
	67647 1 \
	67866 1 \
	67975 1 \
	68325 1 \
	68860 1 \
	68901 1 \
	69095 1 \
	69103 1 \
	69565 1 \
	69922 1 \
	70352 1 \
	70490 1 \
	70577 1 \
	70813 1 \
	70889 1 \
	70915 1 \
	70928 1 \
	71148 1 \
	71170 1 \
	71274 1 \
	71415 1 \
	71725 1 \
	71934 1 \
	72182 1 \
	72257 1 \
	72568 1 \
	72594 1 \
	72602 1 \
	72693 1 \
	72754 1 \
	72764 1 \
	72827 1 \
	72847 1 \
	72849 1 \
	72961 1 \
	73062 1 \
	73066 1 \
	73316 1 \
	73768 1 \
	73772 1 \
	73975 1 \
	74084 1 \
	74136 1 \
	74199 1 \
	74515 1 \
	74800 1 \
	74806 1 \
	74971 1 \
	75056 1 \
	75111 1 \
	75144 1 \
	75301 1 \
	75418 1 \
	75451 1 \
	75559 1 \
	75891 1 \
	75914 1 \
	75975 1 \
	76045 1 \
	76230 1 \
	76254 1 \
	76389 1 \
	76402 1 \
	76408 1 \
	76625 1 \
	76634 1 \
	76752 1 \
	76904 1 \
	76981 1 \
	77228 1 \
	77341 1 \
	77418 1 \
	77507 1 \
	77553 1 \
	77556 1 \
	77620 1 \
	77661 1 \
	77748 1 \
	77767 1 \
	77813 1 \
	77881 1 \
	78025 1 \
	78087 1 \
	78199 1 \
	78280 1 \
	78291 1 \
	78355 1 \
	78472 1 \
	78613 1 \
	78689 1 \
	78726 1 \
	78746 1 \
	78818 1 \
	78897 1 \
	78935 1 \
	78943 1 \
	79864 1 \
	80141 1 \
	80661 1 \
	80731 1 \
	82671 1 \
	83993 1 \
	86865 1 \
	87255 1 \
	88401 1 \
	88592 1 \
	90799 1 \
	91226 1 \
	95361 1 \
	97263 1 \
	97921 1 \
	98531 1 \
	101627 1 \
	105209 1 \
	105653 1 \
	106982 1 \
	109114 1 \
	110970 1 \
	111999 1 \
	120912 1 \
	121957 1 \
	122820 1 \
	126096 1 \
	126363 1 \
	127465 1 \
	129321 1 \
	130387 1 \
	131234 1 \
	131743 1 \
	135977 1 \
	137750 1 \
	138720 1 \
	138986 1 \
	141534 1 \
	145042 1 \
	146004 1 \
	147190 1 \
	148092 1
tl	1 67401 815 11 0 0 0 0
LI
 wh 8216
CH
 lo 52586
 he 100
 lk 2
 lr 1
 sl	800 2 28 0 0 \
	802 2 14 33 0 \
	801 2 14 9 0 \
	805 2 14 0 0 \
	803 2 14 11 0 \
	820 2 35 0 0 \
	824 2 21 5 0 \
	823 2 21 1 0 \
	804 2 21 0 0 \
	821 2 21 0 0 \
	822 2 21 0 0 \
	831 2 28 0 0 \
	829 2 21 10 0 \
	825 2 21 0 0 \
	610 2 21 2 0 \
	630 2 28 0 0 \
	827 2 21 4 0 \
	832 2 21 0 0 \
	840 2 35 0 0 \
	841 2 21 5 0 \
	806 2 21 20 0 \
	842 2 14 1 0 \
	812 2 21 0 0 \
	813 2 21 47 0 \
	845 2 21 1 0 \
	846 2 21 0 0 \
	852 2 21 0 0 \
	808 2 21 2 0 \
	843 2 21 0 0 \
	641 2 28 1 0 \
	849 2 21 8 0 \
	847 2 21 0 0 \
	851 2 21 3 0 \
	844 2 21 0 0 \
	807 2 21 0 0 \
	848 2 21 0 0 \
	828 2 21 1 0 \
	809 2 21 0 0 \
	826 2 21 0 0 \
	880 2 42 0 0 \
	884 2 28 0 0 \
	885 2 14 0 0 \
	887 2 21 0 0 \
	888 2 21 0 0 \
	889 2 21 0 0 \
	891 2 21 0 0 \
	892 2 21 0 0 \
	893 2 21 0 0 \
	833 2 21 0 0 \
	811 2 21 0 0 \
	814 2 21 0 0 \
	881 2 14 1 0 \
	882 2 14 0 0 \
	883 2 14 0 0 \
	894 2 21 0 0 \
	920 2 0 0 0 \
	921 2 28 9 0 \
	922 2 28 35 0 \
	886 2 14 0 0 \
	613 2 14 7 0 \
	900 2 42 0 0 \
	901 2 28 0 0 \
	909 2 21 0 0 \
	903 2 21 0 0 \
	902 2 21 0 0 \
	904 2 21 0 0 \
	906 2 21 0 0 \
	905 2 21 0 0 \
	908 2 28 0 0 \
	907 2 21 0 0 \
	911 2 21 2 0
 bh 1
 bp 50
 at 80
 df 80
CM
 im 1
 ma 25
 ca 29
 hs 1
 kw 1
 vp 19
 pl 8563
 pc 17808
 ar 105209
MI
 ds Has anyone seen my Luggage???
CO
 li use 813
 ar 813 0 0 0 0 0 0 0
 wa -1
 st 1
 ue 5
 po 1
 pr 3

8314 char 0
na Silevran
il	1 683 \
	10 8 \
	54 3 \
	280 2 \
	285 10 \
	286 9 \
	81192 1 \
	81356 1 \
	81713 1 \
	84878 1 \
	84920 1 \
	85543 1 \
	91977 1 \
	126957 1
tl	2 94 9974 4 0 0 0 0 \
	2 95 9827 7 0 0 0 0 \
	2 87 9983 2 0 0 0 0
LI
 wh 73050
CH
 lo 52586
 he 100
 lk 2
 lr 1
 sl	610 2 21 6 0 \
	612 2 28 1 0 \
	650 2 28 0 0 \
	652 2 28 0 0 \
	613 2 14 0 0 \
	654 2 28 108 0 \
	651 1 18 0 0 \
	655 2 14 19 0 \
	630 2 28 0 0 \
	641 2 28 1 0 \
	670 2 28 0 0 \
	672 2 21 10 0 \
	671 2 14 0 0
 bh 3
 at 80
 df 30
 dt 180 28 5398
CM
 hs 1
CO
 li breed 10 280
 ar 10 280 0 0 0 0 0 0
 cs 2
 wa 5
 st 1
 ue 2
 de 8
 pr 3

112785 char ni
na weebo
il	271 5
LI
 wh 45666
CH
 ni 287
 lo 52586
 he -1
 lk 4
 at 60
 df 60
CM
 ot 78808
MI
 ca r
CO
 li move n
 ar 0 0 0 0 0 0 0 0
 wa -1
 pr 2

77907 char 0
na Lounge Lizard
il	1 42
LI
 wh 38903
CH
 lo 52586
 he 100
 lk 2
 lr 1
 sl	630 2 28 0 0 \
	610 1 9 0 0 \
	641 2 28 1 0
 bh 2
 bp 50
 at 80
 df 80
CM
 hs 1
CO
 li explore
 ar 0 0 0 0 0 0 0 0
 cs 2
 wa 1
 st 1
 ue 1
 de 6
 pr 3

8492 char 0
na Rolf the Wolf
il	1 1000 \
	54 4 \
	69 1
tl	2 94 9836 4 1 0 0 0 \
	2 95 9892 7 1 0 0 0 \
	2 87 9999 2 1 0 0 0
LI
 wh 25040
CH
 lo 52586
 he 100
 lk 2
 lr 1
 sl	610 2 21 9 0 \
	611 2 28 0 0 \
	617 2 14 9 0 \
	630 2 28 0 0 \
	641 2 28 1 0 \
	730 2 21 0 0 \
	731 2 14 0 0 \
	732 2 14 8 0 \
	733 2 14 6 0 \
	615 2 21 5 0
 bh 9
 bp 50
 at 80
 df 80
 mi 50
CM
 hs 1
 vp 2
CO
 li explore
 ar 0 0 0 0 0 0 0 0
 cs 2
 wa 1
 st 1
 ue 2
 de 6
 pr 3

121282 char 0
na Last True Orc
il	1 586 \
	54 4 \
	69 1
tl	2 94 99894 4 0 0 0 0 \
	2 65051 35 169 0 0 0 0 \
	2 95 9987 7 0 0 0 0
LI
 wh 25040
CH
 lo 52586
 he 100
 lk 2
 lr 1
 sl	630 2 28 0 0 \
	641 2 28 1 0 \
	610 2 21 5 0 \
	615 1 7 0 0
 bh 9
 bp 50
 at 80
 df 80
CM
 hs 1
CO
 li explore
 ar 0 0 0 0 0 0 0 0
 cs 2
 wa 1
 st 1
 ue 1
 de 6
 pr 3

7058 char 0
na Abnir
il	1 942 \
	54 2 \
	63712 1 \
	72008 1
tl	2 94 9987 4 0 0 0 0 \
	2 95 9925 7 0 0 0 0 \
	2 87 9999 2 0 0 0 0
LI
 wh 25040
CH
 lo 52586
 he 100
 lk 2
 lr 1
 sl	630 2 28 0 0 \
	610 2 21 13 0 \
	611 2 28 0 0 \
	615 2 21 20 0 \
	612 2 28 1 0 \
	637 2 21 0 0 \
	641 2 28 1 0 \
	616 2 14 12 0 \
	614 2 14 6 0 \
	617 2 14 34 0 \
	680 2 21 0 0 \
	682 2 14 1 0
 bh 3
 at 119
 df 114
 mi 122
CM
 hs 1
CO
 li explore
 ar 0 0 0 0 0 0 0 0
 cs 2
 wa 1
 st 1
 ue 2
 de 6
 pr 3

3304 char 0
na Farhills
il	1 1366 \
	10 10 \
	20 11 \
	51 37 \
	52 73 \
	53 12 \
	54 122 \
	55 7 \
	64 20 \
	69 7 \
	70 7 \
	73 143 \
	75 1000 \
	83 2 \
	84 126 \
	59212 1 \
	59862 1 \
	59971 1 \
	60087 1 \
	60402 1 \
	60916 1 \
	60963 1 \
	61404 1 \
	61444 1 \
	61653 1 \
	61729 1 \
	61828 1 \
	62043 1 \
	62607 1 \
	62719 1 \
	62764 1 \
	63016 1 \
	63049 1 \
	63089 1 \
	63093 1 \
	63223 1 \
	63416 1 \
	63417 1 \
	63465 1 \
	63621 1 \
	63658 1 \
	64104 1 \
	64126 1 \
	64138 1 \
	64150 1 \
	64574 1 \
	64593 1 \
	64758 1 \
	65224 1 \
	66073 1 \
	66101 1 \
	66329 1 \
	66700 1 \
	66761 1 \
	67104 1 \
	67421 1 \
	68065 1 \
	68162 1 \
	68512 1 \
	68552 1 \
	68587 1 \
	68643 1 \
	68672 1 \
	69423 1 \
	69515 1 \
	69616 1 \
	69992 1 \
	70058 1 \
	70066 1 \
	70282 1 \
	70578 1 \
	70588 1 \
	70728 1 \
	71272 1 \
	71590 1 \
	71756 1 \
	72030 1 \
	72291 1 \
	72358 1 \
	72697 1 \
	72829 1 \
	72904 1 \
	73117 1 \
	73408 1 \
	73725 1 \
	74194 1 \
	74249 1 \
	74263 1 \
	74431 1 \
	74454 1 \
	74819 1 \
	75100 1 \
	75181 1 \
	75278 1 \
	75315 1 \
	75427 1 \
	75474 1 \
	75625 1 \
	75984 1 \
	76082 1 \
	76422 1 \
	76436 1 \
	76473 1 \
	76576 1 \
	76609 1 \
	76966 1 \
	77044 1 \
	77072 1 \
	77164 1 \
	77344 1 \
	77409 1 \
	77826 1 \
	77995 1 \
	78011 1 \
	78566 1 \
	78599 1 \
	78716 1 \
	78753 1 \
	78808 1 \
	82382 1 \
	83680 1 \
	85418 1 \
	85636 1 \
	87083 1 \
	88618 1 \
	90452 1 \
	93978 1 \
	96393 1 \
	97920 1 \
	103454 1 \
	120608 1 \
	121128 1 \
	125999 1 \
	126224 1 \
	127549 1 \
	127828 1 \
	131378 1 \
	136264 1 \
	138924 1 \
	142140 1 \
	149136 1 \
	149469 1 \
	149499 1
tl	2 94 9947 4 0 0 0 0 \
	2 95 9897 7 0 0 0 0 \
	2 87 9999 2 0 0 0 0
LI
 wh 82880
CH
 lo 52586
 he 100
 lk 2
 lr 1
 sl	800 2 28 0 0 \
	820 2 35 0 0 \
	630 2 28 0 0 \
	802 2 14 30 0 \
	823 2 21 12 0 \
	824 2 21 0 0 \
	828 2 21 1 0 \
	831 2 28 0 0 \
	825 2 21 2 0 \
	821 2 21 0 0 \
	827 2 21 1 0 \
	829 2 21 0 0 \
	822 2 21 0 0 \
	826 2 21 0 0 \
	832 2 21 1 0 \
	610 2 21 6 0 \
	614 2 14 10 0 \
	611 2 28 0 0 \
	804 2 21 0 0 \
	805 2 14 0 0 \
	803 2 14 4 0 \
	801 2 14 2 0 \
	900 2 42 0 0 \
	902 2 21 4 0 \
	903 2 21 12 0 \
	833 2 21 0 0 \
	901 2 28 0 0 \
	641 2 28 1 0 \
	911 2 21 2 0 \
	909 2 21 10 0 \
	905 2 21 0 0 \
	907 2 21 0 0 \
	908 2 28 0 0 \
	906 2 21 0 0 \
	807 2 21 0 0 \
	806 2 21 8 0 \
	904 2 21 0 0 \
	860 2 35 0 0 \
	861 2 14 0 0 \
	862 2 14 0 0 \
	880 2 42 0 0 \
	840 2 35 0 0 \
	808 2 21 1 0 \
	812 2 21 0 0 \
	813 2 21 80 0 \
	892 2 21 1 0 \
	894 2 21 0 0 \
	841 2 21 1 0 \
	881 2 14 1 0 \
	882 2 14 0 0 \
	883 2 14 0 0 \
	844 2 21 0 0 \
	845 2 21 1 0 \
	852 2 21 0 0 \
	871 2 21 0 0 \
	842 2 14 8 0 \
	872 2 21 0 0 \
	849 2 21 6 0 \
	612 2 28 1 0 \
	615 2 21 18 0 \
	888 2 21 0 0 \
	846 2 21 0 0 \
	869 2 14 0 0 \
	814 2 21 0 0 \
	809 2 21 0 0 \
	886 2 14 0 0 \
	843 2 21 0 0 \
	811 2 21 0 0 \
	891 2 21 0 0 \
	885 2 14 0 0 \
	848 2 21 0 0 \
	851 2 21 0 0 \
	847 2 21 0 0 \
	887 2 21 0 0 \
	866 2 14 0 0 \
	864 2 14 0 0 \
	889 2 21 0 0 \
	867 2 21 0 0 \
	884 2 28 0 0 \
	893 2 21 0 0 \
	863 2 14 0 0 \
	868 2 21 0 0 \
	865 2 14 0 0 \
	920 2 0 0 0 \
	921 2 28 1 0 \
	922 2 28 34 0
 bh 1
 ra 30
 at 80
 df 97
 mi 58
 dt 34 14 1004
CM
 im 1
 ma 3
 ca 128
 hs 1
 kw 1
 ar 60087
CO
 li use 922 99167 75
 ar 922 99167 75 0 0 0 0 0
 wa -1
 st 1
 ue 5
 po 1
 pr 3

84953 char 0
na Army men
il	1 5400 \
	11 4 \
	12 12 \
	15 121 \
	20 1 \
	54 4 \
	69 1 \
	74 271 \
	76 22 \
	77 254 \
	85 120 \
	94 479 \
	95 93 \
	98 95 \
	261 2
tl	2 94 954 4 0 0 0 0
LI
 wh 58590
CH
 lo 52586
 he 100
 lk 2
 lr 1
 sl	610 2 21 12 0 \
	616 2 14 7 0 \
	615 2 21 3 0 \
	611 2 28 0 0 \
	630 2 28 0 0 \
	641 2 28 1 0
 bp 50
 at 80
 df 80
 mi 63
CM
 hs 1
CO
 li train 20
 ar 20 0 0 1 0 0 0 0
 cs 2
 wa -1
 st 1
 ue 1
 de 1
 po 1
 pr 3

7568 char 0
na Jenelle
il	54 2
tl	2 94 9959 4 0 0 0 0 \
	2 95 9783 7 0 0 0 0 \
	2 87 9999 2 0 0 0 0
LI
 wh 30814
CH
 lo 52586
 he 100
 lk 2
 lr 1
 sl	630 2 28 0 0 \
	610 2 21 20 0 \
	720 2 21 0 0 \
	700 2 21 0 0 \
	702 2 14 17 0 \
	721 2 14 27 0 \
	722 2 14 7 0 \
	680 2 21 7 0 \
	613 2 14 1 0 \
	617 2 14 6 0 \
	682 2 14 4 0 \
	612 2 28 1 0 \
	641 2 28 1 0 \
	723 2 14 4 0 \
	614 2 14 1 0 \
	704 2 14 7 0 \
	690 2 28 0 0 \
	693 2 21 7 0 \
	703 2 14 24 0
 at 80
 df 38
 dt 191 3 5703
CM
 hs 1
CO
 li explore
 ar 0 0 0 0 0 0 0 0
 cs 2
 wa 2
 st 1
 ue 2
 de 5
 pr 3

2169 char 0
na Wanda Red of Frozen Lake
il	1 131 \
	54 1 \
	69 1
tl	2 94 9944 4 0 0 0 0 \
	2 95 9838 7 0 0 0 0 \
	2 87 8052 2 0 0 0 0
LI
 wh 33454
CH
 lo 52586
 he 100
 lk 2
 lr 2
 sl	600 2 21 0 0 \
	603 2 14 42 0 \
	601 2 14 60 0 \
	602 2 14 0 0 \
	630 2 28 0 0 \
	610 2 21 16 0 \
	730 2 21 0 0 \
	733 2 14 1 0 \
	732 2 14 5 0 \
	611 2 28 0 0 \
	612 2 28 0 0 \
	731 2 14 0 0 \
	641 2 28 1 0 \
	615 2 21 0 0 \
	616 2 14 0 0
 mo 7799
 bh 9
 bp 50
 at 80
 df 80
 mi 50
CM
 hs 1
CO
 li move e
 ar 0 2 21016 0 0 4 33454 0
 cs 2
 wa 2
 st 1
 ue 1
 de 2
 pr 2

8563 char 0
na Templer
il	1 200 \
	69 1
tl	2 94 9999 4 0 0 0 0 \
	2 95 9945 7 0 0 0 0 \
	2 87 9999 2 0 0 0 0 \
	1 54 1 1000 0 0 0 0
LI
 wh 38915
CH
 lo 52586
 he 100
 lk 3
 lr 9817
 sl	610 2 21 0 0 \
	630 2 28 0 0 \
	611 2 28 0 0 \
	641 2 28 1 0 \
	635 2 28 0 0
 mo 7799
 bh 9
 bp 50
 ra 70
 at 80
 df 80
CM
 hs 1
 vp 2
 pl 2927
CO
 li move s
 ar 0 3 38742 0 0 8 38915 0
 cs 2
 wa 6
 st 1
 ue 1
 de 2
 pr 2

3072 char 0
na Fanuilh
il	1 350 \
	54 1 \
	69 1
tl	2 95 9889 7 0 0 0 0
LI
 wh 21421
CH
 lo 52586
 he 100
 lk 2
 lr 1
 sl	680 2 21 6 0 \
	610 2 21 16 0 \
	615 2 21 8 0 \
	616 2 14 11 0 \
	700 2 21 0 0 \
	682 2 14 0 0 \
	702 2 14 2 0 \
	612 2 28 0 0 \
	630 2 28 0 0 \
	641 2 28 1 0 \
	617 2 14 1 0 \
	703 2 14 0 0 \
	611 1 14 0 0
 mo 7800
 bh 9
 bp 50
 at 80
 df 80
 mi 50
CM
 hs 1
 vp 1
CO
 li move e
 ar 0 2 40004 0 0 4 21421 0
 cs 2
 wa 3
 st 1
 ue 1
 de 1
 pr 2

