52606 player pl_regular
na Vikings
il	1 1137
ad 52606 55374 55526 56136 
CH
PL
 fn Chris Scheirs
 em vanholsbeeck@village.uunet.be
 pw azertyui
 np 3
 ft 58
 nt 1
 so 1
 lt 260
 kn 69 600 601 602 603 610 611 612 613 614 \
	615 616 617 630 631 632 633 634 639 641 650 \
	652 653 654 655 670 671 680 700 702 704 730 \
	731 732 733 800 801 802 803 804 805 806 807 \
	808 809 811 812 813 814 820 821 822 823 824 \
	840 841 842 843 844 845 846 847 848 849 851 \
	852 880 881 882 883 884 885 886 887 888 889 \
	891 892 893 894 900 901 902 903 904 905 906 \
	907 908 909 911 920 921 922 1212 1370 1523 1582 \
	2806 2979 3225 4673 4681 4822 5552 6159 6461 6710 6948 \
	7473 8067 8763 9389 11980 11981 11982 11983 11984 12077 12078 \
	12079 12080 12081 12082 12083 12084 12177 12178 12179 12180 12181 \
	12182 12183 12184 12185 12186 12187 12188 12253 12254 12255 12256 \
	12257 12258 12259 12260 12261 12262 12263 12264 12265 12266 12277 \
	12278 12279 12280 12281 12282 12283 12284 12285 12286 12287 12288 \
	12289 12290 12291 12292 12346 12347 12348 12349 12350 12351 12353 \
	12354 12355 12366 12377 12378 12379 12380 12381 12382 12383 12384 \
	12385 12386 12387 12388 12389 12391 12392 12446 12451 12455 12458 \
	12459 12460 12461 12462 12463 12464 12465 12466 12467 12468 12469 \
	12470 12471 12472 12473 12474 12475 12476 12477 12478 12479 12480 \
	12481 12482 12483 12484 12485 12486 12487 12488 12489 12490 12491 \
	12492 12543 12544 12545 12546 12551 12552 12553 12554 12555 12558 \
	12559 12560 12561 12562 12563 12564 12565 12566 12582 12584 12591 \
	12592 12643 12644 12645 12646 12647 12648 12649 12657 12658 12659 \
	12660 12661 12662 12663 12664 12665 12666 12667 12668 12669 12670 \
	12671 12672 12673 12674 12675 12676 12677 12678 12679 12680 12681 \
	12682 12683 12684 12685 12686 12687 12688 12689 12690 12691 12692 \
	12749 12751 12752 12753 12754 12755 12756 12757 12758 12759 12760 \
	12761 12762 12763 12764 12765 12766 12767 12768 12773 12776 12777 \
	12778 12782 12784 12791 12792 12849 12850 12851 12858 12859 12860 \
	12861 12862 12863 12864 12868 12872 12873 12874 12875 12876 12877 \
	12878 12879 12880 12882 12891 12892 12946 12947 12948 12949 12950 \
	12951 12952 12953 12954 12955 12956 12957 12958 12959 12960 12961 \
	12962 12963 12964 12965 12966 12967 12968 12972 12973 12974 12982 \
	12992 13062 13063 13067 13068 13069 13070 13071 13072 13073 13074 \
	13082 13092 13161 13162 13163 13167 13168 13169 13170 13171 13172 \
	13173 13174 13175 13180 13182 13192 13261 13263 13264 13265 13266 \
	13267 13268 13271 13273 13274 13275 13276 13278 13279 13280 13282 \
	13292 13361 13363 13368 13369 13370 13371 13372 13373 13374 13375 \
	13376 13377 13378 13380 13381 13382 13392 13470 13473 13474 13476 \
	13477 13478 13479 13480 13482 13483 13484 13485 13486 13487 13488 \
	13489 13490 13491 13492 13555 13556 13557 13558 13559 13570 13573 \
	13574 13575 13576 13577 13578 13579 13580 13581 13582 13583 13584 \
	13585 13586 13587 13588 13589 13590 13591 13592 13655 13659 13670 \
	13673 13674 13675 13676 13677 13680 13681 13682 13683 13684 13690 \
	13755 13756 13757 13759 13770 13772 13773 13776 13777 13780 13781 \
	13857 13859 13863 13864 13865 13866 13867 13868 13869 13870 13871 \
	13872 13873 13874 13876 13877 13880 13881 13957 13959 13960 13961 \
	13962 13963 13970 13971 13972 13974 13975 13976 13977 13978 13979 \
	13980 13981 14041 14042 14043 14044 14045 14046 14047 14048 14049 \
	14050 14051 14052 14053 14054 14055 14056 14057 14063 14070 14071 \
	14072 14073 14074 14075 14076 14077 14079 14080 14081 14125 14126 \
	14127 14128 14129 14130 14131 14132 14133 14141 14161 14162 14163 \
	14171 14173 14175 14176 14177 14178 14179 14180 14181 14223 14224 \
	14225 14233 14239 14240 14241 14268 14269 14270 14271 14272 14273 \
	14274 14275 14276 14277 14278 14279 14280 14281 14323 14333 14339 \
	14363 14364 14365 14366 14367 14368 14375 14376 14377 14378 14379 \
	14380 14381 14423 14431 14432 14433 14439 14463 14468 14471 14472 \
	14473 14474 14475 14476 14477 14478 14479 14481 14523 14524 14525 \
	14526 14527 14531 14532 14539 14563 14564 14565 14566 14567 14568 \
	14571 14577 14578 14579 14581 14582 14583 14584 14627 14632 14639 \
	14668 14671 14678 14679 14684 14732 14739 14768 14771 14778 14779 \
	14784 14832 14839 14868 14871 14878 14879 14884 14926 14927 14928 \
	14932 14939 14968 14971 14974 14975 14976 14977 14978 14979 14984 \
	15026 15028 15029 15030 15031 15032 15038 15039 15055 15056 15057 \
	15058 15059 15060 15068 15069 15071 15072 15073 15074 15075 15076 \
	15077 15078 15079 15080 15084 15085 15086 15126 15131 15138 15155 \
	15160 15166 15167 15168 15169 15177 15178 15179 15180 15185 15226 \
	15238 15255 15260 15266 15276 15277 15278 15279 15280 15281 15282 \
	15283 15284 15285 15286 15287 15326 15336 15337 15338 15341 15342 \
	15343 15344 15345 15346 15347 15348 15349 15350 15351 15355 15360 \
	15364 15365 15366 15369 15370 15371 15372 15373 15374 15375 15376 \
	15377 15378 15379 15380 15381 15382 15383 15384 15385 15386 15387 \
	15388 15389 15416 15417 15426 15436 15440 15441 15446 15447 15448 \
	15449 15450 15451 15452 15455 15460 15464 15469 15476 15477 15478 \
	15479 15480 15481 15482 15483 15484 15485 15486 15487 15488 15489 \
	15490 15491 15517 15518 15519 15520 15521 15522 15523 15526 15527 \
	15528 15529 15530 15531 15536 15540 15546 15547 15548 15549 15550 \
	15552 15554 15555 15560 15561 15562 15563 15564 15569 15571 15572 \
	15574 15575 15576 15577 15578 15579 15580 15581 15582 15583 15584 \
	15585 15586 15587 15588 15589 15591 15620 15623 15631 15636 15640 \
	15646 15650 15651 15652 15653 15654 15661 15662 15669 15671 15672 \
	15673 15674 15675 15676 15677 15678 15679 15680 15681 15682 15683 \
	15684 15685 15686 15687 15688 15689 15690 15691 15692 15723 15731 \
	15736 15740 15746 15752 15753 15754 15762 15768 15769 15770 15771 \
	15772 15773 15774 15775 15776 15777 15778 15779 15780 15781 15782 \
	15783 15784 15785 15786 15787 15788 15789 15791 15792 15823 15831 \
	15832 15833 15834 15835 15836 15840 15846 15852 15853 15854 15862 \
	15874 15875 15876 15877 15878 15879 15880 15881 15882 15883 15884 \
	15885 15886 15887 15888 15889 15891 15892 15923 15924 15925 15926 \
	15927 15940 15946 15952 15953 15954 15955 15956 15957 15958 15959 \
	15960 15962 15970 15971 15972 15973 15974 15975 15976 15977 15978 \
	15979 15980 15981 15982 15983 15984 15985 15986 15987 15988 15989 \
	15991 15992 16026 16029 16030 16031 16032 16033 16034 16035 16036 \
	16037 16040 16046 16048 16051 16052 16054 16060 16061 16062 16063 \
	16064 16065 16066 16067 16070 16072 16073 16074 16075 16076 16077 \
	16078 16079 16080 16081 16082 16083 16084 16085 16086 16087 16088 \
	16089 16091 16092 16126 16127 16128 16129 16130 16131 16132 16137 \
	16139 16140 16146 16147 16148 16151 16152 16153 16154 16162 16163 \
	16164 16165 16166 16167 16168 16169 16170 16171 16172 16173 16174 \
	16175 16176 16177 16178 16179 16180 16181 16182 16183 16184 16185 \
	16186 16187 16188 16189 16191 16192 16237 16239 16247 16248 16251 \
	16252 16262 16269 16270 16272 16273 16274 16275 16276 16277 16278 \
	16279 16280 16281 16282 16283 16284 16285 16286 16287 16288 16289 \
	16291 16292 16337 16339 16347 16348 16349 16369 16370 16371 16372 \
	16373 16374 16375 16376 16377 16378 16379 16380 16381 16382 16383 \
	16384 16386 16389 16391 16392 16437 16438 16439 16445 16446 16447 \
	16448 16449 16450 16468 16469 16470 16471 16472 16473 16474 16475 \
	16476 16477 16478 16479 16480 16481 16482 16483 16485 16486 16489 \
	16491 16492 16546 16549 16550 16568 16569 16570 16571 16573 16574 \
	16575 16576 16577 16578 16579 16580 16581 16582 16583 16584 16585 \
	16586 16587 16588 16589 16591 16592 16646 16649 16650 16651 16652 \
	16653 16654 16655 16656 16669 16670 16671 16672 16673 16674 16675 \
	16676 16677 16678 16679 16680 16681 16682 16688 16689 16691 16692 \
	16746 16749 16750 16771 16772 16773 16774 16775 16776 16777 16778 \
	16779 16780 16781 16782 16783 16784 16785 16786 16787 16788 16789 \
	16790 16791 16792 16846 16848 16849 16850 16872 16874 16875 16876 \
	16877 16878 16879 16880 16881 16882 16886 16887 16888 16889 16890 \
	16891 16892 16945 16946 16947 16948 16949 16950 16954 16956 16972 \
	16973 16974 16975 16976 16977 16978 16981 16982 16986 16991 17045 \
	17046 17047 17048 17049 17050 17054 17056 17071 17072 17073 17074 \
	17075 17076 17077 17078 17145 17146 17149 17150 17151 17152 17153 \
	17154 17155 17156 17157 17158 17159 17160 17161 17162 17163 17164 \
	17165 17166 17167 17168 17169 17170 17171 17172 17173 17174 17245 \
	17246 17250 17263 17264 17265 17266 17267 17274 17345 17346 17349 \
	17350 17363 17364 17365 17366 17445 17446 17448 17449 17463 17464 \
	17466 17545 17546 17547 17548 17563 17564 17645 17646 17647 17663 \
	17746 21817 46051 46929 56782 56848 56861 56916 56929 56952 56958 \
	56983 57010 57028 57060 57061 57069 57116 57140 57141 57143 57149 \
	57165 57190 57268 57285 57294 57325 57331 57352 57364 57368 57371 \
	57401 57402 57422 57435 57483 57497 57501 57516 57531 57537 57541 \
	57547 57568 57618 57652 57675 57685 57686 57689 57714 57730 57731 \
	57743 57754 57757 57793 57812 57826 57842 57865 57870 57920 57933 \
	57934 58006 58052 58053 58071 58073 58105 58110 58112 58137 58138 \
	58148 58166 58200 58259 58270 58324 58325 58335 58349 58351 58364 \
	58380 58409 58424 58427 58431 58468 58493 58502 58516 58521 58522 \
	58559 58600 58615 58635 58643 58644 58653 58670 58678 58687 58693 \
	58699 58706 58716 58717 58728 58736 59129 59309 59389 59447 59803 \
	59950 60371 60701 61200 61452 61799 61981 62261 62349 62391 62782 \
	62796 63358 63913 63916 63921 64058 64524 65156 65295 65604 65726 \
	65946 66412 66727 66829 67080 67644 67686 67833 67855 68244 68278 \
	68990 68993 69137 69302 69345 69647 69795 70245 70385 70829 71071 \
	71514 71536 71615 71628 71746 72142 72407 72609 72657 72724 73104 \
	73366 73534 73734 74298 74346 74371 74991 75426 75430 75463 75493 \
	75607 75653 75778 76107 76397 76435 76873 77267 77289 77433 77502 \
	77641 77986 78240 78333 78449 78586 78833 78978 81788 113621 126356 \
	149217 
 un 77416 66305 65989 72584 64315 61923 124832 143361 78990 \
	104545 84005 99866 
 uf 119276 116529 97208 91604 109897 
 am 1212 0 52606 55374 55526 56136 
 am 1486 0 52606 55374 55526 56136 
 am 61923 0 52606 55374 55526 56136 
 am 64315 0 52606 55374 55526 56136 
 am 64352 0 52606 55374 55526 56136 
 am 65989 0 52606 55374 55526 56136 
 am 66305 0 52606 55374 55526 56136 
 am 72584 0 52606 55374 55526 56136 
 am 77416 0 52606 55374 55526 56136 
 am 78990 0 52606 55374 55526 56136 
 am 84005 0 52606 55374 55526 56136 
 am 99866 0 52606 55374 55526 56136 
 am 104545 0 52606 55374 55526 56136 
 am 124832 0 52606 55374 55526 56136 
 am 143361 0 52606 55374 55526 56136 
 am 149217 0 52606 55374 55526 56136 
CO
 li accept 0 0
 ar 0 0 0 0 0 0 0 0
 st 1

77416 char 0
na Gudjon Thordarsson
il	1 49 \
	52 1 \
	94 28 \
	95 3
an 51167 51454 51478 52468 52606 53436 54636 55184 55374 \
	55526 55749 56136 56183 56406 56542 
LI
 wh 14627
CH
 lo 52606
 he 100
 lk 2
 lr 1
 sl	700 2 21 0 0 \
	702 2 14 13 0 \
	610 2 21 40 0 \
	617 2 14 21 0 \
	612 2 28 1 0 \
	630 2 28 0 0 \
	615 2 21 0 0 \
	641 2 28 1 0 \
	611 2 28 0 0
 at 80
 df 30
 mi 50
 dt 155 3 4623
CM
 hs 1
CO
 li move in
 ar 0 0 0 0 0 0 0 0
 wa -1
 st 1
 ue 1
 pr 2

66305 char 0
na Helgi Sigtryggsson
il	1 96 \
	52 1
LI
 wh 15416
CH
 lo 52606
 pl 56746
 he 100
 lk 2
 lr 1
 sl	600 2 21 0 0 \
	602 2 14 1 0 \
	601 2 14 90 0 \
	603 2 14 5 0 \
	610 2 21 25 0 \
	617 2 14 8 0 \
	612 2 28 1 0 \
	616 2 14 3 0 \
	630 2 28 0 0 \
	614 2 14 10 0 \
	631 2 14 1 0 \
	641 2 28 1 0 \
	639 2 21 0 0 \
	615 2 21 2 0 \
	611 2 28 0 0
 mo 7800
 at 97
 df 117
 mi 65
 dt 104 1 3091
CM
 hs 1
CO
 li move w
 ar 0 4 15415 0 0 4 15416 0
 cs 2
 wa 3
 st 1
 ue 1
 de 1
 pr 2

65989 char 0
na Hlynur Hakonarsson
il	1 16 \
	52 2
LI
 wh 15564
CH
 lo 52606
 he 100
 lk 2
 lr 1
 sl	610 2 21 10 0 \
	630 2 28 0 0 \
	600 2 21 0 0 \
	601 2 14 23 0 \
	602 2 14 2 0 \
	615 2 21 2 0 \
	639 2 21 0 0 \
	641 2 28 1 0 \
	612 2 28 1 0
 at 80
 df 80
 mi 88
CM
 hs 1
CO
 li use 615
 ar 615 0 0 0 0 0 0 0
 wa -1
 st 1
 ue 1
 po 1
 pr 3

72584 char 0
na Frodo Baggins
il	1 2854 \
	271 6
LI
 wh 61575
CH
 lo 52606
 he 100
 lk 2
 lr 1
 sl	650 2 28 0 0 \
	654 2 28 163 0 \
	653 2 28 0 0 \
	610 2 21 13 0 \
	611 2 28 0 0 \
	612 2 28 1 0 \
	652 2 28 0 0 \
	617 2 14 11 0 \
	655 2 14 1 0
 mo 7798
 at 80
 df 80
CM
 vp 5
 pl 7428
CO
 li breed 271 271
 ar 271 271 0 0 0 0 0 0
 cs 2
 wa 2
 st 1
 ue 1
 de 60
 pr 3

64315 char 0
na Samwise Gamgee
il	1 4071 \
	54 1 \
	282 6
LI
 wh 61575
CH
 lo 52606
 he 100
 lk 2
 lr 2
 sl	650 2 28 0 0 \
	654 2 28 139 0 \
	630 2 28 0 0 \
	610 2 21 32 0 \
	611 2 28 0 0 \
	641 2 28 1 0 \
	631 2 14 11 0 \
	639 2 21 0 0 \
	617 2 14 13 0 \
	653 2 28 0 0 \
	615 2 21 4 0 \
	700 2 21 0 0 \
	702 2 14 0 0 \
	655 2 14 1 0
 mo 7798
 bh 9
 bp 50
 at 80
 df 80
 mi 50
CM
 hs 1
 vp 5
CO
 li breed 282 282
 ar 282 282 0 0 0 0 0 0
 cs 2
 wa 2
 st 1
 ue 2
 de 60
 pr 3

61923 char 0
na Gimli
il	1 3325 \
	94 30 \
	282 6
LI
 wh 61575
CH
 lo 52606
 he 100
 lk 2
 lr 1
 sl	630 2 28 0 0 \
	610 2 21 8 0 \
	600 2 21 0 0 \
	601 2 14 39 0 \
	617 2 14 1 0 \
	612 2 28 1 0 \
	641 2 28 0 0 \
	611 2 28 0 0 \
	631 2 14 18 0 \
	615 2 21 6 0 \
	614 2 14 11 0 \
	616 2 14 6 0 \
	613 2 14 0 0 \
	634 2 14 0 0 \
	632 2 14 0 0 \
	633 2 14 0 0 \
	650 2 28 0 0 \
	654 2 28 10 0
 mo 7798
 at 102
 df 100
 mi 87
 dt 165 28 4948
CM
 vp 1
CO
 li breed 282 282
 ar 282 282 0 0 0 0 0 0
 cs 2
 wa 2
 st 1
 ue 2
 de 60
 pr 3

124832 char ni
il	1 1184 \
	94 100
LI
 wh 4571
CH
 ni 33
 lo 52606
 he -1
 lk 4
 bh 9
 at 60
 df 60
CM
 ot 71410
MI
 ca r
CO
 li seek
 ar 0 0 0 0 0 0 0 0
 cs 2
 wa 5
 st 1
 de 2
 po 1
 pr 3

143361 char ni
il	1 1169
LI
 wh 5290
CH
 ni 34
 lo 52606
 he -1
 lk 4
 bh 9
 at 60
 df 60
CM
 ot 65946
MI
 ca r
CO
 li seek
 ar 0 0 0 0 0 0 0 0
 cs 2
 wa 5
 st 1
 de 2
 po 1
 pr 3

78990 char 0
na Bilbo Baggins
il	1 34 \
	31 624 \
	54 1 \
	65946 1 \
	68775 1 \
	71410 1 \
	72657 1 \
	75588 1 \
	81788 1 \
	113621 1 \
	126356 1
tl	2 94 3 4 0 0 0 0
LI
 wh 64058
CH
 lo 52606
 he 100
 lk 2
 lr 1
 sl	800 2 28 0 0 \
	811 2 21 1 0 \
	802 2 14 22 0 \
	809 2 21 1 0 \
	813 2 21 12 0 \
	814 2 21 0 0 \
	806 2 21 37 0 \
	807 2 21 11 0 \
	808 2 21 4 0 \
	812 2 21 0 0 \
	880 2 42 0 0 \
	610 2 21 5 0 \
	881 2 14 1 0 \
	920 2 0 0 0 \
	922 2 28 44 0 \
	630 2 28 0 0 \
	639 2 21 0 0 \
	641 2 28 1 0 \
	884 2 28 0 0 \
	885 2 14 0 0 \
	886 2 14 0 0 \
	887 2 21 0 0 \
	888 2 21 0 0 \
	889 2 21 0 0 \
	891 2 21 0 0 \
	892 2 21 0 0 \
	893 2 21 0 0 \
	894 2 21 0 0 \
	614 2 14 15 0 \
	617 2 14 19 0 \
	900 2 42 0 0 \
	905 2 21 0 0 \
	906 2 21 0 0 \
	907 2 21 0 0 \
	904 2 21 0 0 \
	909 2 21 0 0 \
	911 2 21 2 0 \
	840 2 35 0 0 \
	842 2 14 0 0 \
	843 2 21 0 0 \
	844 2 21 0 0 \
	849 2 21 7 0 \
	846 2 21 3 0 \
	847 2 21 9 0 \
	848 2 21 0 0 \
	852 2 21 0 0 \
	851 2 21 0 0 \
	921 2 28 6 0 \
	841 2 21 43 0 \
	845 2 21 1 0 \
	903 2 21 0 0 \
	801 2 14 0 0 \
	803 2 14 0 0 \
	804 2 21 0 0 \
	902 2 21 0 0 \
	882 2 14 0 0 \
	883 2 14 0 0 \
	805 2 14 0 0 \
	908 2 28 0 0 \
	611 2 28 0 0
 bh 9
 bp 50
 at 80
 df 97
 dt 88 19 2629
CM
 im 1
 ma 43
 ca 207
 hs 1
 vp 5
 ar 71629
CO
 li collect 31
 ar 31 0 0 11 0 0 0 0
 cs 2
 wa -1
 st 1
 ue 3
 de 11
 po 1
 pr 3

104545 char 0
na Gandalf The White
il	1 551 \
	52 1 \
	94 4
tl	2 94 7 4 0 0 0 0
LI
 wh 9570
CH
 lo 52606
 he 100
 lk 2
 lr 1
 sl	610 2 21 0 0 \
	800 2 28 0 0 \
	802 2 14 31 0 \
	801 2 14 0 0 \
	900 2 42 0 0 \
	904 2 21 0 0 \
	905 2 21 0 0 \
	806 2 21 0 0 \
	807 2 21 0 0 \
	906 2 21 0 0 \
	907 2 21 0 0 \
	908 2 28 0 0 \
	909 2 21 0 0 \
	911 2 21 0 0 \
	903 2 21 5 0 \
	902 2 21 0 0 \
	813 2 21 1 0 \
	808 2 21 0 0 \
	811 2 21 0 0 \
	809 2 21 0 0 \
	803 2 14 0 0 \
	812 2 21 0 0 \
	805 2 14 0 0 \
	804 2 21 0 0 \
	901 2 28 0 0 \
	820 2 35 0 0 \
	821 2 21 0 0 \
	822 2 21 0 0 \
	823 2 21 0 0 \
	824 2 21 0 0 \
	814 2 21 0 0 \
	880 2 42 0 0 \
	881 2 14 0 0 \
	882 2 14 0 0
 bh 9
 bp 50
 ra 70
 at 80
 df 80
 ct 55374 56136 55374 55374 56136 52606 55526 55374 
CM
 im 1
 ma 33
 ca 33
 kw 1
 pl 61575
CO
 li make 94
 ar 94 0 0 11 0 0 0 0
 st 1
 ue 4
 de 11
 po 1
 pr 3

84005 char 0
na Meriadoc Brandybuck
il	1 229396 \
	19 9 \
	54 3 \
	75 10 \
	94 6 \
	95 29 \
	74360 42 \
	115399 33
LI
 wh 58335
 hl 99866 
CH
 lo 52606
 he 100
 lk 2
 lr 2
 sl	630 2 28 0 0 \
	641 2 28 1 0 \
	639 2 21 0 0 \
	610 2 21 2 0 \
	612 2 28 1 0 \
	617 2 14 0 0 \
	730 2 21 0 0 \
	732 2 14 5 0 \
	733 2 14 4 0 \
	600 2 21 0 0 \
	601 2 14 54 0 \
	611 2 28 0 0 \
	631 2 14 8 0
 bh 9
 at 80
 df 80
CM
 hs 1
CO
 li make 94
 ar 94 0 0 6 0 0 0 0
 st 1
 ue 2
 de 6
 po 1
 pr 3

99866 char 0
na Peregrin Took
il	95 7
tl	2 74360 42 102 0 0 0 0 \
	2 115399 33 99 0 0 0 0 \
	2 95 7 9 0 0 0 0
LI
 wh 84005
CH
 lo 52606
 he 100
 lk 2
 lr 2
 sl	610 2 21 0 0 \
	630 2 28 0 0 \
	600 2 21 0 0 \
	601 2 14 44 0 \
	611 2 28 0 0 \
	603 2 14 0 0 \
	730 2 21 0 0 \
	733 2 14 0 0 \
	732 2 14 1 0 \
	631 2 14 8 0
 bh 9
 bp 50
 at 80
 df 80
CO
 li explore
 ar 0 0 0 0 0 0 0 0
 cs 2
 wa 5
 st 1
 ue 2
 de 2
 pr 3

