52695 player pl_regular
na Followers of Zexuis
il	1 4750 \
	78 100
PL
 fn Joseph Kingcade
 em DeCade@myriad.net
 np 40
 ft 41
 lt 77
 kn 600 601 602 603 610 611 615 617 650 655 \
	656 657 680 681 682 690 691 693 700 702 703 \
	704 730 732 733 800 801 802 13972 14072 14075 14172 \
	14173 14175 14273 14274 14275 14276 14277 14371 14372 14373 14374 \
	14375 14376 14377 14470 14471 14472 14473 14474 14475 14476 14477 \
	14570 14572 14573 14574 14575 14576 14577 14578 14579 14580 14668 \
	14669 14670 14672 14673 14679 14680 14768 14770 14771 14772 14773 \
	14779 14868 14870 14871 14872 14873 14874 14875 14878 14879 14968 \
	14971 14972 14973 14974 14975 14979 15068 15071 15075 15079 15168 \
	15175 15179 15268 15269 15270 15271 15272 15273 15274 15275 15279 \
	15371 15372 15373 15374 15375 15376 15377 15379 15477 15479 15569 \
	15570 15571 15572 15573 15574 15575 15576 15577 15669 15769 15869 \
	15870 15871 15872 15873 15874 15875 15876 15976 16075 16076 49888 \
	57060 58349 58643 58736 59768 60595 60701 61417 62281 63667 63716 \
	66338 66688 66799 67433 70525 70556 71646 73956 75647 75720 78298 \
	78432 
 un 2876 
 uf 2520 7627 3109 3354 62737 
CO
 li hostile 90503
 ar 0 0 0 0 0 0 0 0
 st 1

2876 char 0
na Ruth Nichter
tl	2 95 10 3 0 0 0 0
LI
 wh 15074
CH
 lo 52695
 he 100
 lk 2
 lr 1
 sl	680 2 21 0 0 \
	682 2 14 0 0 \
	681 2 14 0 0
 bp 50
 at 80
 df 80
CO
 li move e
 ar 0 2 15270 0 0 12 15269 0
 st 1
 de 12
 pr 2

