52793 player pl_regular
na Sentries of Light
il	1 5596
ad 1599 3634 3843 3920 5934 6344 50822 51992 52793 \
	54134 54422 54684 55734 59068 67810 69471 72381 77196 77218 78501 
CH
PL
 fn Diniz Monteiro
 em dinimo@ip.pt
 ve sentries.light@iname.com
 pw iinoiro
 np 31
 fs 3
 ft 47
 lt 156
 kn 69 600 601 602 603 610 611 612 614 615 \
	616 617 630 631 632 633 634 635 636 637 639 \
	641 650 651 652 653 654 655 656 657 658 659 \
	661 670 671 672 673 674 680 682 690 695 700 \
	702 703 704 705 720 721 722 730 731 732 733 \
	750 751 752 753 754 755 756 800 801 802 803 \
	804 805 806 807 808 809 811 812 813 814 820 \
	821 822 823 824 825 826 827 828 829 831 832 \
	833 840 841 842 843 844 845 846 847 848 849 \
	851 852 860 861 862 863 864 865 866 867 868 \
	869 871 872 880 881 882 883 884 885 886 887 \
	888 889 891 892 893 894 1938 3799 6782 9753 12904 \
	12905 12906 12907 12908 12909 12910 12911 12912 12913 12914 12915 \
	12916 12917 12918 12919 12920 12921 13004 13005 13006 13007 13008 \
	13009 13010 13011 13012 13013 13014 13015 13016 13017 13018 13019 \
	13104 13105 13106 13107 13108 13109 13110 13111 13112 13113 13114 \
	13115 13116 13117 13118 13119 13205 13206 13207 13208 13209 13210 \
	13211 13212 13213 13214 13305 13306 13307 13308 13309 13310 13311 \
	13312 13313 13314 13405 13406 13407 13408 13409 13410 13411 13412 \
	13413 13414 13500 13501 13505 13506 13507 13508 13509 13510 13511 \
	13512 13513 13514 13589 13590 13591 13592 13593 13594 13600 13601 \
	13602 13603 13605 13606 13607 13608 13609 13610 13611 13612 13613 \
	13614 13678 13679 13680 13681 13682 13689 13690 13691 13692 13693 \
	13694 13695 13696 13697 13698 13699 13700 13701 13702 13703 13704 \
	13708 13709 13712 13713 13714 13778 13779 13780 13781 13782 13789 \
	13790 13791 13792 13793 13794 13795 13799 13800 13801 13802 13803 \
	13804 13810 13811 13812 13881 13882 13893 13894 13895 13896 13897 \
	13899 13900 13901 13902 13903 13904 13905 13910 13981 13982 13995 \
	13997 13999 14000 14001 14002 14003 14004 14005 14006 14009 14010 \
	14011 14012 14013 14014 14081 14082 14083 14095 14096 14097 14098 \
	14099 14100 14101 14102 14103 14104 14105 14106 14108 14109 14110 \
	14114 14178 14179 14180 14181 14182 14183 14197 14199 14200 14201 \
	14202 14203 14204 14205 14206 14207 14208 14209 14210 14211 14212 \
	14213 14214 14215 14216 14217 14218 14219 14220 14221 14222 14268 \
	14277 14278 14282 14297 14298 14299 14300 14301 14302 14303 14304 \
	14305 14306 14307 14308 14309 14310 14311 14312 14313 14314 14315 \
	14316 14317 14318 14319 14367 14368 14377 14382 14397 14399 14402 \
	14403 14404 14405 14407 14409 14410 14414 14418 14461 14462 14463 \
	14464 14465 14466 14467 14468 14469 14470 14471 14472 14473 14474 \
	14477 14478 14479 14480 14482 14489 14490 14491 14492 14493 14494 \
	14495 14496 14497 14499 14502 14503 14504 14505 14506 14507 14508 \
	14509 14514 14518 14561 14567 14568 14574 14578 14579 14580 14581 \
	14582 14583 14588 14589 14599 14602 14603 14604 14605 14606 14607 \
	14608 14609 14610 14611 14612 14613 14614 14615 14616 14617 14661 \
	14674 14682 14683 14688 14699 14702 14703 14704 14705 14706 14707 \
	14708 14709 14712 14761 14774 14775 14780 14781 14782 14783 14788 \
	14799 14802 14803 14804 14807 14808 14809 14810 14811 14812 14861 \
	14875 14880 14881 14882 14883 14888 14899 14902 14904 14905 14906 \
	14907 14909 14961 14975 14979 14980 14981 14982 14983 14988 14999 \
	15002 15003 15004 15005 15006 15007 15008 15009 15061 15075 15076 \
	15077 15079 15080 15081 15082 15083 15084 15085 15086 15088 15099 \
	15102 15103 15104 15105 15161 15177 15179 15180 15181 15182 15183 \
	15185 15186 15188 15199 15202 15203 15204 15205 15261 15277 15278 \
	15279 15280 15281 15282 15283 15284 15285 15286 15288 15292 15299 \
	15300 15301 15302 15303 15304 15305 15339 15340 15341 15342 15343 \
	15344 15345 15346 15347 15348 15349 15350 15351 15352 15353 15354 \
	15355 15356 15357 15358 15359 15360 15361 15377 15378 15379 15380 \
	15381 15382 15383 15384 15385 15386 15387 15388 15389 15390 15391 \
	15392 15393 15394 15395 15396 15397 15398 15399 15402 15403 15404 \
	15405 15406 15407 15408 15439 15477 15481 15482 15483 15484 15485 \
	15486 15487 15488 15489 15490 15491 15492 15502 15503 15505 15506 \
	15539 15577 15586 15587 15588 15589 15590 15591 15600 15602 15603 \
	15605 15606 15639 15677 15678 15679 15680 15681 15682 15683 15684 \
	15685 15686 15687 15688 15689 15690 15691 15692 15693 15694 15695 \
	15696 15697 15698 15699 15700 15702 15703 15705 15706 15707 15708 \
	15739 15789 15790 15791 15792 15800 15802 15803 15805 15808 15809 \
	15839 15889 15890 15891 15892 15900 15902 15903 15905 15909 15939 \
	15990 15991 15992 16000 16002 16003 16005 16009 16023 16031 16032 \
	16033 16034 16035 16036 16037 16038 16039 16100 16101 16102 16103 \
	16104 16105 16106 16107 16108 16109 16110 16122 16123 16124 16125 \
	16127 16128 16129 16130 16131 16138 16139 16202 16203 16204 16205 \
	16206 16207 16208 16209 16222 16223 16224 16225 16226 16227 16302 \
	16303 16307 16308 16310 16322 16323 16402 16403 16407 16408 16410 \
	16502 16503 16507 16508 16509 16510 16602 16603 16608 16609 16610 \
	16700 16701 16702 16703 16704 16705 16706 16707 16708 16709 16710 \
	16788 16789 16790 16791 16792 16793 16794 16795 16796 16797 16798 \
	16799 16802 16803 16805 16806 16807 16808 16888 16889 16890 16891 \
	16892 16893 16894 16895 16896 16897 16898 16899 16902 16903 16905 \
	16999 17002 17003 17005 17099 17102 17103 17105 17199 17202 17203 \
	17205 17299 17302 17303 17305 17399 17400 17401 17402 17403 17404 \
	17405 17499 17500 17501 17502 17503 17598 17599 18374 20048 20154 \
	20191 20327 20354 20482 20669 21142 21423 21666 21696 21754 21896 \
	22280 22500 22553 22597 22660 22684 22802 23209 23295 23835 24226 \
	24556 25061 25111 25687 25778 25808 26052 26474 26579 27020 27135 \
	27235 27243 27537 27560 27598 27765 28140 28289 28484 28500 28639 \
	28936 29040 29504 29542 29704 30065 30212 30252 30264 30884 31444 \
	31498 31601 31662 31872 32288 32711 32784 33142 33301 33372 33448 \
	33524 34243 34355 34495 34567 34729 34856 35123 35705 35804 35871 \
	35914 36178 36554 36679 36681 37142 37171 37263 37618 37635 37661 \
	37683 37833 38384 38566 38900 38925 39175 39181 39284 40354 40357 \
	40667 40678 41095 41225 41712 42191 42199 42215 42326 42388 42425 \
	42467 42604 42625 43224 43227 43262 43305 43482 43816 44005 44300 \
	44543 44642 45110 45214 45620 45648 45865 46115 46274 46279 46342 \
	46359 46371 46399 46483 46616 46618 46636 46661 46788 46859 47263 \
	47304 47351 47412 47659 47721 47918 48160 48279 48506 48764 49124 \
	49590 49819 56841 56908 56971 57010 57060 57140 57325 57352 57397 \
	57402 57426 57576 57598 57621 57622 57626 57793 57797 57826 57896 \
	58052 58057 58176 58288 58350 58407 58409 58423 58493 58615 59119 \
	59630 59851 60789 61014 61517 61580 61642 61761 61768 62061 62113 \
	62742 63190 64610 65604 67723 68835 69044 69089 70587 70733 70745 \
	70843 71443 71460 71510 71599 71748 72692 73036 73107 73614 73846 \
	73921 73993 74123 74371 74538 74654 75043 75155 76034 76679 76946 \
	77185 77413 77668 77987 86089 
 un 67810 72381 4569 3634 
 uf 61428 62157 71562 71433 68075 
 am 1938 0 1599 3582 3634 3920 50822 51992 54422 \
	54684 55734 
 am 3634 0 50822 54684 55734 3920 
 am 3998 0 50822 54684 55734 3920 
 am 4569 0 50822 54684 55734 3920 
 am 72381 0 1599 3582 3634 3843 3920 5934 50822 \
	51992 54422 54684 55734 67810 69471 78501 
CO
 li accept qn4 0 0
 ar 54294 0 0 0 0 0 0 0
 st 1

67810 char 0
na Michaelo
il	1 392
LI
 wh 12921
CH
 lo 52793
 he 100
 lk 2
 lr 1
 sl	610 2 21 0 0 \
	616 2 14 24 0 \
	614 2 14 22 0 \
	630 2 28 0 0 \
	639 2 21 0 0 \
	641 2 28 1 0 \
	611 2 28 0 0 \
	635 2 28 0 0 \
	633 2 14 8 0 \
	632 2 14 3 0 \
	634 2 14 4 0 \
	612 2 28 1 0 \
	617 2 14 0 0 \
	631 2 14 0 0 \
	670 2 28 0 0 \
	671 2 14 0 0 \
	672 2 21 0 0 \
	673 2 14 0 0 \
	674 2 21 0 0
 at 149
 df 147
CM
 hs 1
 vp 6
CO
 li fly e
 ar 0 2 12921 0 0 4 12920 0
 st 1
 ue 2
 de 4
 pr 2

72381 char 0
na Admiral Rossi
il	261 5 \
	70695 1 \
	75843 1
tl	2 94 9992 4 0 0 0 0 \
	2 87 9949 2 0 0 0 0
LI
 wh 14109
CH
 lo 52793
 he 100
 lk 2
 lr 1
 sl	610 2 21 3 0 \
	600 2 21 0 0 \
	601 2 14 40 0 \
	612 2 28 1 0 \
	630 2 28 0 0 \
	635 2 28 0 0 \
	603 2 14 1 0 \
	616 2 14 3 0 \
	614 2 14 4 0
 at 101
 df 101
CM
 vp 1
MI
 ds House of Lords
CO
 li sail w
 ar 0 4 14009 0 0 3 14010 0
 st 1
 ue 1
 de 3
 pr 4

4569 char 0
na Giovanni d'Vinci
il	1 3 \
	69 1 \
	98 1 \
	271 9 \
	280 1 \
	282 1 \
	286 2 \
	288 1 \
	291 2 \
	71169 1
tl	2 95 9999 7 0 0 0 0
LI
 wh 14503
CH
 lo 52793
 he 100
 lk 2
 lr 1
 sl	650 2 28 0 0 \
	654 2 28 31 0 \
	655 2 14 12 0 \
	652 2 28 0 0 \
	656 2 14 6 0 \
	610 2 21 0 0 \
	653 2 28 0 0 \
	616 2 14 1 0 \
	658 2 21 0 0 \
	617 2 14 0 0 \
	661 2 21 0 0 \
	659 2 21 0 0 \
	657 2 21 9 0 \
	611 2 28 0 0 \
	612 2 28 1 0 \
	614 2 14 1 0 \
	651 2 21 0 0
 at 87
 df 87
CM
 vp 4
MI
 ds Kingdom of Cragstan
CO
 li use 616
 ar 0 0 0 0 0 0 0 616
 st 1
 us 616
 ue 1
 de 7
 pr 3

3634 char 0
na Triniti
il	1 287 \
	69 1
LI
 wh 42625
CH
 lo 52793
 he 100
 lk 2
 lr 1
 sl	610 2 21 0 0 \
	616 2 14 20 0 \
	630 2 28 0 0 \
	631 2 14 9 0 \
	634 2 14 0 0 \
	632 2 14 0 0 \
	633 2 14 0 0 \
	635 2 28 0 0 \
	670 2 28 0 0 \
	641 2 28 1 0 \
	637 2 21 0 0 \
	611 2 28 0 0 \
	639 2 21 0 0 \
	636 2 14 0 0 \
	671 2 14 0 0 \
	672 2 21 0 0 \
	673 2 14 0 0 \
	674 2 21 0 0 \
	612 2 28 1 0 \
	614 2 14 16 0 \
	690 2 28 7 0 \
	695 2 21 7 0 \
	617 2 14 0 0
 at 166
 df 164
CM
 hs 1
CO
 li use 616
 ar 0 0 0 0 0 0 0 616
 st 1
 us 616
 ue 3
 de 6
 pr 3

