53013 player pl_regular
na Incognito Illuminiti
il	1 2817 \
	78 90
ad 52578 53013 53198 54339 55565 55827 
CH
PL
 fn Greg Lindahl
 em lindahl@pbm.com, billl@fnal.gov, map@oldbro.com
 ve lindahl@pbm.com
 pw wumpus
 np 5
 ft 2
 so 1
 lt 260
 kn 69 600 601 602 603 610 611 612 613 614 \
	615 616 617 630 631 633 634 635 636 637 639 \
	641 650 652 653 654 655 657 670 671 672 680 \
	682 700 702 703 704 720 721 722 723 730 731 \
	732 733 750 751 752 753 754 755 756 800 801 \
	802 803 804 805 806 807 808 809 811 812 813 \
	814 820 821 822 823 824 825 826 827 828 829 \
	831 832 833 840 841 842 843 844 845 846 847 \
	848 849 851 852 860 861 862 863 864 865 866 \
	867 868 869 871 872 880 881 882 883 884 885 \
	886 887 888 889 891 892 893 894 900 901 902 \
	903 904 905 906 907 908 909 911 920 921 922 \
	4063 4268 4284 4680 6000 6081 7025 7170 7481 7633 8542 \
	8956 12282 12293 12393 16162 16163 16164 16165 16262 16265 16360 \
	16361 16362 16365 16459 16460 16461 16465 16559 16560 16561 16562 \
	16563 16564 16565 16566 16567 16568 16569 16570 16571 16572 16661 \
	16665 16666 16667 16668 16669 16670 16671 16672 16673 16674 16675 \
	16761 16764 16765 16766 16767 16768 16773 16774 16775 16777 16778 \
	16861 16862 16863 16864 16865 16866 16867 16868 16869 16870 16871 \
	16872 16873 16874 16875 16877 16961 16962 16963 16964 16965 16966 \
	16967 16968 16969 16970 16971 16972 16973 16975 16977 17058 17059 \
	17060 17061 17062 17063 17064 17065 17066 17067 17068 17069 17070 \
	17072 17073 17074 17075 17076 17077 17158 17159 17160 17161 17162 \
	17163 17164 17165 17166 17167 17168 17169 17170 17171 17172 17175 \
	17263 17264 17265 17266 17267 17268 17269 17270 17271 17272 17273 \
	17274 17275 17276 17277 17363 17365 17366 17367 17368 17369 17370 \
	17375 17377 17463 17464 17465 17466 17467 17468 17469 17470 17471 \
	17475 17476 17477 17563 17564 17565 17566 17567 17568 17569 17570 \
	17571 17572 17575 17576 17577 17578 17660 17661 17662 17663 17664 \
	17665 17666 17667 17668 17669 17670 17671 17672 17673 17674 17675 \
	17676 17677 17678 17679 17745 17746 17747 17748 17749 17750 17751 \
	17752 17753 17754 17755 17756 17757 17758 17759 17760 17761 17762 \
	17763 17764 17765 17766 17767 17768 17769 17770 17771 17772 17773 \
	17774 17775 17776 17777 17778 17779 17780 17847 17849 17850 17851 \
	17852 17853 17854 17855 17856 17857 17858 17859 17860 17861 17862 \
	17863 17864 17865 17866 17867 17868 17869 17870 17871 17872 17873 \
	17874 17875 17876 17877 17878 17879 17880 17881 17882 17883 17884 \
	17953 17954 17956 17957 17958 17959 17960 17962 17963 17964 17965 \
	17966 17967 17968 17969 17970 17971 17972 17973 17974 17975 17976 \
	17977 17978 17979 17980 17981 17982 17983 17984 18052 18053 18054 \
	18056 18059 18060 18061 18062 18063 18064 18065 18066 18067 18068 \
	18069 18070 18071 18072 18073 18074 18075 18076 18077 18078 18079 \
	18080 18082 18083 18084 18150 18151 18152 18153 18154 18155 18156 \
	18157 18158 18159 18160 18161 18162 18163 18164 18165 18166 18167 \
	18168 18169 18170 18171 18172 18173 18174 18175 18176 18177 18178 \
	18179 18180 18181 18182 18183 18184 18185 18250 18252 18256 18259 \
	18263 18264 18265 18266 18267 18268 18269 18270 18271 18272 18273 \
	18274 18275 18276 18277 18278 18279 18280 18281 18282 18283 18285 \
	18350 18352 18353 18354 18355 18356 18357 18358 18359 18360 18361 \
	18362 18363 18364 18365 18366 18367 18368 18369 18370 18371 18372 \
	18373 18374 18375 18376 18377 18378 18379 18380 18381 18382 18385 \
	18450 18452 18453 18464 18465 18466 18467 18468 18469 18470 18471 \
	18472 18473 18474 18475 18476 18477 18478 18479 18480 18481 18482 \
	18485 18486 18550 18552 18553 18558 18559 18560 18561 18562 18563 \
	18564 18565 18566 18567 18568 18569 18570 18571 18572 18573 18574 \
	18575 18576 18577 18578 18579 18580 18581 18582 18583 18584 18585 \
	18650 18653 18656 18657 18658 18659 18660 18661 18662 18663 18664 \
	18668 18669 18670 18671 18672 18673 18674 18675 18676 18677 18678 \
	18679 18680 18681 18750 18753 18754 18755 18756 18771 18772 18773 \
	18774 18775 18776 18777 18778 18779 18780 18781 18850 18852 18853 \
	18854 18856 18857 18858 18859 18872 18875 18876 18877 18878 18880 \
	18881 18950 18952 18953 18956 18959 18972 18975 18977 18978 18979 \
	18980 19050 19052 19053 19056 19059 19072 19075 19076 19077 19078 \
	19079 19150 19151 19152 19153 19154 19156 19159 19172 19175 19176 \
	19177 19178 19179 19250 19251 19252 19253 19254 19256 19259 19272 \
	19276 19277 19278 19279 19351 19352 19353 19354 19355 19356 19357 \
	19358 19359 19360 19361 19362 19363 19364 19365 19366 19367 19368 \
	19369 19370 19371 19372 19376 19377 19378 19451 19452 19453 19454 \
	19455 19456 19459 19462 19465 19551 19552 19553 19554 19556 19559 \
	19562 19565 19651 19652 19653 19656 19659 19662 19665 19753 19754 \
	19755 19756 19759 19760 19761 19762 19764 19765 19766 19864 19964 \
	19965 19966 19967 20716 20776 21351 22662 23153 23215 23271 24127 \
	24271 24911 24949 25372 26066 26189 26238 26354 26484 26897 27074 \
	27536 27666 28080 30004 30041 30269 30971 31093 31660 32381 32514 \
	33873 33877 35131 35677 36049 36105 36277 37494 37834 37861 37939 \
	38215 39160 40343 40416 40895 41273 41395 41932 41944 42183 42269 \
	43020 43082 43357 43384 43697 44047 44060 45127 46398 46857 48207 \
	48419 48512 48866 49118 49885 56761 56768 56777 56949 57012 57030 \
	57061 57133 57189 57195 57371 57401 57430 57958 57978 58054 58072 \
	58106 58208 58251 58338 58352 58380 58413 58562 58601 58666 58673 \
	59043 59176 59229 59453 59517 60290 60314 60390 60480 60921 60979 \
	60980 61201 61317 61803 61830 61843 61876 61954 62080 62201 62442 \
	62457 62478 62535 62690 62841 63309 63377 63887 64290 64576 64610 \
	65088 65147 65758 65785 65822 65909 66845 66925 66989 67400 67893 \
	68573 69230 69636 69825 69894 70264 70312 70666 70971 71021 71898 \
	72766 73435 73474 73609 73951 75095 75715 75927 76285 76416 77347 \
	78001 78238 78703 78892 93802 95332 124428 125132 129848 146209 
 un 68484 100050 120051 59904 60024 2738 89818 7278 74913 \
	105447 68358 60798 94383 75103 8473 61609 4141 1319 75173 
 uf 102214 92493 105271 84394 98236 
 am 1319 0 53013 54339 55565 
 am 2738 0 53013 54339 55565 
 am 4063 0 53013 54339 55565 55827 
 am 4141 0 53013 54339 55565 
 am 4268 0 54339 53013 55565 
 am 4680 0 53013 54339 55565 55827 
 am 4857 0 53013 54339 55565 55827 
 am 6081 0 53013 54339 55565 55827 
 am 7025 0 53013 54339 55565 55827 
 am 7170 0 54339 53013 55565 
 am 7481 0 53013 54339 55565 55827 
 am 7633 0 53013 54339 55565 55827 
 am 8049 0 53013 54339 55565 55827 
 am 8468 0 53013 54339 55565 55827 
 am 8956 0 53013 54339 55565 55827 
 am 59043 0 53013 54339 55565 55827 
 am 59517 0 53013 54339 55565 55827 
 am 59797 0 53013 54339 55565 55827 
 am 59904 0 53013 54339 55565 
 am 60024 0 53013 54339 55565 
 am 60314 0 54339 53013 55565 
 am 60480 0 53013 54339 55565 55827 
 am 60980 0 54339 53013 55565 
 am 61201 0 53013 55565 54339 
 am 61609 0 54339 53013 55565 
 am 62457 0 53013 54339 55565 55827 
 am 64610 0 53013 54339 55565 55827 
 am 65758 0 53013 54339 55565 55827 
 am 67400 0 53013 54339 55565 
 am 68155 0 53013 54339 55565 55827 
 am 68474 0 53013 54339 55565 55827 
 am 68573 0 53013 54339 55565 55827 
 am 69090 0 53013 54339 55565 55827 
 am 69825 0 53013 54339 55565 55827 
 am 70199 0 53013 54339 55565 55827 
 am 70205 0 53013 54339 55565 55827 
 am 70264 0 53013 54339 55565 55827 
 am 70312 0 53013 54339 55565 55827 
 am 70666 0 53013 54339 55565 
 am 71506 0 53013 54339 55565 55827 
 am 71974 0 53013 54339 55565 
 am 75173 0 53013 55565 54339 
 am 75419 0 53013 54339 55565 55827 
 am 76535 0 53013 54339 55565 55827 
 am 77789 0 53013 54339 55565 55827 
 am 78454 0 53013 54339 55565 55827 
 am 83838 0 53013 54339 55565 
 am 89818 0 53013 54339 55565 
 am 93802 0 53013 54339 55565 
 am 94383 0 54339 53013 55565 
 am 100050 0 53013 54339 55565 
 am 105447 0 53013 54339 55565 
 am 120051 0 53013 54339 55565 
 am 146209 0 53013 54339 55565 
CO
 li accept zh8 0 
 ar 56578 0 0 0 0 0 0 0
 st 1

68484 char 0
na Baz
il	54 1 \
	71064 1 \
	106424 1
tl	2 94 9989 4 0 0 0 0
an 53013 54339 55565 
LI
 wh 2385
CH
 lo 53013
 he 100
 lk 3
 lr 152
 sl	610 2 21 8 0 \
	730 2 21 0 0 \
	820 2 35 0 0 \
	630 2 28 0 0 \
	824 2 21 8 0 \
	821 2 21 0 0 \
	823 2 21 3 0 \
	822 2 21 0 0 \
	641 2 28 1 0 \
	639 2 21 0 0 \
	831 2 28 3 0 \
	829 2 21 3 0 \
	612 2 28 1 0 \
	832 2 21 3 0 \
	826 2 21 0 0 \
	825 2 21 0 0 \
	833 2 21 0 0 \
	827 2 21 2 0 \
	828 2 21 0 0 \
	611 2 28 0 0 \
	732 2 14 0 0 \
	733 2 14 0 0
 bh 5
 at 80
 df 80
CM
 im 1
 ma 13
 ca 13
 hs 1
 kw 1
 vp 5
 pl 4333
CO
 li wait top
 ar 0 0 0 0 0 0 0 0
 cs 2
 wa -1
 st 1
 ue 1
 de 29
 po 1
 pr 1

100050 char 0
na CGS
il	1 161 \
	54 1 \
	72454 1
an 53013 54339 55565 
LI
 wh 12393
CH
 lo 53013
 he 100
 lk 3
 lr 34
 sl	610 2 21 8 0 \
	612 2 28 1 0 \
	630 2 28 0 0 \
	611 2 28 0 0 \
	639 2 21 0 0 \
	641 2 28 1 0 \
	670 2 28 0 0 \
	671 2 14 0 0 \
	672 2 21 0 0
 mo 7796
 bh 9
 at 80
 df 80
CM
 hs 1
CO
 li move s
 ar 0 3 12493 0 0 15 12393 0
 cs 2
 wa 10
 st 1
 ue 1
 de 5
 pr 2

120051 char 0
na MKS
il	1 1522 \
	10 2 \
	12 14 \
	16 202 \
	54 1 \
	67004 1
tl	2 95 965 7 0 0 0 0 \
	2 94 956 4 0 0 0 0
an 53013 54339 55565 
LI
 wh 18068
 hl 59904 
CH
 lo 53013
 he 100
 lk 3
 lr 134
 sl	610 2 21 37 0 \
	630 2 28 0 0 \
	612 2 28 1 0 \
	639 2 21 0 0 \
	641 2 28 1 0 \
	670 2 28 0 0 \
	671 2 14 0 0 \
	672 2 21 0 0 \
	611 2 28 0 0
 bh 1
 at 80
 df 80
CM
 hs 1
 pl 8473
CO
 li train 12
 ar 12 0 0 13 0 0 0 0
 cs 2
 wa -1
 st 1
 ue 1
 de 13
 po 1
 pr 3

59904 char 0
na Peg
il	1 131 \
	10 3 \
	12 17 \
	54 2
tl	2 95 918 7 0 0 0 0
LI
 wh 120051
 hl 60024 
CH
 lo 53013
 he 100
 lk 3
 lr 151
 sl	610 2 21 20 0 \
	630 2 28 0 0 \
	612 2 28 1 0 \
	639 2 21 0 0 \
	641 2 28 1 0 \
	614 2 14 11 0 \
	670 2 28 0 0 \
	671 2 14 0 0 \
	672 2 21 0 0 \
	680 2 21 1 0 \
	682 2 14 5 0 \
	611 2 28 0 0
 bh 9
 at 80
 df 105
 dt 223 15 6675
CM
 hs 1
CO
 li train 12
 ar 12 0 0 5 0 0 0 0
 cs 2
 wa -1
 st 1
 ue 2
 de 5
 po 1
 pr 3

60024 char 0
na Sue
il	1 180 \
	12 7 \
	54 1
tl	2 95 976 7 0 0 0 0
LI
 wh 59904
CH
 lo 53013
 he 100
 lk 3
 lr 147
 sl	610 2 21 16 0 \
	630 2 28 0 0 \
	639 2 21 0 0 \
	641 2 28 1 0 \
	612 2 28 1 0 \
	670 2 28 0 0 \
	611 2 28 0 0 \
	671 2 14 0 0
 bh 9
 at 80
 df 80
CM
 hs 1
CO
 li train 12
 ar 12 0 0 3 0 0 0 0
 st 1
 ue 1
 de 3
 po 1
 pr 3

2738 char 0
na Chriemhilt von Regensburg
il	1 4068
tl	2 94 9903 4 0 0 0 0
LI
 wh 2879
 hl 89818 7278 74913 105447 68358 60798 94383 75103 
CH
 lo 53013
 he 100
 lk 2
 lr 1
 sl	750 2 35 0 0 \
	753 2 21 98 0 \
	755 2 28 0 0 \
	751 2 28 58 0 \
	756 2 28 75 0 \
	752 2 28 8 0 \
	754 2 28 0 0 \
	610 2 21 20 0 \
	630 2 28 0 0 \
	639 2 21 0 0 \
	637 2 21 1 0 \
	636 2 14 0 0 \
	641 2 28 1 0 \
	617 2 14 8 0 \
	612 2 28 1 0 \
	611 2 28 0 0
 bh 9
 at 80
 df 80
CM
 hs 1
 vp 9
 pl 4333
 vi 1582 3225 3304 5134 7058 7284 7489 7500 8314 9494 \
	9918 16370 17849 17965 17966 18656 18755 56765 56959 57293 57571 \
	57747 57787 63103 63117 63785 66992 69718 72504 78150 84697 84953 \
	93448 112785 139908 
CO
 li use 751 f785
 ar 63785 0 0 0 0 0 0 751
 st 1
 us 751
 ue 5
 de 8
 pr 3

89818 char 0
na Phonon
il	1 100 \
	55 2
LI
 wh 2738
CH
 lo 53013
 he 100
 lk 3
 lr 158
 sl	610 2 21 18 0 \
	630 2 28 0 0 \
	639 2 21 0 0 \
	612 2 28 1 0 \
	641 2 28 1 0 \
	650 2 28 0 0 \
	654 2 28 86 0 \
	611 2 28 0 0
 bh 5
 at 80
 df 80
CM
 hs 1
 vp 6
CO
 li breed 55 55
 ar 55 55 0 0 0 0 0 0
 cs 2
 wa 7
 st 1
 ue 1
 de 6
 pr 3

7278 char 0
na Oleg's Recruiter
il	1 200 \
	55 2
tl	2 94 9931 4 0 0 0 0
LI
 wh 2738
CH
 lo 53013
 he 100
 lk 3
 lr 102
 sl	610 2 21 25 0 \
	612 2 28 1 0 \
	700 2 21 0 0 \
	702 2 14 30 0 \
	630 2 28 0 0 \
	617 2 14 5 0 \
	704 2 14 8 0 \
	641 2 28 1 0 \
	650 2 28 0 0 \
	654 2 28 87 0 \
	639 2 21 0 0 \
	611 2 28 0 0
 bh 5
 at 80
 df 80
CM
 hs 1
 vp 6
CO
 li breed 55 55
 ar 55 55 0 0 0 0 0 0
 cs 2
 wa 7
 st 1
 ue 1
 de 6
 pr 3

74913 char 0
na Cat
il	1 100 \
	55 2
LI
 wh 2738
CH
 lo 53013
 he 100
 lk 3
 lr 270
 sl	610 2 21 12 0 \
	700 2 21 0 0 \
	703 2 14 0 0 \
	630 2 28 0 0 \
	650 2 28 0 0 \
	654 2 28 81 0 \
	639 2 21 0 0 \
	641 2 28 1 0 \
	612 2 28 1 0 \
	611 2 28 0 0
 bh 5
 at 80
 df 30
 dt 208 14 6224
CM
 hs 1
 vp 6
CO
 li breed 55 55
 ar 55 55 0 0 0 0 0 0
 cs 2
 wa 7
 st 1
 ue 1
 de 6
 pr 3

105447 char 0
na Viper
il	1 100 \
	55 2
LI
 wh 2738
CH
 lo 53013
 he 100
 lk 3
 lr 159
 sl	610 2 21 11 0 \
	612 2 28 1 0 \
	630 2 28 0 0 \
	650 2 28 0 0 \
	654 2 28 86 0 \
	639 2 21 0 0 \
	641 2 28 1 0 \
	611 2 28 0 0
 bh 5
 at 80
 df 80
CM
 hs 1
 vp 5
CO
 li breed 55 55
 ar 55 55 0 0 0 0 0 0
 cs 2
 wa 7
 st 1
 ue 1
 de 6
 pr 3

68358 char 0
na Positron
il	1 100 \
	55 2
tl	2 94 69 4 0 0 0 0
LI
 wh 2738
CH
 lo 53013
 he 100
 lk 3
 lr 158
 sl	610 2 21 12 0 \
	630 2 28 0 0 \
	612 2 28 1 0 \
	641 2 28 1 0 \
	639 2 21 0 0 \
	600 2 21 0 0 \
	601 2 14 2 0 \
	650 2 28 0 0 \
	654 2 28 82 0 \
	611 2 28 0 0
 bh 5
 at 80
 df 80
CM
 hs 1
 vp 6
CO
 li breed 55 55
 ar 55 55 0 0 0 0 0 0
 cs 2
 wa 7
 st 1
 ue 1
 de 6
 pr 3

60798 char 0
na Snake
il	1 200 \
	55 2
tl	2 95 81 7 0 0 0 0
LI
 wh 2738
CH
 lo 53013
 pl 100
 he 100
 lk 3
 lr 154
 sl	610 2 21 17 0 \
	700 2 21 0 0 \
	630 2 28 0 0 \
	612 2 28 1 0 \
	702 2 14 0 0 \
	641 2 28 1 0 \
	639 2 21 0 0 \
	650 2 28 0 0 \
	654 2 28 85 0 \
	611 2 28 0 0
 bh 5
 at 80
 df 80
CM
 hs 1
 vp 6
CO
 li breed 55 55
 ar 55 55 0 0 0 0 0 0
 cs 2
 wa 7
 st 1
 ue 1
 de 6
 pr 3

94383 char 0
na Cobra
il	19 8 \
	54 2 \
	55 2 \
	95 18
tl	2 94 889 4 0 0 0 0 \
	2 95 39 7 0 0 0 0
an 53013 54339 55565 
LI
 wh 2738
CH
 lo 53013
 he 100
 lk 3
 lr 159
 sl	610 2 21 19 0 \
	612 2 28 1 0 \
	630 2 28 0 0 \
	641 2 28 1 0 \
	639 2 21 0 0 \
	600 2 21 0 0 \
	601 2 14 15 0 \
	670 2 28 0 0 \
	671 2 14 0 0 \
	672 2 21 0 0 \
	700 2 21 0 0 \
	702 2 14 2 0 \
	617 2 14 3 0 \
	703 2 14 0 0 \
	650 2 28 0 0 \
	654 2 28 20 0 \
	611 2 28 0 0
 at 80
 df 80
CM
 hs 1
 vp 4
CO
 li breed 55 55
 ar 55 55 0 0 0 0 0 0
 cs 2
 wa 7
 st 1
 ue 1
 de 6
 pr 3

75103 char 0
na Bar
il	10 75 \
	11 50 \
	12 25 \
	16 45 \
	55 37 \
	282 9 \
	62735 1 \
	67586 1 \
	69086 1 \
	69331 1 \
	71753 1 \
	76662 1 \
	76958 1
LI
 wh 2738
CH
 lo 53013
 he 100
 lk 3
 lr 153
 sl	610 2 21 12 0 \
	700 2 21 0 0 \
	702 2 14 11 0 \
	612 2 28 2 0 \
	630 2 28 0 0 \
	641 2 28 1 0 \
	639 2 21 0 0 \
	650 2 28 0 0 \
	654 2 28 95 0 \
	653 2 28 0 0 \
	652 2 28 0 0 \
	611 2 28 0 0
 bh 5
 at 80
 df 80
CM
 hs 1
 vp 4
CO
 li breed 55 55
 ar 55 55 0 0 0 0 0 0
 cs 2
 wa 2
 st 1
 ue 1
 de 11
 pr 3

8473 char 0
na Oleg
il	1 862 \
	54 2 \
	139873 1
tl	2 94 9999 5 0 0 0 0
LI
 wh 67400
CH
 lo 53013
 he 100
 lk 2
 lr 1
 sl	610 2 21 28 0 \
	617 2 14 5 0 \
	616 2 14 5 0 \
	613 2 14 3 0 \
	612 2 28 1 0 \
	630 2 28 0 0 \
	680 2 21 3 0 \
	700 2 21 0 0 \
	702 2 14 26 0 \
	611 2 28 0 0 \
	703 2 14 0 0 \
	704 2 14 23 0 \
	641 2 28 1 0 \
	650 2 28 0 0 \
	654 2 28 52 0 \
	639 2 21 0 0 \
	653 2 28 0 0 \
	900 2 42 0 0 \
	911 2 21 2 0 \
	908 2 28 1 0 \
	903 2 21 15 0 \
	902 2 21 0 0 \
	800 2 0 0 0 \
	860 2 0 0 0 \
	820 2 0 0 0 \
	840 2 0 0 0 \
	880 2 0 0 0 \
	920 2 0 0 0 \
	802 2 0 0 0 \
	801 2 0 0 0 \
	631 2 0 0 0 \
	803 2 0 0 0 \
	805 2 0 0 0 \
	804 2 0 0 0 \
	862 2 0 0 0 \
	861 2 0 0 0 \
	824 2 0 0 0 \
	821 2 0 0 0 \
	806 2 0 0 0 \
	822 2 0 0 0 \
	814 2 0 0 0 \
	823 2 0 0 0 \
	833 2 0 0 0 \
	829 2 0 1 0 \
	841 2 0 0 0 \
	844 2 0 0 0 \
	847 2 0 1 0 \
	848 2 0 0 0 \
	842 2 0 0 0 \
	852 2 0 0 0 \
	849 2 0 14 0 \
	851 2 0 0 0 \
	846 2 0 7 0 \
	845 2 0 0 0 \
	832 2 0 0 0 \
	843 2 0 0 0 \
	826 2 0 0 0 \
	825 2 0 0 0 \
	828 2 0 0 0 \
	827 2 0 0 0 \
	831 2 0 0 0 \
	909 2 0 0 0 \
	807 2 0 0 0 \
	906 2 0 0 0 \
	869 2 0 0 0 \
	813 2 0 17 0 \
	882 2 0 0 0 \
	866 2 0 0 0 \
	886 2 0 0 0 \
	885 2 0 0 0 \
	883 2 0 0 0 \
	881 2 0 1 0 \
	921 2 0 0 0 \
	922 2 0 4 0 \
	863 2 0 0 0 \
	907 2 0 0 0 \
	905 2 0 0 0 \
	867 2 0 0 0 \
	808 2 0 0 0 \
	872 2 0 0 0 \
	871 2 0 1 0 \
	904 2 0 0 0 \
	889 2 0 0 0 \
	892 2 0 0 0 \
	894 2 0 0 0 \
	893 2 0 0 0 \
	809 2 0 0 0 \
	864 2 0 0 0 \
	812 2 0 0 0 \
	887 2 0 0 0 \
	891 2 0 0 0 \
	868 2 0 0 0 \
	884 2 0 0 0 \
	888 2 0 0 0 \
	811 2 0 0 0 \
	865 2 0 0 0 \
	901 2 28 0 0
 ra 70
 at 80
 df 80
 ct 2879 97750 
CM
 im 1
 ma 1
 ca 154
 hs 1
 kw 1
 vp 15
 pl 2879
 ar 139873
CO
 li make 18 24
 ar 18 24 0 0 0 0 0 0
 wa -1
 st 1
 ue 3
 po 1
 pr 3

61609 char 0
na Erg
il	1 19229 \
	19 8 \
	95478 2
tl	2 95 941 7 0 0 0 0 \
	2 94 9923 4 0 0 0 0 \
	2 74743 124 110 0 0 0 0 \
	1 74743 194 50 0 0 0 0 \
	2 131391 504 127 0 0 0 0 \
	1 131391 504 45 0 0 0 0
LI
 wh 57133
CH
 lo 53013
 he 100
 lk 3
 lr 57
 sl	610 2 21 17 0 \
	612 2 28 2 0 \
	630 2 28 0 0 \
	600 2 21 0 0 \
	601 2 14 27 0 \
	641 2 28 1 0 \
	639 2 21 0 0 \
	602 2 14 0 0 \
	611 2 28 0 0 \
	670 2 28 0 0 \
	671 2 14 0 0 \
	672 2 21 0 0 \
	700 2 21 0 0 \
	702 2 14 6 0 \
	617 2 14 5 0 \
	614 2 14 6 0 \
	730 2 21 0 0 \
	732 2 14 2 0 \
	733 2 14 0 0
 at 80
 df 103
CM
 hs 1
 vp 2
CO
 li use 732
 ar 0 0 0 0 0 0 0 732
 st 1
 us 732
 ue 1
 de 21
 pr 3

4141 char 0
na Froodoo
il	1 42514 \
	19 8 \
	52 4 \
	77 30 \
	96470 2 \
	112010 1 \
	127848 1
tl	2 94 9881 4 0 0 0 0 \
	2 95 9871 7 0 0 0 0 \
	2 146901 947 154 0 0 0 0 \
	2 132999 771 66 0 0 0 0 \
	1 146901 947 75 0 0 0 0 \
	1 132999 809 13 0 0 0 0
ah 1222 2592 59476 66219 68848 69718 77738 93570 105202 \
	114222 
LI
 wh 146209
CH
 lo 53013
 he 100
 lk 3
 lr 131
 sl	600 2 21 0 0 \
	630 2 28 0 0 \
	610 2 21 15 0 \
	612 2 28 2 0 \
	730 2 21 0 0 \
	731 2 14 0 0 \
	733 2 14 11 0 \
	732 2 14 20 0 \
	636 2 14 0 0 \
	601 2 14 93 0 \
	637 2 21 2 0 \
	602 2 14 2 0 \
	615 2 21 0 0 \
	617 2 14 5 0 \
	641 2 28 1 0 \
	700 2 21 0 0 \
	702 2 14 8 0 \
	639 2 21 0 0 \
	611 2 28 0 0 \
	703 2 14 0 0
 bh 5
 at 80
 df 80
 mi 50
CM
 hs 1
 vp 5
CO
 li move d73
 ar 57133 0 0 0 0 0 0 0
 wa -1
 st 1
 ue 3
 pr 2

1319 char 0
na Robert the Forgotten
il	1 4862 \
	10 20 \
	19 8 \
	52 2 \
	261 1 \
	146901 1
tl	2 87 9724 2 0 0 0 0 \
	2 94 9951 4 0 0 0 0 \
	2 95 9960 7 0 0 0 0 \
	1 54 4 10 0 0 0 0 \
	2 66803 957 108 0 0 0 0 \
	1 66803 598 45 0 0 0 0 \
	1 146901 947 75 0 0 0 0 \
	1 132999 923 13 0 0 0 0 \
	2 146901 740 154 0 0 0 0 \
	2 132999 619 66 0 0 0 0
LI
 wh 18276
CH
 lo 53013
 he 100
 lk 2
 lr 1
 sl	600 2 21 0 0 \
	601 2 14 171 0 \
	602 2 14 3 0 \
	610 2 21 29 0 \
	612 2 28 1 0 \
	603 2 14 9 0 \
	730 2 21 0 0 \
	732 2 14 7 0 \
	733 2 14 3 0 \
	630 2 28 0 0 \
	670 2 28 0 0 \
	671 2 14 0 0 \
	617 2 14 10 0 \
	611 2 28 0 0 \
	636 0 0 0 0 \
	639 2 21 0 0 \
	641 2 28 0 0
 at 80
 df 80
CM
 vp 1
CO
 li seek
 ar 0 0 0 0 0 0 0 0
 cs 2
 wa 3
 st 1
 ue 1
 de 4
 po 1
 pr 3

75173 char 0
na Elephant
il	1 4074 \
	12 19 \
	16 81 \
	19 9 \
	54 2 \
	69 3 \
	77 45 \
	85 20 \
	94 29 \
	279 1 \
	285 5 \
	287 2 \
	288 1 \
	291 6 \
	61824 1 \
	64474 1 \
	64667 1 \
	67231 1 \
	71003 1 \
	76824 1 \
	78164 1 \
	95332 1 \
	124428 1 \
	125112 1
tl	2 95 9968 7 0 0 0 0 \
	2 94 99 4 0 0 0 0
ah 1582 2562 2804 2989 3225 3259 3304 3643 3876 \
	3920 4339 5134 5175 5301 6019 6356 6810 6895 7196 7489 \
	7834 8001 8289 8542 9311 9574 9578 9580 9625 9711 9814 \
	9820 9910 9918 59309 59537 60193 60545 61233 63468 64265 64514 \
	65758 65817 66305 66992 67570 72654 73549 74254 75165 75303 75504 \
	75846 76258 78748 118284 134554 149217 
LI
 wh 125132
CH
 lo 53013
 he 100
 lk 3
 lr 153
 sl	610 2 21 15 0 \
	612 2 28 2 0 \
	630 2 28 0 0 \
	600 2 21 0 0 \
	601 2 14 23 0 \
	602 2 14 1 0 \
	650 2 28 0 0 \
	654 2 28 59 0 \
	653 2 28 0 0 \
	639 2 21 0 0 \
	641 2 28 1 0 \
	652 2 28 0 0 \
	611 2 28 0 0
 at 80
 df 80
CM
 hs 1
 vp 3
CO
 li quest
 ar 0 0 0 0 0 0 0 0
 wa 7
 ue 1
 pr 3

