53155 player pl_regular
na Dark Cloud
il	1 4850
PL
 fn Roger Baldwin
 em roger_baldwin@yahoo.com
 pw sms01
 np 25
 fs 16
 ft 37
 lt 76
 kn 600 601 602 603 610 611 612 614 615 616 \
	617 630 631 632 635 650 651 652 653 654 655 \
	656 657 680 682 690 694 695 697 700 701 702 \
	703 706 720 721 722 730 731 732 733 800 801 \
	802 803 804 807 808 809 811 814 860 861 862 \
	900 901 902 903 904 905 906 907 908 1320 5334 \
	12240 12241 12338 12339 12340 12341 12432 12433 12434 12435 12436 \
	12437 12438 12439 12440 12441 12532 12534 12535 12536 12538 12539 \
	12540 12636 12638 12736 12737 12738 12739 12740 12741 12753 12837 \
	12838 12839 12841 12850 12853 12867 12937 12938 12939 12940 12941 \
	12942 12943 12944 12947 12950 12951 12952 12953 12954 12955 12956 \
	12957 12958 12959 12960 12961 12962 12963 12964 12965 12966 12967 \
	12968 13042 13043 13044 13045 13046 13047 13048 13049 13050 13051 \
	13053 13067 13068 13069 13070 13071 13072 13073 13138 13139 13140 \
	13141 13142 13143 13144 13145 13146 13147 13148 13149 13150 13151 \
	13152 13153 13154 13155 13156 13157 13158 13159 13160 13161 13162 \
	13163 13164 13165 13166 13167 13168 13169 13170 13171 13172 13173 \
	13174 13238 13239 13240 13241 13242 13243 13244 13245 13246 13247 \
	13248 13249 13250 13251 13252 13253 13254 13255 13256 13257 13258 \
	13259 13260 13261 13262 13263 13264 13265 13266 13267 13268 13269 \
	13270 13271 13338 13339 13349 13351 13352 13353 13354 13355 13356 \
	13357 13358 13359 13371 13439 13446 13447 13448 13449 13450 13451 \
	13546 13548 13550 13551 13552 13646 13647 13648 13649 13650 13651 \
	13748 13751 13848 13849 13850 13851 13951 14051 14052 14151 14152 \
	14250 14251 14252 14350 14352 14450 14452 14550 14552 14650 14652 \
	14750 14752 14850 14852 14950 14952 15050 15052 15150 15152 15247 \
	15248 15249 15250 15252 15347 15350 15351 15352 15447 15448 15449 \
	15450 47900 48139 57081 57516 57625 57679 58707 59916 61535 69239 \
	73045 74516 75592 78257 
 un 3392 7524 8429 
 uf 9305 6150 6379 1757 72714 

3392 char 0
na Traveling Man
il	51 1 \
	95 27 \
	271 4
LI
 wh 57081
CH
 lo 53155
 he 100
 lk 2
 lr 1
 sl	650 2 28 0 0 \
	655 2 14 8 0 \
	656 2 14 6 0 \
	652 2 28 0 0 \
	654 2 28 19 0 \
	653 2 28 0 0 \
	657 2 21 5 0 \
	651 2 21 0 0 \
	610 2 21 0 0 \
	611 2 28 0 0 \
	614 2 14 0 0
 bp 50
 at 80
 df 80
CO
 li breed 51 10
 ar 51 10 0 0 0 0 0 0
 st 1
 ue 1
 de 6
 pr 3

7524 char 0
na Red Phoenix
il	52 1 \
	74 17 \
	77 87 \
	79 15 \
	87 132 \
	94 156 \
	95 115 \
	98 2 \
	271 2
tl	2 94 100 3 0 0 0 0 \
	2 53 1 175 0 0 0 0 \
	2 14 1 175 0 0 0 0 \
	2 51 4 75 0 0 0 0 \
	2 98 1 300 0 0 0 0
LI
 wh 57081
CH
 lo 53155
 he 100
 lk 2
 lr 2
 sl	800 2 28 0 0 \
	802 2 14 9 0 \
	690 2 28 0 0 \
	803 2 14 7 0 \
	801 2 14 0 0 \
	860 2 35 0 0 \
	804 2 21 0 0 \
	808 2 21 0 0 \
	862 2 14 1 0 \
	809 2 21 0 0 \
	861 2 14 0 0 \
	811 2 21 0 0 \
	807 2 21 0 0 \
	814 0 0 0 0 \
	695 0 0 0 0 \
	697 1 7 0 0 \
	694 0 0 0 0
 bp 50
 at 80
 df 80
CM
 im 1
 ma 12
 ca 12
MI
 ds Items for sale until day 14 of next round
CO
 li make 95 30
 ar 95 30 30 30 0 0 0 0
 st 1
 ue 2
 de 30
 po 1
 pr 3

8429 char 0
na O Great One
LI
 wh 13552
CH
 lo 53155
 he 100
 lk 2
 lr 1
 sl	610 2 21 5 0 \
	617 2 14 4 0 \
	680 2 21 1 0 \
	612 2 28 1 0 \
	616 2 14 11 0 \
	614 2 14 7 0 \
	615 2 21 4 0 \
	611 2 28 0 0 \
	682 2 14 0 0
 at 121
 df 137
 mi 58
CO
 li explore
 ar 0 0 0 0 0 0 0 0
 ue 1
 de 7
 pr 3

