53198 player pl_regular
na The PGA
il	1 2873 \
	77 35
ad 52578 53013 54527 55565 55827 
CH
PL
 fn Chris Butchko
 em Robert_Butchko@cacd.uscourts.gov
 pw niblik
 fs 42
 ft 2
 so 1
 lt 260
 kn 69 600 601 602 603 610 611 612 613 614 \
	615 616 617 630 631 632 633 634 635 636 637 \
	639 641 650 651 652 653 654 655 656 657 658 \
	659 661 670 671 672 673 674 675 676 680 681 \
	682 690 691 692 693 694 695 696 697 700 701 \
	702 703 704 705 706 707 720 721 722 723 730 \
	731 732 733 750 751 752 753 754 755 756 800 \
	801 802 803 804 805 806 807 808 809 811 812 \
	813 814 820 821 822 823 824 825 826 827 828 \
	829 831 832 833 840 841 842 843 844 845 846 \
	847 848 849 851 852 860 861 862 863 864 865 \
	866 867 868 869 871 872 880 881 882 883 884 \
	885 886 887 888 889 891 892 893 894 900 901 \
	902 903 904 905 906 907 908 909 911 920 921 \
	922 1148 1484 1893 2084 2156 3622 3745 3918 4166 4808 \
	4964 5005 5505 5843 6307 6850 6914 9195 9453 9644 16778 \
	16878 16881 16882 16883 16884 16885 16886 16887 16888 16889 16890 \
	16891 16892 16893 16894 16895 16978 16979 16980 16981 16995 17078 \
	17095 17096 17178 17196 17197 17198 17272 17297 17298 17372 17398 \
	17498 17499 17599 17699 17799 17899 17989 17999 18089 18090 18099 \
	18189 18190 18199 18289 18290 18299 18387 18388 18389 18390 18391 \
	18399 18410 18411 18412 18413 18418 18419 18420 18487 18488 18489 \
	18490 18491 18499 18507 18508 18509 18510 18511 18512 18513 18514 \
	18515 18516 18517 18518 18519 18520 18586 18587 18588 18589 18590 \
	18591 18599 18606 18607 18608 18609 18610 18611 18612 18613 18614 \
	18615 18616 18617 18618 18619 18620 18687 18688 18689 18690 18691 \
	18692 18693 18699 18700 18701 18702 18706 18707 18708 18709 18710 \
	18711 18712 18713 18714 18715 18716 18717 18718 18719 18720 18787 \
	18788 18789 18790 18791 18792 18793 18798 18799 18802 18803 18804 \
	18805 18806 18807 18808 18809 18810 18811 18812 18813 18814 18815 \
	18816 18817 18818 18819 18820 18887 18888 18889 18890 18891 18892 \
	18893 18894 18895 18896 18897 18898 18899 18900 18901 18902 18903 \
	18904 18905 18906 18907 18908 18909 18910 18911 18912 18913 18914 \
	18915 18916 18917 18918 18919 18920 18984 18985 18986 18987 18988 \
	18989 18990 18991 18992 18993 18994 18995 18996 18997 18998 18999 \
	19000 19001 19002 19003 19004 19005 19006 19007 19008 19009 19010 \
	19011 19012 19013 19014 19015 19016 19017 19018 19019 19020 19085 \
	19086 19087 19088 19089 19090 19091 19092 19093 19094 19095 19096 \
	19097 19098 19099 19100 19101 19102 19103 19104 19105 19106 19107 \
	19108 19109 19110 19111 19112 19113 19114 19115 19116 19117 19118 \
	19119 19120 19185 19186 19187 19188 19189 19190 19191 19192 19193 \
	19194 19195 19196 19197 19198 19199 19204 19205 19206 19207 19208 \
	19209 19210 19211 19212 19213 19214 19215 19216 19217 19218 19219 \
	19220 19285 19286 19287 19288 19289 19290 19298 19299 19300 19304 \
	19305 19306 19307 19308 19309 19310 19311 19312 19313 19314 19315 \
	19316 19317 19318 19319 19320 19385 19386 19387 19388 19389 19390 \
	19399 19400 19401 19404 19405 19406 19407 19408 19409 19410 19411 \
	19412 19413 19414 19415 19416 19418 19419 19420 19488 19489 19501 \
	19502 19504 19505 19506 19507 19508 19509 19510 19511 19512 19513 \
	19514 19515 19516 19517 19518 19519 19520 19600 19601 19602 19603 \
	19604 19605 19606 19607 19608 19609 19610 19611 19612 19613 19614 \
	19615 19616 19620 19697 19698 19699 19702 19703 19704 19705 19706 \
	19707 19708 19709 19710 19711 19712 19713 19714 19715 19716 19717 \
	19718 19719 19720 19797 19801 19802 19897 19900 19901 19997 19998 \
	19999 20587 20710 21099 21569 21662 22352 22656 22691 23459 24372 \
	24462 24515 25018 25042 25369 25547 25615 25622 25804 25806 25821 \
	25899 26133 26277 26691 26881 27027 27282 27401 27662 27690 27809 \
	27833 28294 28374 28586 29066 29161 29278 29494 29725 29831 29918 \
	30250 30511 30918 31126 31266 31376 31657 32417 32565 32618 32738 \
	33078 33348 33447 34229 34533 34873 35523 35527 35536 35592 35630 \
	35820 35991 36355 36544 36707 37372 37495 37499 37554 37638 37749 \
	37810 38678 38990 39069 39153 39318 39362 39760 39779 39785 40301 \
	40360 40571 40604 41411 42062 42197 42204 42546 42766 42878 42937 \
	43501 44393 44567 45358 45614 45762 45900 46456 46764 47190 47456 \
	48031 48613 48622 48630 48716 48775 49143 49166 49172 49922 56780 \
	56993 57170 57177 57246 57309 57326 57475 57627 57708 57837 57849 \
	57939 58098 58112 58307 58315 58403 58432 58497 58705 58713 58743 \
	59071 59102 59356 59378 59458 59584 59973 60945 61484 61685 61739 \
	62377 62382 62393 62602 62760 62849 62924 63037 63081 63220 63222 \
	63247 63395 63526 63767 63801 64135 64153 64287 64577 64639 64897 \
	65457 65473 65597 65796 66077 66110 66207 66296 67116 67175 67390 \
	67452 67809 67894 67924 68051 68220 68305 68544 69338 69528 69694 \
	70246 70251 70327 70342 70448 70686 70959 71070 71293 71678 71828 \
	71854 71918 72034 72054 72102 72211 72273 72592 73816 73911 74783 \
	74813 74956 75362 75416 75461 75484 75775 75856 75934 76613 76630 \
	77155 77579 77601 77819 77923 78285 78348 78541 78642 78813 84530 \
	84935 100072 109974 111467 122679 128090 129967 131227 140580 143772 145522 \
	148782 
 un 101536 82264 9898 68031 89211 1695 4313 6542 6754 \
	9839 2166 9477 122997 75259 89557 78198 1383 81003 2314 136660 \
	78102 78619 5127 3466 119199 4567 74774 122761 96469 2234 130331 \
	5764 62460 9624 1937 
 uf 100691 131684 141509 107589 149327 
 am 5127 1 
 am 5843 1 
 am 6754 0 7689 
 am 6850 1 
 am 9477 1 
 am 9624 1 
 am 9898 1 
CO
 li accept 0 0
 ar 0 0 0 0 0 0 0 0
 st 1

101536 char 0
na Toad You
il	1 19907 \
	11 22 \
	15 3 \
	16 1 \
	52 7 \
	98 1 \
	67794 1
tl	2 144366 971 133 0 0 0 0 \
	2 69601 963 184 0 0 0 0 \
	2 136932 152 90 0 0 0 0 \
	2 64958 999 152 0 0 0 0
LI
 wh 111467
CH
 lo 53198
 he 100
 lk 1
 lr 101
 sl	610 2 21 14 0 \
	730 2 21 0 0 \
	732 2 14 2 0 \
	670 2 28 0 0 \
	671 2 14 1 0 \
	617 2 14 5 0 \
	611 2 28 0 0 \
	615 2 21 0 0 \
	733 2 14 1 0 \
	612 2 28 1 0 \
	613 1 7 0 0 \
	700 1 11 0 0 \
	720 2 21 0 0 \
	680 1 3 1 0 \
	721 2 14 1 0
 bh 1
 at 80
 df 80
 mi 50
CO
 li build mine "Lost Hills Mithril Lode IV"
 ar 0 0 0 0 0 0 0 0
 cs 2
 wa -1
 st 1
 ue 1
 de 18
 po 1
 pr 3

82264 char 0
na Ann Fibbyan
il	1 19300 \
	10 30 \
	12 5 \
	16 2 \
	54 2 \
	77 21 \
	105712 141 \
	110481 34
tl	2 110481 829 130 0 0 0 0 \
	2 105712 874 121 0 0 0 0 \
	1 100012 899 120 0 0 0 0 \
	1 125698 855 55 0 0 0 0
LI
 wh 6822
CH
 lo 53198
 he 100
 lk 1
 lr 350
 sl	610 2 21 5 0 \
	630 1 7 0 0 \
	730 2 21 0 0 \
	733 2 14 1 0 \
	732 2 14 0 0 \
	720 2 21 0 0 \
	680 1 8 0 0 \
	617 2 14 3 0 \
	721 2 14 0 0 \
	722 2 14 0 0
 bh 5
 bp 50
 at 80
 df 80
CO
 li train 12
 ar 12 0 0 2 0 0 0 0
 cs 2
 wa -1
 st 1
 ue 1
 de 2
 po 1
 pr 3

9898 char 0
na Arnold Palmer
il	1 19538 \
	54 1 \
	98 3 \
	77656 2 \
	86397 32 \
	112454 63
tl	2 94 39 4 0 0 0 0 \
	2 95 9850 7 0 0 0 0
LI
 wh 8840
CH
 lo 53198
 he 100
 lk 2
 lr 2
 sl	630 2 28 0 0 \
	800 2 28 0 0 \
	860 2 35 0 0 \
	802 2 14 25 0 \
	861 2 14 2 0 \
	803 2 14 3 0 \
	801 2 14 0 0 \
	862 2 14 5 0 \
	804 2 21 0 0 \
	805 2 14 0 0 \
	812 2 21 0 0 \
	811 2 21 22 0 \
	809 2 21 4 0 \
	813 2 21 45 0 \
	814 2 21 0 0 \
	808 2 21 9 0 \
	807 2 21 43 0 \
	806 2 21 62 0 \
	641 2 28 1 0 \
	639 2 21 0 0 \
	637 2 21 0 0 \
	840 2 35 0 0 \
	841 2 21 2 0 \
	864 2 14 0 0 \
	865 2 14 0 0 \
	867 2 21 1 0 \
	866 2 14 0 0 \
	871 2 21 0 0 \
	852 2 21 0 0 \
	900 2 42 0 0 \
	848 2 21 22 0 \
	849 2 21 7 0 \
	901 2 28 0 0 \
	843 2 21 0 0 \
	845 2 21 1 0 \
	842 2 14 4 0 \
	847 2 21 0 0 \
	863 2 14 2 0 \
	851 2 21 4 0 \
	844 2 21 9 0 \
	846 2 21 0 0 \
	911 2 21 0 0 \
	909 2 21 1 0 \
	872 2 21 1 0 \
	908 2 28 0 0 \
	903 2 21 0 0 \
	902 2 21 2 0 \
	868 2 21 0 0 \
	869 2 14 0 0 \
	904 2 21 0 0 \
	905 2 21 0 0 \
	906 2 21 0 0 \
	907 2 21 0 0 \
	610 2 21 4 0 \
	820 2 35 0 0 \
	831 2 28 0 0 \
	833 2 21 0 0 \
	832 2 21 0 0 \
	826 2 21 0 0 \
	827 2 21 0 0 \
	828 2 21 0 0 \
	829 2 21 0 0 \
	825 2 21 0 0 \
	880 2 42 0 0 \
	881 2 14 1 0 \
	889 2 21 0 0 \
	887 2 21 4 0 \
	892 2 21 0 0 \
	885 2 14 0 0 \
	886 2 14 0 0 \
	884 2 28 0 0 \
	891 2 21 0 0 \
	888 2 21 3 0 \
	616 2 14 2 0 \
	920 2 0 0 0 \
	921 2 28 30 0 \
	922 2 28 66 0 \
	882 2 14 0 0 \
	883 2 14 1 0 \
	821 2 21 0 0 \
	822 2 21 0 0 \
	823 2 21 0 0 \
	824 2 21 0 0 \
	612 2 28 1 0 \
	611 2 28 0 0 \
	894 2 21 0 0 \
	893 2 21 0 0
 at 83
 df 80
CM
 im 1
 ma 78
 ca 5
 hs 1
 kw 1
 vp 5
 pl 6542
 ar 147209
CO
 li use 921
 ar 0 0 0 0 0 0 0 921
 cs 2
 wa 20
 st 1
 us 921
 ue 4
 de 5
 pr 3

68031 char 0
na Mrs. Tiggywinkle
il	1 67302 \
	10 58 \
	12 391 \
	13 25 \
	15 4 \
	16 1 \
	20 170 \
	21 1 \
	22 18 \
	64 11 \
	68 23 \
	69 1 \
	72 6 \
	73 5 \
	79 22 \
	82 11 \
	83 1 \
	98 14 \
	89035 110 \
	136719 39 \
	142820 78
tl	1 52 737 140 0 0 0 0 \
	2 89035 445 96 0 0 0 0 \
	2 136719 959 96 0 0 0 0 \
	1 103719 785 30 0 0 0 0
LI
 wh 3918
CH
 lo 53198
 he 100
 lk 1
 lr 451
 sl	610 2 21 103 0 \
	730 2 21 0 0 \
	680 2 21 0 0 \
	630 2 28 0 0 \
	600 2 21 0 0 \
	611 2 28 0 0 \
	612 2 28 1 0 \
	732 2 14 7 0 \
	733 2 14 5 0 \
	682 2 14 0 0 \
	601 2 14 0 0 \
	603 2 14 0 0 \
	616 2 14 59 0 \
	615 2 21 18 0 \
	614 2 14 0 0 \
	613 2 14 0 0 \
	602 2 14 0 0 \
	631 2 14 0 0 \
	632 2 14 0 0 \
	617 2 14 60 0
 bh 5
 ra 10
 at 83
 df 80
 mi 125
CM
 pl 6149
CO
 li train 22 29
 ar 22 29 29 5 0 0 0 0
 cs 2
 wa -1
 st 1
 ue 2
 de 5
 po 1
 pr 3

89211 char ni
il	1 197 \
	13 9 \
	52 72 \
	103719 1 \
	136719 39
LI
 wh 57246
CH
 ni 31
 lo 53198
 he -1
 lk 4
 bh 2
 at 60
 df 60
CM
 ot 68456
MI
 ca r
CO
 li seek
 ar 0 0 0 0 0 0 0 0
 cs 2
 wa 4
 st 1
 de 3
 po 1
 pr 3

1695 char 0
na Ray Floyd
il	1 41281 \
	54 106 \
	136719 117
tl	2 95 417 7 0 0 0 0 \
	2 94 57 4 0 0 0 0 \
	2 75526 913 119 0 0 0 0
LI
 wh 57246
CH
 lo 53198
 he 100
 lk 1
 lr 301
 sl	630 2 28 0 0 \
	610 2 21 13 0 \
	639 2 21 0 0 \
	631 2 14 5 0 \
	637 2 21 0 0 \
	680 2 21 0 0 \
	612 2 28 1 0 \
	634 2 14 0 0 \
	641 2 28 1 0 \
	636 2 14 0 0 \
	632 2 14 0 0 \
	635 2 28 0 0 \
	730 2 21 0 0 \
	732 2 14 22 0 \
	733 2 14 20 0 \
	682 2 14 0 0 \
	611 2 28 0 0 \
	633 2 14 0 0 \
	613 2 14 0 0 \
	600 2 21 0 0 \
	670 2 28 0 0 \
	720 2 21 0 0 \
	722 2 14 0 0 \
	671 2 14 3 0 \
	721 2 14 0 0 \
	617 2 14 0 0 \
	700 2 21 0 0 \
	702 2 14 0 0 \
	615 2 21 6 0 \
	616 2 14 0 0 \
	614 2 14 0 0 \
	601 2 14 0 0 \
	603 2 14 0 0 \
	602 2 14 0 0 \
	704 2 14 0 0
 bh 1
 at 80
 df 80
 mi 84
CM
 hs 1
 pl 6019
CO
 li give m031 136719 0
 ar 68031 136719 0 0 0 0 0 0
 st 1
 ue 2
 pr 1

4313 char 0
na Tom Watson
il	1 41260 \
	52 160 \
	79 38 \
	100012 93 \
	103719 47 \
	136719 38 \
	142820 2
tl	2 95 99 7 0 0 0 0 \
	2 94 984 4 0 0 0 0 \
	1 52 908 140 0 0 0 0 \
	2 88452 950 158 0 0 0 0 \
	2 89035 995 96 0 0 0 0 \
	2 110481 965 130 0 0 0 0
LI
 wh 18517
CH
 lo 53198
 pl 100
 he 100
 lk 1
 lr 301
 sl	600 2 21 0 0 \
	610 2 21 5 0 \
	730 2 21 0 0 \
	615 2 21 10 0 \
	612 2 28 1 0 \
	733 2 14 21 0 \
	732 2 14 20 0 \
	601 2 14 0 0 \
	720 2 21 0 0 \
	721 2 14 2 0 \
	722 2 14 0 0 \
	731 2 14 0 0 \
	611 2 28 0 0 \
	700 2 21 0 0 \
	630 2 28 0 0 \
	702 2 14 3 0 \
	680 2 21 0 0 \
	703 2 14 0 0 \
	617 2 14 1 0 \
	616 2 14 2 0 \
	682 2 14 1 0 \
	704 2 14 0 0 \
	602 2 14 0 0 \
	614 2 14 0 0 \
	670 2 28 0 0 \
	671 2 14 4 0 \
	632 2 14 0 0 \
	672 2 21 0 0
 mo 7798
 bh 1
 at 80
 df 80
 mi 102
CM
 pl 2314
CO
 li move fg18 e
 ar 18518 2 18518 0 0 4 18517 0
 cs 2
 wa 1
 st 1
 ue 4
 de 3
 pr 2

6542 char 0
na Jim Furyk
il	1 48726 \
	10 37 \
	12 74 \
	13 38 \
	16 51 \
	21 120 \
	52 6 \
	68 15 \
	77 63 \
	121780 96 \
	142820 39
tl	2 94 9999 4 0 0 0 0 \
	2 95 9865 7 0 0 0 0 \
	1 52 949 140 0 0 0 0 \
	2 121780 455 129 0 0 0 0 \
	2 82358 446 74 0 0 0 0 \
	1 85034 64 25 0 0 0 0 \
	1 93972 50 100 0 0 0 0
ah 5203 
LI
 wh 4785
CH
 lo 53198
 he 100
 lk 1
 lr 351
 sl	610 2 21 100 0 \
	617 2 14 89 0 \
	680 2 21 4 0 \
	612 2 28 1 0 \
	616 2 14 0 0 \
	615 2 21 35 0 \
	613 2 14 3 0 \
	614 2 14 1 0 \
	681 2 14 0 0 \
	682 2 14 2 0 \
	700 2 21 0 0 \
	701 2 14 0 0 \
	702 2 14 25 0 \
	703 2 14 13 0 \
	704 2 14 0 0 \
	630 2 28 0 0 \
	730 2 21 0 0 \
	705 2 14 0 0 \
	634 2 14 0 0 \
	632 2 14 0 0 \
	732 2 14 3 0 \
	733 2 14 2 0 \
	635 2 28 0 0 \
	636 2 14 0 0 \
	600 2 21 0 0 \
	601 2 14 0 0 \
	602 2 14 0 0 \
	611 2 28 0 0 \
	641 2 28 0 0 \
	637 2 21 0 0 \
	639 2 21 0 0 \
	633 2 14 0 0 \
	631 2 14 0 0 \
	720 2 21 0 0 \
	722 2 14 0 0 \
	721 2 14 0 0
 bh 1
 at 80
 df 87
 mi 147
CM
 pl 6019
CO
 li train 12 17
 ar 12 17 17 16 0 0 0 0
 cs 2
 wa -1
 st 1
 ue 4
 de 16
 po 1
 pr 3

6754 char 0
na Eldrick
il	1 28839 \
	54 34
tl	2 94 999 4 0 0 0 0 \
	2 121780 935 129 0 0 0 0 \
	2 110481 999 130 0 0 0 0
LI
 wh 18614
CH
 lo 53198
 pl 100
 he 100
 lk 3
 lr 26
 sl	610 2 21 56 0 \
	700 2 21 0 0 \
	702 2 14 9 0 \
	612 2 28 1 0 \
	616 2 14 9 0 \
	611 2 28 0 0 \
	617 2 14 27 0 \
	615 2 21 26 0 \
	703 2 14 0 0 \
	600 2 21 0 0 \
	601 2 14 4 0 \
	603 2 14 0 0 \
	602 2 14 1 0 \
	730 2 21 0 0 \
	732 2 14 1 0 \
	733 2 14 0 0 \
	701 2 14 0 0 \
	614 2 14 0 0 \
	704 2 14 0 0 \
	705 2 14 0 0 \
	613 2 14 0 0 \
	630 1 7 0 0 \
	680 1 15 0 0
 mo 7798
 bh 1
 at 87
 df 80
 mi 192
CM
 vp 10
CO
 li fly fj14 s
 ar 18714 3 18714 0 0 4 18614 0
 cs 2
 wa 1
 st 1
 ue 4
 de 3
 pr 2

9839 char 0
na Nick Faldo
il	1 3587 \
	12 5 \
	15 9 \
	52 45 \
	54 28 \
	82358 4 \
	112454 1
tl	2 95 9978 7 0 0 0 0 \
	2 87 815 2 0 0 0 0 \
	2 116172 578 113 0 0 0 0 \
	2 94045 449 72 0 0 0 0
LI
 wh 18615
CH
 lo 53198
 pl 100
 he 100
 lk 1
 lr 451
 sl	610 2 21 66 0 \
	612 2 28 1 0 \
	730 2 21 0 0 \
	732 2 14 8 0 \
	617 2 14 36 0 \
	680 2 21 2 0 \
	700 2 21 0 0 \
	702 2 14 24 0 \
	630 2 28 0 0 \
	682 2 14 0 0 \
	611 2 28 0 0 \
	704 2 14 0 0 \
	641 2 28 0 0 \
	703 2 14 2 0 \
	733 2 14 6 0 \
	615 2 21 5 0 \
	600 2 21 0 0 \
	601 2 14 43 0 \
	602 2 14 2 0 \
	603 2 14 6 0 \
	616 2 14 0 0 \
	613 2 14 0 0 \
	614 2 14 0 0 \
	670 2 28 0 0 \
	671 1 9 0 0
 at 80
 df 80
 mi 71
CO
 li wait item 82358 49
 ar 0 82358 49 0 0 0 0 0
 cs 2
 wa -1
 st 1
 ue 2
 de 4
 po 1
 pr 1

2166 char 0
na The Coors Frog
il	1 98462 \
	10 2 \
	15 9 \
	52 15 \
	54 1 \
	64 3 \
	79 35 \
	83942 1 \
	145595 1
tl	2 95 951 7 0 0 0 0 \
	2 94 992 4 0 0 0 0 \
	1 52 975 120 0 0 0 0 \
	2 69601 721 184 0 0 0 0 \
	2 144366 915 133 0 0 0 0
LI
 wh 18617
CH
 lo 53198
 he 100
 lk 1
 lr 201
 sl	610 2 21 66 0 \
	611 2 28 0 0 \
	617 2 14 44 0 \
	615 2 21 3 0 \
	612 2 28 1 0 \
	720 2 21 0 0 \
	721 2 14 44 0 \
	722 2 14 77 0 \
	616 2 14 42 0 \
	700 2 21 0 0 \
	702 2 14 20 0 \
	630 2 28 0 0 \
	680 2 21 12 0 \
	730 2 21 0 0 \
	732 2 14 1 0 \
	733 2 14 0 0 \
	704 2 14 2 0 \
	682 2 14 12 0 \
	723 2 14 9 0 \
	614 2 14 0 0
 ra 70
 at 107
 df 80
 mi 65
CO
 li collect 10 10 0
 ar 10 10 10 2 0 0 0 0
 cs 2
 wa -1
 st 1
 ue 5
 de 2
 po 1
 pr 3

9477 char 0
na John Cook
il	1 8559 \
	10 9 \
	12 1 \
	15 7 \
	52 6 \
	68 22 \
	72 12 \
	66460 1 \
	89583 1
tl	2 95 9984 7 0 0 0 0 \
	2 94 4 999 0 0 0 0 \
	2 66336 884 160 0 0 0 0 \
	2 64935 929 88 0 0 0 0 \
	1 122623 47 92 0 0 0 0 \
	1 77892 49 37 0 0 0 0
LI
 wh 18619
CH
 lo 53198
 pl 100
 he 100
 lk 1
 lr 400
 sl	680 2 21 13 0 \
	682 2 14 25 0 \
	700 2 21 0 0 \
	702 2 14 86 0 \
	610 2 21 64 0 \
	704 2 14 1 0 \
	706 2 14 0 0 \
	617 2 14 75 0 \
	707 2 14 0 0 \
	703 2 14 57 0 \
	701 2 14 0 0 \
	615 2 21 25 0 \
	612 2 28 1 0 \
	611 2 28 0 0 \
	616 2 14 5 0 \
	600 2 21 0 0 \
	602 2 14 1 0 \
	601 2 14 5 0 \
	603 2 14 0 0 \
	705 2 14 0 0
 at 101
 df 80
 mi 61
CM
 vp 1
MI
 di 4
CO
 li train 12
 ar 12 0 0 1 0 0 0 0
 cs 2
 wa -1
 st 1
 ue 3
 de 1
 po 1
 pr 3

122997 char 0
na Newter Ed
il	1 35798 \
	10 106 \
	12 97 \
	15 9 \
	16 57 \
	21 30 \
	52 28 \
	77 36 \
	98 1 \
	64809 101 \
	82358 98 \
	85034 69 \
	100012 15 \
	103719 61 \
	121780 64
tl	1 82358 264 15 0 0 0 0 \
	2 64809 542 84 0 0 0 0 \
	2 85034 584 87 0 0 0 0
LI
 wh 7111
CH
 lo 53198
 he 100
 lk 1
 lr 351
 sl	610 2 21 19 0 \
	680 2 21 0 0 \
	730 2 21 0 0 \
	733 2 14 2 0 \
	732 2 14 0 0 \
	700 2 21 0 0 \
	630 1 20 0 0 \
	703 2 14 0 0 \
	704 2 14 0 0 \
	611 2 28 0 0 \
	617 2 14 10 0 \
	702 2 14 0 0 \
	615 2 21 0 0
 bh 1
 bp 50
 at 80
 df 80
 mi 50
CO
 li train 12 4
 ar 12 4 4 2 0 0 0 0
 cs 2
 wa -1
 st 1
 ue 1
 de 2
 po 1
 pr 3

75259 char 0
na Froghorn
il	1 15447 \
	54 67 \
	105712 45 \
	110481 68
tl	1 78354 999 14 0 0 0 0 \
	1 86999 931 99 0 0 0 0 \
	1 140432 35 11 0 0 0 0 \
	2 87087 43 162 0 0 0 0 \
	2 94045 999 72 0 0 0 0 \
	2 114034 937 200 0 0 0 0 \
	2 124719 1 209 0 0 0 0 \
	2 88452 998 158 0 0 0 0 \
	2 81257 999 168 0 0 0 0 \
	2 123837 999 54 0 0 0 0
LI
 wh 18713
CH
 lo 53198
 pl 100
 he 100
 lk 1
 lr 401
 sl	610 2 21 3 0 \
	611 2 28 0 0 \
	670 2 28 0 0 \
	612 2 28 0 0 \
	630 1 24 0 0 \
	680 2 21 0 0 \
	730 2 21 0 0 \
	733 2 14 1 0 \
	732 2 14 0 0 \
	615 2 21 0 0 \
	617 2 14 0 0
 mo 7800
 bp 50
 at 80
 df 80
 mi 50
MI
 di 1
CO
 li fly n
 ar 0 1 18613 0 0 4 18713 0
 cs 2
 wa 3
 st 1
 ue 1
 de 1
 pr 2

89557 char ni
na Toad Amon
il	1 10012 \
	52 99 \
	85034 96 \
	93972 150
LI
 wh 18714
CH
 ni 34
 lo 53198
 he -1
 lk 4
 at 60
 df 60
CM
 ot 131227
MI
 ca r
CO
 li move w
 ar 0 0 0 0 0 0 0 0
 wa -1
 st 1
 pr 2

78198 char 0
na Henry Hedgehog
il	1 108058 \
	10 5 \
	12 26 \
	16 1 \
	21 1 \
	54 5 \
	64 1 \
	77 68 \
	98 1 \
	78813 1 \
	105712 45 \
	131227 1 \
	136719 39 \
	142820 1
tl	2 81257 318 164 0 0 0 0 \
	2 145770 595 191 0 0 0 0 \
	1 136719 468 33 0 0 0 0 \
	1 112454 864 95 0 0 0 0 \
	2 100012 968 202 0 0 0 0
LI
 wh 8571
CH
 lo 53198
 pl 100
 he 100
 lk 1
 lr 150
 sl	610 2 21 22 0 \
	612 2 28 1 0 \
	617 2 14 10 0 \
	611 2 28 0 0 \
	615 2 21 0 0 \
	616 2 14 3 0 \
	730 2 21 0 0 \
	732 2 14 3 0 \
	733 2 14 3 0 \
	720 1 7 0 0 \
	680 1 7 0 0 \
	650 2 28 0 0 \
	654 2 28 66 0
 at 80
 df 80
 mi 50
MI
 di 4
CO
 li breed 54 54
 ar 54 54 0 0 0 0 0 0
 cs 2
 wa 2
 st 1
 ue 1
 de 4
 pr 3

1383 char 0
na Ernie Els
il	1 45665 \
	10 38 \
	11 105 \
	12 360 \
	16 170 \
	19 44 \
	21 45 \
	51 10 \
	52 2 \
	53 3 \
	54 6 \
	69 4 \
	75 7 \
	77 379 \
	85 238 \
	98 12 \
	261 14 \
	64639 1 \
	67452 1 \
	69213 1 \
	73008 1 \
	86397 1 \
	103719 29 \
	107409 1 \
	123837 48
tl	2 95 9821 7 0 0 0 0 \
	1 52 732 100 0 0 0 0 \
	2 87 743 2 0 0 0 0 \
	1 123837 288 13 0 0 0 0 \
	1 64958 172 97 0 0 0 0 \
	2 77656 975 201 0 0 0 0
LI
 wh 6307
CH
 lo 53198
 he 100
 lk 1
 lr 451
 sl	650 2 28 0 0 \
	655 2 14 35 0 \
	656 2 14 45 0 \
	652 2 28 0 0 \
	653 2 28 0 0 \
	610 2 21 0 0 \
	654 2 28 173 0 \
	651 2 21 0 0 \
	657 2 21 120 0 \
	616 2 14 4 0 \
	611 2 28 0 0 \
	659 2 21 0 0
 bp 50
 ra 10
 at 80
 df 80
CM
 pl 6149
CO
 li breed 54 54
 ar 54 54 0 0 0 0 0 0
 cs 2
 wa 1
 st 1
 ue 5
 de 5
 pr 3

81003 char 0
na Froglight
il	1 18632 \
	12 4 \
	16 5 \
	52 25 \
	68 5 \
	75 8 \
	98 2
tl	1 52 975 140 0 0 0 0 \
	2 64473 711 88 0 0 0 0 \
	2 117566 666 90 0 0 0 0 \
	2 80660 44 102 0 0 0 0 \
	2 124719 999 209 0 0 0 0
LI
 wh 19010
CH
 lo 53198
 he 100
 lk 1
 lr 201
 sl	610 2 21 21 0 \
	611 2 28 0 0 \
	612 2 28 3 0 \
	617 2 14 14 0 \
	680 2 21 9 0 \
	670 1 14 0 0 \
	700 2 21 0 0 \
	702 2 14 20 0 \
	703 2 14 13 0
 at 80
 df 80
CO
 li take garrison 16 0
 ar 63996 16 0 0 0 0 0 0
 st 1
 ue 1
 pr 1

2314 char 0
na Tom Lehman
il	1 31193 \
	54 31 \
	77656 2 \
	112454 32
tl	2 87 9499 2 0 0 0 0 \
	2 95 9924 7 0 0 0 0 \
	2 94 987 4 0 0 0 0 \
	1 52 995 140 0 0 0 0 \
	2 110481 965 130 0 0 0 0 \
	1 125698 45 55 0 0 0 0
LI
 wh 19014
CH
 lo 53198
 he 100
 lk 1
 lr 351
 sl	680 2 21 25 0 \
	682 2 14 48 0 \
	610 2 21 30 0 \
	611 2 28 0 0 \
	612 2 28 1 0 \
	700 2 21 0 0 \
	702 2 14 17 0 \
	617 2 14 17 0 \
	703 2 14 0 0 \
	720 2 21 0 0 \
	721 2 14 34 0 \
	722 2 14 74 0 \
	723 2 14 24 0 \
	616 2 14 6 0 \
	630 2 28 0 0 \
	730 2 21 0 0 \
	733 2 14 1 0 \
	732 2 14 2 0 \
	704 2 14 4 0
 mo 7800
 at 80
 df 80
CO
 li fly w
 ar 0 4 19013 0 0 4 19014 0
 cs 2
 wa 3
 st 1
 ue 5
 de 1
 pr 2

136660 char 0
na Fog's Legs
il	1 103160 \
	10 17 \
	11 10 \
	12 97 \
	16 54 \
	21 29 \
	52 4 \
	54 7 \
	64 5 \
	77 115 \
	85 15 \
	272 5 \
	64316 1 \
	64809 31 \
	65453 1 \
	68456 1 \
	76991 1 \
	86397 36 \
	93972 50 \
	107902 1 \
	110481 34 \
	125698 2
tl	1 52 941 140 0 0 0 0 \
	2 94 988 4 0 0 0 0 \
	1 64809 465 15 0 0 0 0 \
	2 86397 641 108 0 0 0 0 \
	2 93972 499 157 0 0 0 0 \
	1 110481 306 70 0 0 0 0
LI
 wh 6996
CH
 lo 53198
 he 100
 lk 1
 lr 101
 sl	610 2 21 12 0 \
	611 2 28 0 0 \
	612 2 28 1 0 \
	700 2 21 0 0 \
	703 2 14 7 0 \
	704 2 14 0 0 \
	617 2 14 3 0 \
	702 2 14 7 0 \
	615 2 21 1 0 \
	680 1 7 0 0 \
	730 2 21 0 0 \
	733 2 14 2 0 \
	650 2 28 0 0 \
	654 2 28 15 0 \
	732 2 14 1 0 \
	661 2 21 0 0 \
	658 0 0 0 0
 at 80
 df 80
 mi 50
CO
 li breed 54 54
 ar 54 54 0 0 0 0 0 0
 cs 2
 wa 2
 st 1
 ue 1
 de 4
 pr 3

78102 char 0
na K-Frog
il	1 9789 \
	10 58 \
	13 3 \
	16 13 \
	17 57 \
	21 110 \
	22 37 \
	72 31 \
	75 11 \
	77 285 \
	79 84 \
	82 7 \
	85 1 \
	61429 1 \
	61949 1 \
	62072 1 \
	62382 1 \
	63220 1 \
	64876 1 \
	82358 22 \
	100012 1 \
	103719 4 \
	142820 40 \
	145770 48
tl	1 52 875 120 0 0 0 0 \
	2 82358 716 70 0 0 0 0 \
	1 142820 560 84 0 0 0 0 \
	1 145770 48 150 0 0 0 0
LI
 wh 1484
CH
 lo 53198
 he 100
 lk 1
 lr 100
 sl	610 2 21 76 0 \
	616 2 14 43 0 \
	611 2 28 0 0 \
	617 2 14 49 0 \
	615 2 21 17 0 \
	730 2 21 0 0 \
	732 2 14 4 0 \
	733 2 14 4 0 \
	614 2 14 3 0 \
	612 2 28 1 0
 bh 1
 ra 10
 at 80
 df 90
 mi 50
CO
 li train 22 11
 ar 22 11 11 5 0 0 0 0
 cs 2
 wa -1
 st 1
 ue 1
 de 5
 po 1
 pr 3

78619 char 0
na Sledgehog
il	1 3099 \
	52 15 \
	76 5 \
	82 3 \
	63864 1 \
	69128 1 \
	71682 1 \
	72119 1 \
	72187 1 \
	74600 1
LI
 wh 19207
CH
 lo 53198
 he 100
 lk 1
 lr 101
 sl	610 2 21 4 0 \
	615 2 21 0 0 \
	612 2 28 1 0 \
	611 2 28 0 0 \
	617 2 14 0 0
 at 80
 df 80
 mi 50
CO
 li explore
 ar 0 0 0 0 0 0 0 0
 cs 2
 wa 3
 st 1
 ue 1
 de 4
 pr 3

5127 char 0
na Ben Crenshaw
il	1 2850 \
	12 4 \
	51 10 \
	54 15 \
	289 1 \
	60517 1 \
	148782 1
tl	2 87 9999 2 0 0 0 0 \
	2 95 9981 7 0 0 0 0 \
	1 52 959 120 0 0 0 0 \
	2 94 996 4 0 0 0 0 \
	2 123837 855 54 0 0 0 0 \
	2 125698 998 112 0 0 0 0
LI
 wh 19310
CH
 lo 53198
 pl 100
 he 100
 lk 1
 lr 351
 sl	680 2 21 0 0 \
	682 2 14 38 0 \
	610 2 21 14 0 \
	612 2 28 1 0 \
	650 2 28 0 0 \
	654 2 28 144 0 \
	652 2 28 0 0 \
	653 2 28 0 0 \
	630 2 28 0 0 \
	655 2 14 66 0 \
	615 2 21 2 0 \
	656 2 14 2 0
 bh 8
 at 80
 df 80
 mi 50
CO
 li breed 54 54
 ar 54 54 0 0 0 0 0 0
 cs 2
 wa 5
 st 1
 ue 5
 de 1
 pr 3

3466 char 0
na Elizabeth Ard
il	1 32028 \
	11 3 \
	15 6 \
	54 93 \
	75 2 \
	77 4 \
	103719 46 \
	142820 80
tl	2 64473 903 88 0 0 0 0 \
	2 117566 852 90 0 0 0 0 \
	2 69601 993 184 0 0 0 0 \
	2 94045 50 72 0 0 0 0 \
	2 88452 998 158 0 0 0 0 \
	2 123837 903 54 0 0 0 0 \
	2 64958 999 152 0 0 0 0 \
	1 89035 35 15 0 0 0 0 \
	1 86397 32 27 0 0 0 0 \
	2 85034 32 87 0 0 0 0 \
	2 82358 49 70 0 0 0 0 \
	2 105712 989 121 0 0 0 0
LI
 wh 19313
 hl 119199 
CH
 lo 53198
 pl 100
 he 100
 lk 3
 lr 8
 sl	610 2 21 8 0 \
	611 2 28 0 0 \
	612 2 28 1 0 \
	700 2 21 0 0 \
	702 2 14 3 0 \
	730 2 21 0 0 \
	630 2 28 0 0 \
	617 2 14 4 0 \
	733 2 14 5 0 \
	732 2 14 5 0 \
	616 2 14 2 0 \
	600 2 21 0 0 \
	602 2 14 0 0 \
	601 2 14 0 0 \
	603 2 14 0 0 \
	670 2 28 0 0 \
	680 2 21 0 0 \
	671 2 14 1 0 \
	720 2 21 0 0 \
	722 2 14 0 0 \
	721 2 14 0 0 \
	703 2 14 0 0 \
	682 2 14 0 0 \
	704 2 14 0 0 \
	615 2 21 0 0 \
	614 2 14 0 0 \
	613 2 14 0 0
 at 80
 df 80
 mi 50
MI
 di 2
 ds Call me 'Liz'
CO
 li move g577
 ar 64577 0 0 0 0 0 0 0
 wa -1
 st 1
 ue 1
 pr 2

119199 char 0
na Froggedaboutit
il	1 11313 \
	10 1 \
	12 1 \
	21 2 \
	22 28 \
	52 53 \
	64948 1 \
	71087 1 \
	95511 1 \
	127972 1
tl	1 128834 53 12 0 0 0 0 \
	2 121510 31 78 0 0 0 0 \
	1 64023 1 12 0 0 0 0 \
	1 76799 1 14 0 0 0 0
LI
 wh 3466
CH
 lo 53198
 he 100
 lk 3
 lr 12
 sl	670 2 28 0 0 \
	610 2 21 4 0 \
	630 2 28 0 0 \
	611 2 28 0 0 \
	612 2 28 0 0 \
	615 2 21 0 0 \
	617 2 14 0 0 \
	671 2 14 1 0
 bh 9
 bp 50
 at 80
 df 80
 mi 50
MI
 ds ...forgot these....
CO
 li train 12
 ar 12 0 0 1 0 0 0 0
 cs 2
 wa -1
 st 1
 ue 1
 de 3
 po 1
 pr 3

4567 char 0
na Toadpole
il	1 32892 \
	54 101 \
	64958 129 \
	70741 1 \
	123837 96
tl	2 73517 965 84 0 0 0 0 \
	1 52 981 140 0 0 0 0 \
	2 81257 45 164 0 0 0 0
LI
 wh 19404
CH
 lo 53198
 he 100
 lk 1
 lr 451
 sl	700 2 21 0 0 \
	702 2 14 9 0 \
	720 2 21 0 0 \
	721 2 14 22 0 \
	722 2 14 31 0 \
	610 2 21 10 0 \
	617 2 14 7 0 \
	680 2 21 4 0 \
	682 2 14 5 0 \
	723 2 14 4 0 \
	612 2 28 1 0 \
	730 2 21 0 0 \
	732 2 14 1 0 \
	630 2 28 0 0 \
	733 2 14 2 0 \
	611 2 28 0 0
 mo 7800
 at 80
 df 80
CO
 li fly s
 ar 0 3 19504 0 0 4 19404 0
 cs 2
 wa 3
 st 1
 ue 1
 de 1
 pr 2

74774 char 0
na The Desert Frog
il	1 641 \
	16 9 \
	54 5 \
	69 1 \
	75 10 \
	76 15 \
	85 8 \
	68193 1 \
	68287 1 \
	69204 1 \
	82358 65 \
	128090 1 \
	134416 1
tl	2 59871 931 102 0 0 0 0
LI
 wh 19407
CH
 lo 53198
 he 100
 lk 3
 lr 35
 sl	610 2 21 9 0 \
	670 2 28 0 0 \
	720 1 7 0 0 \
	730 2 21 0 0 \
	612 2 28 0 0 \
	615 2 21 0 0 \
	611 2 28 0 0 \
	733 2 14 0 0 \
	732 2 14 0 0 \
	617 2 14 0 0
 mo 7795
 bp 50
 at 80
 df 80
 mi 50
CO
 li move n
 ar 0 1 19307 0 0 7 19407 0
 cs 2
 wa 1
 st 1
 de 6
 pr 2

122761 char ni
il	1 974 \
	12 6 \
	16 16 \
	21 52 \
	22 4
LI
 wh 19407
CH
 ni 287
 lo 53198
 he -1
 lk 4
 mo 7797
 bh 2
 at 60
 df 60
CM
 ot 128090
MI
 ca r
CO
 li move n
 ar 0 1 19307 0 0 14 19407 0
 cs 2
 wa 10
 st 1
 de 4
 pr 2

96469 char 0
na Frog of War
il	1 4711 \
	15 9 \
	77656 53
LI
 wh 19407
CH
 lo 53198
 he 100
 lk 1
 lr 450
 sl	720 1 7 0 0 \
	670 1 7 0 0
 mo 7798
 bp 50
 at 80
 df 80
CO
 li move n
 ar 0 1 19307 0 0 4 19407 0
 cs 2
 wa 1
 st 1
 de 3
 pr 2

2234 char 0
na The Velvet Frog
il	1 105911 \
	10 7 \
	12 98 \
	17 300 \
	82 3 \
	64958 30 \
	75526 34 \
	86397 96 \
	89035 67 \
	100012 1 \
	125698 1
tl	2 94 419 4 0 0 0 0 \
	2 95 428 7 0 0 0 0 \
	1 52 977 120 0 0 0 0 \
	2 75526 679 119 0 0 0 0 \
	2 64958 567 152 0 0 0 0 \
	1 86397 597 27 0 0 0 0
LI
 wh 1893
CH
 lo 53198
 he 100
 lk 1
 lr 201
 sl	610 2 21 59 0 \
	670 2 28 0 0 \
	671 2 14 1 0 \
	720 2 21 0 0 \
	680 2 21 0 0 \
	611 2 28 0 0 \
	721 2 14 0 0 \
	630 2 28 0 0 \
	722 2 14 0 0 \
	617 2 14 0 0 \
	682 2 14 0 0 \
	612 2 28 0 0 \
	616 2 14 0 0 \
	615 2 21 0 0 \
	614 2 14 0 0 \
	613 2 14 0 0 \
	632 2 14 0 0 \
	672 2 21 0 0 \
	676 2 14 0 0 \
	675 2 21 0 0 \
	636 2 14 0 0 \
	637 2 21 0 0 \
	639 2 21 0 0 \
	641 2 28 0 0 \
	723 2 14 0 0 \
	750 2 35 66 0 \
	751 2 28 0 0 \
	753 2 21 1 0 \
	755 2 28 0 0 \
	754 2 28 0 0 \
	756 2 28 13 0 \
	752 2 28 0 0 \
	730 2 21 0 0 \
	733 2 14 3 0 \
	732 2 14 4 0 \
	673 2 14 0 0 \
	674 2 21 0 0
 bp 50
 at 80
 df 80
 mi 50
CM
 pr 1
 vp 14
CO
 li train 17 30
 ar 17 30 30 2 0 0 0 0
 cs 2
 wa -1
 st 1
 ue 3
 de 2
 po 1
 pr 3

130331 char 0
na Crabinette
il	1 58025 \
	15 9 \
	52 101 \
	64958 43 \
	75526 90 \
	77656 23 \
	105712 90
tl	2 117566 703 90 0 0 0 0 \
	1 52 995 130 0 0 0 0 \
	2 82358 902 74 0 0 0 0 \
	2 121780 999 129 0 0 0 0 \
	2 145770 9 191 0 0 0 0
LI
 wh 19706
CH
 lo 53198
 he 100
 lk 1
 lr 101
 sl	610 2 21 8 0 \
	617 2 14 11 0 \
	615 2 21 6 0 \
	611 2 28 0 0 \
	680 1 14 0 0 \
	670 2 28 0 0 \
	700 1 2 0 0
 bp 50
 at 80
 df 80
 mi 50
CO
 li move w
 ar 0 0 0 0 0 0 0 0
 wa -1
 st 1
 pr 2

5764 char 0
na London Frog
il	1 38149 \
	11 3 \
	12 252 \
	16 13 \
	21 7 \
	100012 31 \
	123837 96 \
	125698 90
tl	1 52 915 140 0 0 0 0 \
	2 95 971 7 0 0 0 0 \
	2 94 983 4 0 0 0 0 \
	2 123837 600 54 0 0 0 0 \
	2 125698 639 112 0 0 0 0 \
	1 105712 405 71 0 0 0 0 \
	1 77656 822 88 0 0 0 0
LI
 wh 2252
CH
 lo 53198
 he 100
 lk 1
 lr 351
 sl	630 2 28 0 0 \
	680 2 21 0 0 \
	610 2 21 39 0 \
	617 2 14 9 0 \
	611 2 28 0 0 \
	612 2 28 1 0 \
	616 2 14 8 0 \
	682 2 14 0 0 \
	615 2 21 4 0 \
	730 2 21 0 0 \
	733 2 14 10 0 \
	732 2 14 11 0 \
	670 2 28 0 0 \
	671 2 14 1 0 \
	720 2 21 0 0 \
	675 2 21 0 0 \
	723 2 14 0 0 \
	636 2 14 0 0 \
	676 2 14 0 0 \
	637 2 21 0 0 \
	722 2 14 0 0 \
	731 2 14 0 0 \
	700 2 21 0 0 \
	702 2 14 0 0 \
	703 2 14 0 0 \
	704 2 14 0 0
 at 80
 df 80
 mi 81
CM
 pl 1383
CO
 li use 615
 ar 0 0 0 0 0 0 0 615
 cs 2
 wa 5
 st 1
 us 615
 ue 1
 de 2
 pr 3

62460 char 0
na Froglifter
il	1 5070 \
	15 5 \
	16 3 \
	69 2 \
	403 1 \
	111107 1
LI
 wh 32417
CH
 lo 53198
 he 100
 lk 1
 lr 350
 sl	610 2 21 0 0 \
	680 2 21 2 0 \
	682 2 14 4 0 \
	611 2 28 0 0 \
	612 2 28 1 0
 at 80
 df 80
CO
 li explore
 ar 0 0 0 0 0 0 0 0
 cs 2
 wa 1
 st 1
 ue 1
 de 6
 pr 3

9624 char 0
na Jack Nicklaus
il	1 30058 \
	15 6 \
	16 13 \
	54 21
tl	2 94 50 4 0 0 0 0 \
	2 95 45 7 0 0 0 0 \
	2 75526 30 119 0 0 0 0 \
	1 77656 19 88 0 0 0 0
LI
 wh 47456
 hl 1937 
CH
 lo 53198
 pl 100
 he 100
 lk 1
 lr 346
 sl	610 2 21 78 0 \
	680 2 21 8 0 \
	700 2 21 0 0 \
	617 2 14 56 0 \
	615 2 21 38 0 \
	702 2 14 46 0 \
	616 2 14 9 0 \
	682 2 14 3 0 \
	704 2 14 2 0 \
	705 2 14 0 0 \
	701 2 14 0 0 \
	703 2 14 16 0 \
	611 2 28 0 0 \
	690 2 28 0 0 \
	693 2 21 10 0 \
	612 2 28 1 0 \
	691 2 21 0 0 \
	692 2 21 0 0 \
	630 2 28 0 0 \
	614 2 14 0 0 \
	670 2 28 0 0 \
	671 2 14 8 0 \
	613 2 14 0 0 \
	672 2 21 0 0 \
	696 2 14 0 0 \
	697 2 28 0 0 \
	694 2 21 0 0 \
	695 2 21 0 0 \
	631 2 14 0 0 \
	730 2 21 0 0 \
	732 2 14 0 0 \
	733 2 14 2 0 \
	632 2 14 0 0
 mo 7798
 at 106
 df 80
 mi 119
CO
 li move rr72
 ar 37372 6 37372 0 1 5 47456 0
 cs 2
 wa 2
 st 1
 ue 1
 de 3
 pr 2

1937 char 0
na The Undertoad
il	1 35795 \
	21 24 \
	22 5 \
	52 23 \
	64137 1
tl	2 95 9965 7 0 0 0 0 \
	2 94 971 4 0 0 0 0 \
	1 52 884 140 0 0 0 0 \
	2 89883 933 62 0 0 0 0 \
	2 123837 997 54 0 0 0 0
LI
 wh 9624
CH
 lo 53198
 pl 100
 he 100
 lk 1
 lr 201
 sl	610 2 21 54 0 \
	611 2 28 0 0 \
	612 2 28 1 0 \
	680 2 21 0 0 \
	730 2 21 0 0 \
	733 2 14 6 0 \
	732 2 14 7 0 \
	630 2 28 0 0 \
	617 2 14 17 0 \
	616 2 14 11 0 \
	615 2 21 11 0 \
	682 2 14 0 0 \
	614 2 14 0 0 \
	613 2 14 0 0 \
	635 2 28 0 0 \
	600 2 21 0 0 \
	602 2 14 0 0 \
	601 2 14 0 0 \
	670 2 28 0 0 \
	720 2 21 0 0 \
	671 2 14 0 0 \
	721 2 14 0 0 \
	603 2 14 0 0 \
	722 2 14 0 0
 mo 7798
 bh 1
 at 83
 df 80
 mi 111
MI
 di 1
CO
 li explore
 ar 0 0 0 0 0 0 0 0
 wa 7
 st 1
 ue 2
 pr 3

