53249 player pl_regular
na The Fenians
il	1 1655
an 53249 
CH
PL
 fn Daniel Farnan
 em danielf@shoalhaven.net.au,ewgunderson@hotmail.com
 ve danielf@shoalhaven.net.au
 pw sbs choir
 np 2
 ft 35
 so 1
 lt 260
 kn 69 600 601 602 603 610 611 612 613 614 \
	615 616 617 630 631 633 639 641 650 651 652 \
	653 654 655 656 657 658 661 670 671 672 680 \
	682 690 691 692 695 700 702 703 704 705 706 \
	720 721 722 723 730 731 732 733 750 751 752 \
	753 754 755 756 800 801 802 803 804 805 806 \
	807 808 809 811 812 813 814 820 821 822 823 \
	824 825 826 827 828 829 831 832 833 840 841 \
	842 843 844 845 846 847 848 849 851 852 880 \
	881 882 883 900 901 902 903 904 905 906 907 \
	908 909 911 1400 1585 1685 1829 2468 2806 3032 4303 \
	5520 5895 6160 9549 11272 11371 11372 11373 11374 11375 11376 \
	11377 11378 11469 11470 11471 11472 11547 11548 11549 11550 11551 \
	11552 11553 11554 11555 11556 11557 11558 11559 11560 11561 11562 \
	11563 11564 11565 11566 11567 11568 11569 11572 11647 11655 11656 \
	11657 11658 11659 11660 11661 11662 11663 11664 11665 11666 11667 \
	11668 11669 11670 11671 11672 11746 11747 11773 11846 11873 11874 \
	11875 11876 11877 11878 11879 11880 11881 11882 11883 11884 11946 \
	11984 11985 11986 11987 12046 12087 12088 12089 12090 12091 12092 \
	12094 12095 12096 12097 12145 12146 12192 12193 12194 12195 12196 \
	12197 12244 12245 12293 12294 12295 12296 12297 12343 12344 12394 \
	12395 12396 12397 12398 12399 12441 12442 12443 12496 12497 12498 \
	12499 12540 12541 12597 12598 12640 12698 12740 12797 12798 12840 \
	12897 12940 12997 13040 13097 13140 13196 13197 13240 13241 13242 \
	13243 13244 13245 13246 13247 13248 13249 13250 13251 13252 13253 \
	13254 13255 13256 13257 13258 13259 13260 13261 13262 13263 13264 \
	13265 13266 13267 13268 13269 13270 13271 13272 13273 13274 13275 \
	13276 13295 13296 13340 13368 13376 13377 13378 13379 13394 13395 \
	13396 13397 13398 13440 13476 13477 13478 13479 13480 13481 13482 \
	13498 13499 13558 13576 13577 13578 13579 13580 13581 13582 13583 \
	13584 13585 13586 13587 13588 13589 13590 13591 13592 13593 13594 \
	13595 13596 13597 13598 13599 13658 13659 13660 13676 13677 13758 \
	13760 13761 13762 13763 13776 13777 13858 13861 13863 13870 13871 \
	13872 13873 13874 13875 13876 13877 13878 13879 13880 13958 13961 \
	13963 13964 13965 13966 13967 13968 13969 13970 13971 13972 13973 \
	13974 13977 13978 13979 13980 14058 14059 14061 14062 14070 14071 \
	14072 14073 14074 14075 14076 14077 14078 14079 14080 14159 14160 \
	14161 14162 14163 14164 14165 14166 14167 14168 14169 14170 14171 \
	14172 14173 14174 14175 14176 14177 14178 14179 14180 14261 14262 \
	14263 14264 14265 14266 14267 14268 14269 14270 14271 14272 14273 \
	14274 14275 14276 14277 14278 14279 14280 14360 14361 14362 14363 \
	14364 14368 14369 14370 14371 14372 14373 14374 14375 14376 14377 \
	14378 14379 14460 14461 14462 14463 14464 14465 14466 14467 14468 \
	14469 14470 14471 14472 14473 14474 14475 14476 14477 14479 14558 \
	14559 14560 14561 14562 14563 14564 14565 14566 14567 14568 14570 \
	14571 14572 14575 14577 14578 14579 14658 14659 14660 14661 14662 \
	14663 14664 14665 14667 14668 14669 14670 14671 14672 14675 14676 \
	14677 14678 14679 14680 14757 14758 14759 14760 14761 14762 14763 \
	14764 14765 14768 14769 14770 14772 14775 14778 14779 14780 14858 \
	14860 14861 14862 14863 14864 14865 14866 14867 14868 14869 14870 \
	14871 14872 14875 14878 14879 14880 14955 14956 14957 14958 14960 \
	14961 14962 14963 14964 14965 14966 14967 14968 14970 14971 14972 \
	14973 14974 14975 14978 14979 14980 15055 15060 15061 15062 15063 \
	15065 15066 15067 15068 15069 15070 15072 15075 15078 15079 15080 \
	15150 15151 15152 15153 15154 15155 15160 15161 15162 15163 15165 \
	15166 15167 15168 15169 15170 15171 15172 15175 15178 15179 15180 \
	15250 15259 15260 15261 15262 15263 15264 15265 15267 15268 15269 \
	15270 15271 15272 15273 15274 15275 15276 15277 15278 15279 15350 \
	15358 15359 15360 15361 15362 15363 15364 15368 15369 15370 15371 \
	15372 15373 15374 15375 15377 15378 15379 15380 15381 15450 15451 \
	15452 15453 15454 15455 15456 15457 15458 15459 15460 15461 15462 \
	15463 15464 15465 15466 15467 15468 15469 15470 15471 15472 15473 \
	15474 15475 15477 15478 15479 15481 15482 15483 15484 15485 15554 \
	15555 15556 15557 15561 15562 15563 15564 15565 15566 15567 15568 \
	15569 15570 15571 15572 15573 15575 15577 15585 15586 15587 15588 \
	15654 15655 15656 15657 15658 15659 15660 15661 15662 15663 15664 \
	15665 15666 15667 15668 15669 15670 15671 15672 15673 15674 15675 \
	15677 15688 15689 15754 15755 15756 15761 15762 15763 15764 15765 \
	15766 15767 15768 15769 15770 15771 15772 15773 15774 15775 15776 \
	15777 15788 15789 15854 15861 15862 15866 15868 15871 15872 15873 \
	15875 15952 15953 15954 15961 15962 15966 15968 15969 15970 15971 \
	15972 15973 15974 15975 16050 16051 16052 16054 16055 16056 16057 \
	16058 16059 16060 16061 16062 16063 16064 16065 16066 16067 16068 \
	16069 16070 16071 16072 16073 16074 16075 16162 16165 16166 16167 \
	16168 16169 16170 16171 16172 16173 16174 16175 16176 16262 16267 \
	16268 16269 16270 16271 16367 16368 16370 16371 16372 16467 16468 \
	16471 16472 16473 16571 16573 16574 16671 16672 16673 16674 16771 \
	20092 20257 21542 21922 22538 22616 22736 23240 23255 23361 25015 \
	25380 25539 25631 26538 26769 27233 27858 27880 30094 30529 30789 \
	31408 33159 36213 36932 36998 39378 40140 40621 41315 41330 41390 \
	41742 43813 43933 45345 45499 45868 46336 46942 47767 48283 49910 \
	56782 56995 57060 57143 57148 57294 57401 57422 57516 57570 57652 \
	57675 57731 57812 57826 57842 57871 57874 57934 58006 58073 58200 \
	58270 58349 58427 58493 58600 58615 58643 58670 58736 59101 59472 \
	61072 61085 61096 61164 61550 62115 62332 62492 62936 63233 63728 \
	63913 65432 65482 66185 66698 67140 67862 67953 69422 70385 71864 \
	72124 72639 72824 73104 73454 73870 73989 74441 75428 75452 75720 \
	76453 77258 77433 77512 77570 77641 78015 78159 78554 78586 125522 
 un 86996 8787 8650 1112 4955 130742 106594 75078 66834 \
	65581 3967 1243 
 uf 81075 111028 127046 107963 60222 
 am 1055 0 50535 50837 51323 53249 54295 54172 54935 \
	55263 55275 56297 56309 56455 56746 
 am 1071 1 
 am 1112 0 50535 50837 51323 53249 54172 54295 54587 \
	54935 55263 55275 56297 56309 56455 56746 
 am 1127 0 50535 50837 51323 53249 54295 54172 54935 \
	55263 55275 56297 56309 56455 56746 
 am 1152 1 
 am 1206 1 
 am 1243 0 50535 50837 51323 53249 54172 54295 54587 \
	54935 55263 55275 56297 56309 56455 56746 
 am 1267 1 
 am 1362 1 
 am 1400 1 
 am 1585 1 
 am 1685 0 50535 50837 51323 53249 54295 54172 54935 \
	55263 55275 56297 56309 56455 56746 
 am 1712 0 50535 50837 51323 53249 54172 54295 54404 \
	54597 54587 54935 55263 55275 56297 56309 56455 56746 
 am 1714 1 
 am 1742 1 
 am 1843 1 
 am 1856 0 50535 50837 51323 53249 54295 54172 54935 \
	55263 55275 56297 56309 56455 56746 
 am 2068 0 50535 50837 51323 53249 54295 54172 54935 \
	55263 55275 56297 56309 56455 56746 
 am 2069 1 
 am 2136 1 
 am 2391 0 50535 50837 51323 53249 54295 54172 54935 \
	55263 55275 56297 56309 56455 56746 
 am 2444 1 
 am 2468 0 50535 50837 51323 53249 54172 54295 54404 \
	54597 54587 54935 55263 55275 56297 56309 56455 56746 
 am 2509 0 50535 50837 51323 53249 54295 54172 54935 \
	55263 55275 56297 56309 56455 56746 
 am 2806 1 
 am 3070 1 
 am 3084 0 50535 50837 51323 53249 54295 54172 54935 \
	55263 55275 56297 56309 56455 56746 
 am 3287 0 50535 50837 51323 53249 54172 54295 54404 \
	54597 54587 54935 55263 55275 56297 56309 56455 56746 
 am 3852 1 
 am 3869 0 50535 50837 51323 53249 54295 54172 54935 \
	55263 55275 56297 56309 56455 56746 
 am 3967 0 50535 50837 51323 53249 54172 54295 54587 \
	54935 55263 55275 56297 56309 56455 56746 
 am 4036 1 
 am 4303 1 
 am 4399 0 50535 50837 51323 53249 54295 54172 54935 \
	55263 55275 56297 56309 56455 56746 
 am 4681 0 50535 50837 51323 53249 54172 54295 54404 \
	54597 54587 54935 55263 55275 56297 56309 56455 56746 
 am 4768 1 
 am 4933 1 
 am 4955 0 50535 50837 51323 53249 54172 54295 54587 \
	54935 55263 55275 56297 56309 56455 56746 
 am 5353 1 
 am 5532 0 50535 50837 51323 53249 54295 54172 54935 \
	55263 55275 56297 56309 56455 56746 
 am 5739 0 50535 50837 51323 53249 54295 54172 54935 \
	55263 55275 56297 56309 56455 56746 
 am 5787 1 
 am 5895 0 50535 50837 51323 53249 54172 54295 54404 \
	54597 54587 54935 55263 55275 56297 56309 56455 56746 
 am 6134 0 50535 50837 51323 53249 54295 54172 54935 \
	55263 55275 56297 56309 56455 56746 
 am 6138 0 50535 50837 51323 53249 54295 54172 54935 \
	55263 55275 56297 56309 56455 56746 
 am 6160 0 50535 50837 51323 53249 54172 54295 54404 \
	54597 54587 54935 55263 55275 56297 56309 56455 56746 
 am 6247 0 50535 50837 51323 53249 54295 54172 54935 \
	55263 55275 56297 56309 56455 56746 
 am 6575 1 
 am 6821 1 
 am 6852 0 50535 50837 51323 53249 54295 54172 54935 \
	55263 55275 56297 56309 56455 56746 
 am 7301 1 
 am 7699 0 50535 50837 51323 53249 54295 54172 54935 \
	55263 55275 56297 56309 56455 56746 
 am 7769 0 50535 50837 51323 53249 54295 54172 54935 \
	55263 55275 56297 56309 56455 56746 
 am 7879 1 
 am 7911 1 
 am 8130 0 50535 50837 51323 53249 54295 54172 54935 \
	55263 55275 56297 56309 56455 56746 
 am 8650 0 50535 50837 51323 53249 54172 54295 54587 \
	54935 55263 55275 56297 56309 56455 56746 
 am 8787 0 50535 50837 51323 53249 54172 54295 54587 \
	54935 55263 55275 56297 56309 56455 56746 
 am 8831 0 50535 50837 51323 53249 54172 54295 54404 \
	54597 54587 54935 55263 55275 56297 56309 56455 56746 
 am 8951 1 
 am 9022 0 50535 50837 51323 53249 54295 54172 54935 \
	55263 55275 56297 56309 56455 56746 
 am 9310 0 50535 50837 51323 53249 54295 54172 54935 \
	55263 55275 56297 56309 56455 56746 
 am 9516 1 
 am 9549 0 50535 50837 51323 53249 54172 54295 54404 \
	54597 54587 54935 55263 55275 56297 56309 56455 56746 
 am 9714 1 
 am 9835 1 
 am 9896 1 
 am 56814 1 
 am 57165 0 50535 50837 51323 53249 54295 54172 54935 \
	55263 55275 56297 56309 56455 56746 
 am 57266 1 
 am 57294 1 
 am 57477 1 
 am 57496 1 
 am 57539 1 
 am 57686 0 50535 50837 51323 53249 54295 54172 54935 \
	55263 55275 56297 56309 56455 56746 
 am 57731 0 50535 50837 51323 53249 54295 54172 54935 \
	55263 55275 56297 56309 56455 56746 
 am 57798 0 50535 50837 51323 53249 54295 54172 54935 \
	55263 55275 56297 56309 56455 56746 
 am 57826 1 
 am 57870 1 
 am 57885 0 50535 50837 51323 53249 54295 54172 54935 \
	55263 55275 56297 56309 56455 56746 
 am 58006 0 50535 50837 51323 53249 54295 54172 54935 \
	55263 55275 56297 56309 56455 56746 
 am 58073 0 50535 50837 51323 53249 54295 54172 54935 \
	55263 55275 56297 56309 56455 56746 
 am 58270 1 
 am 58315 1 
 am 58323 0 50535 50837 51323 53249 54295 54172 54935 \
	55263 55275 56297 56309 56455 56746 
 am 58349 1 
 am 58493 0 50535 50837 51323 53249 54295 54172 54935 \
	55263 55275 56297 56309 56455 56746 
 am 58615 0 50535 50837 51323 53249 54295 54172 54935 \
	55263 55275 56297 56309 56455 56746 
 am 58643 1 
 am 58716 1 
 am 58736 0 50535 50837 51323 54172 54935 55263 55275 \
	56297 56309 56455 
 am 58755 1 
 am 59101 0 50535 50837 51323 53249 54295 54172 54935 \
	55263 55275 56297 56309 56455 56746 
 am 59516 0 50535 50837 51323 53249 54295 54172 54935 \
	55263 55275 56297 56309 56455 56746 
 am 59552 0 50535 50837 51323 53249 54295 54172 54935 \
	55263 55275 56297 56309 56455 56746 
 am 60621 1 
 am 61096 1 
 am 62345 0 50535 50837 51323 53249 54295 54172 54935 \
	55263 55275 56297 56309 56455 56746 
 am 62449 0 50535 50837 51323 53249 54295 54172 54935 \
	55263 55275 56297 56309 56455 56746 
 am 62492 1 
 am 62497 1 
 am 62796 0 50535 50837 51323 53249 54295 54172 54935 \
	55263 55275 56297 56309 56455 56746 
 am 63602 0 50535 50837 51323 53249 54295 54172 54935 \
	55263 55275 56297 56309 56455 56746 
 am 63667 1 
 am 64121 1 
 am 64596 0 50535 50837 51323 53249 54295 54172 54935 \
	55263 55275 56297 56309 56455 56746 
 am 64812 1 
 am 65369 1 
 am 65374 1 
 am 65403 1 
 am 66084 1 
 am 66105 1 
 am 66185 1 
 am 66262 0 50535 50837 51323 53249 54295 54172 54935 \
	55263 55275 56297 56309 56455 56746 
 am 66303 0 50535 50837 51323 53249 54295 54172 54935 \
	55263 55275 56297 56309 56455 56746 
 am 66688 1 
 am 66791 1 
 am 66799 1 
 am 67471 1 
 am 68095 1 
 am 68249 1 
 am 68708 0 50535 50837 51323 53249 54295 54172 54935 \
	55263 55275 56297 56309 56455 56746 
 am 69593 1 
 am 70102 0 50535 50837 51323 53249 54295 54172 54935 \
	55263 55275 56297 56309 56455 56746 
 am 70123 0 50535 50837 51323 53249 54295 54172 54935 \
	55263 55275 56297 56309 56455 56746 
 am 70255 0 50535 50837 51323 53249 54295 54172 54935 \
	55263 55275 56297 56309 56455 56746 
 am 70266 1 
 am 70370 1 
 am 70385 0 50535 50837 51323 53249 54295 54172 54935 \
	55263 55275 56297 56309 56455 56746 
 am 70782 0 50535 50837 51323 53249 54295 54172 54935 \
	55263 55275 56297 56309 56455 56746 
 am 70883 1 
 am 71068 1 
 am 71147 0 50535 50837 51323 53249 54295 54172 54935 \
	55263 55275 56297 56309 56455 56746 
 am 71882 0 50535 50837 51323 53249 54295 54172 54935 \
	55263 55275 56297 56309 56455 56746 
 am 72081 0 50535 50837 51323 53249 54295 54172 54935 \
	55263 55275 56297 56309 56455 56746 
 am 72124 0 50535 50837 51323 53249 54295 54172 54935 \
	55263 55275 56297 56309 56455 56746 
 am 72149 0 50535 50837 51323 53249 54172 54295 54404 \
	54597 54587 54935 55263 55275 56297 56309 56455 56746 
 am 72380 0 50535 50837 51323 53249 54295 54172 54935 \
	55263 55275 56297 56309 56455 56746 
 am 72727 1 
 am 72824 1 
 am 73102 1 
 am 73104 0 50535 50837 51323 53249 54172 54295 54404 \
	54597 54587 54935 55263 55275 56297 56309 56455 56746 
 am 73454 0 50535 50837 51323 53249 54295 54172 54935 \
	55263 55275 56297 56309 56455 56746 
 am 74441 1 
 am 74490 0 50535 50837 51323 53249 54172 54295 54404 \
	54597 54587 54935 55263 55275 56297 56309 56455 56746 
 am 74578 0 50535 50837 51323 53249 54295 54172 54935 \
	55263 55275 56297 56309 56455 56746 
 am 74786 0 50535 50837 51323 53249 54295 54172 54935 \
	55263 55275 56297 56309 56455 56746 
 am 75926 1 
 am 76425 0 50535 50837 51323 53249 54295 54172 54935 \
	55263 55275 56297 56309 56455 56746 
 am 77285 0 50535 50837 51323 53249 54295 54172 54935 \
	55263 55275 56297 56309 56455 56746 
 am 77698 0 50535 50837 51323 53249 54295 54172 54935 \
	55263 55275 56297 56309 56455 56746 
 am 77895 0 50535 50837 51323 53249 54295 54172 54935 \
	55263 55275 56297 56309 56455 56746 
 am 78217 1 
 am 78462 1 
 am 78554 0 50535 50837 51323 53249 54295 54172 54935 \
	55263 55275 56297 56309 56455 56746 
 am 78701 1 
 am 78832 0 50535 50837 51323 53249 54295 54172 54935 \
	55263 55275 56297 56309 56455 56746 
 am 78835 1 
 am 78890 1 
 am 78954 1 
 am 125522 0 50535 50837 51323 53249 54172 54295 54404 \
	54597 54587 54935 55263 55275 56297 56309 56455 56746 
CO
 li accept zy6 0
 ar 56746 0 0 0 0 0 0 0
 st 1

86996 char 0
na Connell
il	1 1677 \
	31 140 \
	54 16
tl	2 95 9 7 0 0 0 0
LI
 wh 62492
CH
 lo 53249
 he 100
 lk 2
 lr 2
 sl	610 2 21 0 0 \
	900 2 42 0 0 \
	901 2 28 0 0 \
	902 2 21 0 0 \
	903 2 21 24 0 \
	630 2 28 0 0 \
	908 2 28 1 0 \
	909 2 21 0 0 \
	911 2 21 0 0 \
	904 2 21 0 0 \
	905 2 21 0 0 \
	906 2 21 0 0 \
	907 2 21 0 0 \
	612 2 28 25 0 \
	639 2 21 0 0 \
	641 2 28 3 0 \
	611 2 28 0 0 \
	614 2 14 9 0 \
	615 2 21 5 0 \
	616 2 14 0 0 \
	650 2 28 0 0 \
	654 2 28 9 0 \
	653 2 28 0 0 \
	652 2 28 0 0 \
	617 2 14 0 0
 at 80
 df 127
 mi 77
 ct 50333 50535 50797 50837 51323 51665 51853 53249 53513 \
	53627 54172 54295 54404 54587 54597 54935 54948 55115 55263 55275 \
	55705 56223 56297 56309 56363 56455 56746 50333 50535 50797 50837 \
	51323 51665 51853 53249 53513 53627 54172 54295 54404 54587 54597 \
	54935 54948 55115 55263 55275 55705 56223 56297 56309 56363 56455 \
	56746 50333 50535 50797 50837 51323 51665 51853 53249 53513 53627 \
	54172 54295 54404 54587 54597 54935 54948 55115 55263 55275 55705 \
	56223 56297 56309 56363 56455 56746 50333 50535 50797 50837 51323 \
	51665 51853 53249 53513 53627 54172 54295 54404 54587 54597 54935 \
	54948 55115 55263 55275 55705 56223 56297 56309 56363 56455 56746 \
	50333 50535 50797 50837 51323 51665 51853 53249 53513 53627 54172 \
	54295 54404 54587 54597 54935 54948 55115 55263 55275 55705 56223 \
	56297 56309 56363 56455 56746 50333 50535 50797 50837 51323 51665 \
	51853 53249 53513 53627 54172 54295 54404 54587 54597 54935 54948 \
	55115 55263 55275 55705 56223 56297 56309 56363 56455 56746 50333 \
	50535 50797 50837 51323 51665 51853 53249 53513 53627 54172 54295 \
	54404 54587 54597 54935 54948 55115 55263 55275 55705 56223 56297 \
	56309 56363 56455 56746 50333 50535 50797 50837 51323 51665 51853 \
	53249 53513 53627 54172 54295 54404 54587 54597 54935 54948 55115 \
	55263 55275 55705 56223 56297 56309 56363 56455 56746 50333 50535 \
	50797 50837 51323 51665 51853 53249 53513 53627 54172 54295 54404 \
	54587 54597 54935 54948 55115 55263 55275 55705 56223 56297 56309 \
	56363 56455 56746 50333 50535 50797 50837 51323 51665 51853 53249 \
	53513 53627 54172 54295 54404 54587 54597 54935 54948 55115 55263 \
	55275 55705 56223 56297 56309 56363 56455 56746 
CM
 im 1
 ma 11
 ca 11
 hs 1
 pl 65007
CO
 li breed 54 54
 ar 54 54 0 0 0 0 0 0
 cs 2
 wa 3
 st 1
 ue 4
 de 3
 pr 3

8787 char 0
na Diarmuid
il	75 10 \
	77 20 \
	135061 1
tl	2 87 358 2 0 0 0 0
LI
 wh 14175
CH
 lo 53249
 he 100
 lk 2
 lr 1
 sl	600 2 21 0 0 \
	601 2 14 53 0 \
	602 2 14 1 0 \
	603 2 14 12 0 \
	730 2 21 0 0 \
	732 2 14 1 0 \
	733 2 14 0 0 \
	610 2 21 14 0 \
	611 2 28 0 0 \
	616 2 14 4 0 \
	612 2 28 1 0 \
	731 2 14 0 0 \
	700 2 21 0 0 \
	702 2 14 113 0 \
	617 2 14 106 0 \
	615 2 21 30 0 \
	614 2 14 22 0 \
	703 2 14 105 0 \
	704 2 14 0 0 \
	630 2 28 0 0 \
	641 2 28 2 0
 bh 3
 at 101
 df 173
 mi 224
CM
 hs 1
MI
 ds Rimmon Musketeer
CO
 li make 75 0
 ar 75 0 0 10 0 0 0 0
 cs 2
 wa -1
 st 1
 ue 4
 de 10
 po 1
 pr 3

8650 char 0
na Ulrich Gore
il	1 262 \
	31 133 \
	54 20 \
	95 40
tl	2 94 85 4 0 0 0 0
LI
 wh 65432
CH
 lo 53249
 he 100
 lk 2
 lr 1
 sl	610 2 21 0 0 \
	680 2 21 0 0 \
	650 2 28 0 0 \
	614 2 14 31 0 \
	616 2 14 3 0 \
	652 2 28 0 0 \
	653 2 28 0 0 \
	654 2 28 170 0 \
	655 2 14 2 0 \
	656 2 14 0 0 \
	651 2 21 0 0 \
	612 2 28 1 0 \
	617 2 14 0 0 \
	615 2 21 38 0 \
	682 2 14 0 0 \
	690 2 28 0 0 \
	630 2 28 0 0 \
	691 2 21 0 0 \
	611 2 28 0 0 \
	639 2 21 0 0 \
	641 2 28 1 0 \
	657 2 21 62 0 \
	658 2 21 0 0 \
	661 2 21 0 0 \
	900 2 42 0 0 \
	911 2 21 0 0 \
	904 2 21 0 0 \
	905 2 21 0 0 \
	906 2 21 0 0 \
	907 2 21 0 0 \
	901 2 28 0 0 \
	902 2 21 0 0 \
	903 2 21 4 0 \
	908 2 28 0 0 \
	909 2 21 0 0 \
	692 2 21 0 0
 ra 70
 at 103
 df 198
 mi 183
 ct 50333 50535 50797 50837 51323 51665 51853 53249 53513 \
	53627 54172 54295 54404 54587 54597 54935 54948 55115 55263 55275 \
	55705 56223 56297 56309 56363 56455 56746 50333 50535 50797 50837 \
	51323 51665 51853 53249 53513 53627 54172 54295 54404 54587 54597 \
	54935 54948 55115 55263 55275 55705 56223 56297 56309 56363 56455 \
	56746 50333 50535 50797 50837 51323 51665 51853 53249 53513 53627 \
	54172 54295 54404 54587 54597 54935 54948 55115 55263 55275 55705 \
	56223 56297 56309 56363 56455 56746 50333 50535 50797 50837 51323 \
	51665 51853 53249 53513 53627 54172 54295 54404 54587 54597 54935 \
	54948 55115 55263 55275 55705 56223 56297 56309 56363 56455 56746 \
	50333 50535 50797 50837 51323 51665 51853 53249 53513 53627 54172 \
	54295 54404 54587 54597 54935 54948 55115 55263 55275 55705 56223 \
	56297 56309 56363 56455 56746 50333 50535 50797 50837 51323 51665 \
	51853 53249 53513 53627 54172 54295 54404 54587 54597 54935 54948 \
	55115 55263 55275 55705 56223 56297 56309 56363 56455 56746 50333 \
	50535 50797 50837 51323 51665 51853 53249 53513 53627 54172 54295 \
	54404 54587 54597 54935 54948 55115 55263 55275 55705 56223 56297 \
	56309 56363 56455 56746 50333 50535 50797 50837 51323 51665 51853 \
	53249 53513 53627 54172 54295 54404 54587 54597 54935 54948 55115 \
	55263 55275 55705 56223 56297 56309 56363 56455 56746 50333 50535 \
	50797 50837 51323 51665 51853 53249 53513 53627 54172 54295 54404 \
	54587 54597 54935 54948 55115 55263 55275 55705 56223 56297 56309 \
	56363 56455 56746 50333 50535 50797 50837 51323 51665 51853 53249 \
	53513 53627 54172 54295 54404 54587 54597 54935 54948 55115 55263 \
	55275 55705 56223 56297 56309 56363 56455 56746 
CM
 im 1
 ma 11
 ca 11
 hs 1
 pl 65007
MI
 ds Rimmon Musketeer
CO
 li breed 54 54
 ar 54 54 0 0 0 0 0 0
 cs 2
 wa 3
 st 1
 ue 5
 de 3
 pr 3

1112 char 0
na Finn MacCool
il	1 12006 \
	10 436 \
	12 11 \
	16 50 \
	18 591 \
	52 6 \
	54 9 \
	74 10 \
	77 60 \
	282 910
tl	2 94 24 4 0 0 0 0 \
	2 95 27 7 0 0 0 0
an 1962 2485 2592 3869 4339 4558 5134 5641 6363 \
	6810 8779 8904 9106 9310 9494 9918 60471 61219 61651 63217 \
	65581 65848 66083 66144 66930 67022 67287 68629 69742 70991 73553 \
	73898 74495 75078 75622 76780 76867 77262 79037 91105 94272 94453 \
	102028 107114 113992 128780 135565 
LI
 wh 73104
 hl 4955 130742 106594 75078 71810 66834 65581 94272 
CH
 lo 53249
 he 100
 si 1
 lk 2
 lr 2
 sl	610 2 21 7 0 \
	650 2 28 0 0 \
	690 2 28 0 0 \
	730 2 21 0 0 \
	732 2 14 0 0 \
	733 2 14 0 0 \
	654 2 28 138 0 \
	615 2 21 35 0 \
	614 2 14 10 0 \
	653 2 28 0 0 \
	612 2 28 1 0 \
	652 2 28 0 0 \
	655 2 14 4 0 \
	656 2 14 0 0 \
	617 2 14 0 0 \
	630 2 28 0 0 \
	641 2 28 1 0 \
	657 2 21 8 0 \
	900 2 42 0 0 \
	909 2 21 0 0 \
	911 2 21 0 0 \
	904 2 21 0 0 \
	905 2 21 0 0 \
	906 2 21 0 0 \
	907 2 21 0 0 \
	908 2 28 1 0 \
	692 2 21 0 0 \
	639 2 21 0 0 \
	658 2 21 0 0 \
	661 2 21 0 0 \
	901 2 28 0 0 \
	680 2 21 0 0 \
	611 2 28 0 0 \
	820 2 0 0 0 \
	821 2 0 0 0 \
	822 2 0 0 0 \
	823 2 0 0 0 \
	825 2 0 0 0 \
	826 2 0 0 0 \
	827 2 0 0 0 \
	828 2 0 0 0 \
	829 2 0 0 0 \
	831 2 0 0 0 \
	832 2 0 0 0 \
	833 2 0 0 0 \
	824 2 0 0 0 \
	903 2 21 12 0 \
	902 2 21 0 0 \
	616 2 14 0 0 \
	731 2 14 0 0
 ra 10
 at 80
 df 144
 mi 144
 ct 77550 50535 50837 51323 53249 54295 54172 54404 54587 \
	54597 54935 55263 55275 56297 56309 56455 56746 50535 50837 51323 \
	53249 54295 54172 54404 54587 54597 54935 55263 55275 56297 56309 \
	56455 56746 50535 50837 51323 53249 54295 54172 54404 54587 54597 \
	54935 55263 55275 56297 56309 56455 56746 50535 50837 51323 53249 \
	54295 54172 54404 54587 54597 54935 55263 55275 56297 56309 56455 \
	56746 50535 50837 51323 53249 54295 54172 54404 54587 54597 54935 \
	55263 55275 56297 56309 56455 56746 50535 50837 51323 53249 54295 \
	54172 54404 54587 54597 54935 55263 55275 56297 56309 56455 56746 \
	50535 50837 51323 53249 54295 54172 54404 54587 54597 54935 55263 \
	55275 56297 56309 56455 56746 50535 50837 51323 53249 54295 54172 \
	54404 54587 54597 54935 55263 55275 56297 56309 56455 56746 50535 \
	50837 51323 53249 54295 54172 54404 54587 54597 54935 55263 55275 \
	56297 56309 56455 56746 50535 50837 51323 53249 54295 54172 54404 \
	54587 54597 54935 55263 55275 56297 56309 56455 56746 50333 50535 \
	50797 50837 51323 51665 51853 53249 53513 53627 54172 54295 54404 \
	54587 54597 54935 54948 55115 55263 55275 55705 56223 56297 56309 \
	56363 56455 56746 50333 50535 50797 50837 51323 51665 51853 53249 \
	53513 53627 54172 54295 54404 54587 54597 54935 54948 55115 55263 \
	55275 55705 56223 56297 56309 56363 56455 56746 50333 50535 50797 \
	50837 51323 51665 51853 53249 53513 53627 54172 54295 54404 54587 \
	54597 54935 54948 55115 55263 55275 55705 56223 56297 56309 56363 \
	56455 56746 50333 50535 50797 50837 51323 51665 51853 53249 53513 \
	53627 54172 54295 54404 54587 54597 54935 54948 55115 55263 55275 \
	55705 56223 56297 56309 56363 56455 56746 50333 50535 50797 50837 \
	51323 51665 51853 53249 53513 53627 54172 54295 54404 54587 54597 \
	54935 54948 55115 55263 55275 55705 56223 56297 56309 56363 56455 \
	56746 50333 50535 50797 50837 51323 51665 51853 53249 53513 53627 \
	54172 54295 54404 54587 54597 54935 54948 55115 55263 55275 55705 \
	56223 56297 56309 56363 56455 56746 50333 50535 50797 50837 51323 \
	51665 51853 53249 53513 53627 54172 54295 54404 54587 54597 54935 \
	54948 55115 55263 55275 55705 56223 56297 56309 56363 56455 56746 \
	50333 50535 50797 50837 51323 51665 51853 53249 53513 53627 54172 \
	54295 54404 54587 54597 54935 54948 55115 55263 55275 55705 56223 \
	56297 56309 56363 56455 56746 50333 50535 50797 50837 51323 51665 \
	51853 53249 53513 53627 54172 54295 54404 54587 54597 54935 54948 \
	55115 55263 55275 55705 56223 56297 56309 56363 56455 56746 50333 \
	50535 50797 50837 51323 51665 51853 53249 53513 53627 54172 54295 \
	54404 54587 54597 54935 54948 55115 55263 55275 55705 56223 56297 \
	56309 56363 56455 56746 50333 50535 50797 50837 51323 51665 51853 \
	53249 53513 53627 54172 54295 54404 54587 54597 54935 54948 55115 \
	55263 55275 55705 56223 56297 56309 56363 56455 56746 50333 50535 \
	50797 50837 51323 51665 51853 53249 53513 53627 54172 54295 54404 \
	54587 54597 54935 54948 55115 55263 55275 55705 56223 56297 56309 \
	56363 56455 56746 50333 50535 50797 50837 51323 51665 51853 53249 \
	53513 53627 54172 54295 54404 54587 54597 54935 54948 55115 55263 \
	55275 55705 56223 56297 56309 56363 56455 56746 50333 50535 50797 \
	50837 51323 51665 51853 53249 53513 53627 54172 54295 54404 54587 \
	54597 54935 54948 55115 55263 55275 55705 56223 56297 56309 56363 \
	56455 56746 50333 50535 50797 50837 51323 51665 51853 53249 53513 \
	53627 54172 54295 54404 54587 54597 54935 54948 55115 55263 55275 \
	55705 56223 56297 56309 56363 56455 56746 50333 50535 50797 50837 \
	51323 51665 51853 53249 53513 53627 54172 54295 54404 54587 54597 \
	54935 54948 55115 55263 55275 55705 56223 56297 56309 56363 56455 \
	56746 50333 50535 50797 50837 51323 51665 51853 53249 53513 53627 \
	54172 54295 54404 54587 54597 54935 54948 55115 55263 55275 55705 \
	56223 56297 56309 56363 56455 56746 50333 50535 50797 50837 51323 \
	51665 51853 53249 53513 53627 54172 54295 54404 54587 54597 54935 \
	54948 55115 55263 55275 55705 56223 56297 56309 56363 56455 56746 \
	50333 50535 50797 50837 51323 51665 51853 53249 53513 53627 54172 \
	54295 54404 54587 54597 54935 54948 55115 55263 55275 55705 56223 \
	56297 56309 56363 56455 56746 50333 50535 50797 50837 51323 51665 \
	51853 53249 53513 53627 54172 54295 54404 54587 54597 54935 54948 \
	55115 55263 55275 55705 56223 56297 56309 56363 56455 56746 50333 \
	50535 50797 50837 51323 51665 51853 53249 53513 53627 54172 54295 \
	54404 54587 54597 54935 54948 55115 55263 55275 55705 56223 56297 \
	56309 56363 56455 56746 50333 50535 50797 50837 51323 51665 51853 \
	53249 53513 53627 54172 54295 54404 54587 54597 54935 54948 55115 \
	55263 55275 55705 56223 56297 56309 56363 56455 56746 50333 50535 \
	50797 50837 51323 51665 51853 53249 53513 53627 54172 54295 54404 \
	54587 54597 54935 54948 55115 55263 55275 55705 56223 56297 56309 \
	56363 56455 56746 50333 50535 50797 50837 51323 51665 51853 53249 \
	53513 53627 54172 54295 54404 54587 54597 54935 54948 55115 55263 \
	55275 55705 56223 56297 56309 56363 56455 56746 50333 50535 50797 \
	50837 51323 51665 51853 53249 53513 53627 54172 54295 54404 54587 \
	54597 54935 54948 55115 55263 55275 55705 56223 56297 56309 56363 \
	56455 56746 50333 50535 50797 50837 51323 51665 51853 53249 53513 \
	53627 54172 54295 54404 54587 54597 54935 54948 55115 55263 55275 \
	55705 56223 56297 56309 56363 56455 56746 50333 50535 50797 50837 \
	51323 51665 51853 53249 53513 53627 54172 54295 54404 54587 54597 \
	54935 54948 55115 55263 55275 55705 56223 56297 56309 56363 56455 \
	56746 
CM
 im 1
 ma 24
 ca 24
 hs 1
 kw 1
 pl 3475
MI
 ds Rimmon Musketeer
CO
 li breed 282 282
 ar 282 282 0 0 0 0 0 0
 cs 2
 wa 4
 st 1
 ue 4
 de 2
 pr 3

4955 char 0
na Jerhun Shi'i
il	1 3000 \
	54 10
LI
 wh 1112
CH
 lo 53249
 he 100
 lk 2
 lr 1
 sl	610 2 21 17 0 \
	614 2 14 8 0 \
	615 2 21 50 0 \
	612 2 28 1 0 \
	616 2 14 9 0 \
	617 2 14 9 0 \
	650 2 28 0 0 \
	654 2 28 125 0 \
	656 2 14 1 0 \
	652 2 28 0 0 \
	653 2 28 0 0 \
	655 2 14 0 0 \
	613 2 14 0 0 \
	630 2 28 0 0 \
	641 2 28 1 0 \
	611 2 28 0 0 \
	639 2 21 0 0 \
	657 2 21 10 0 \
	658 2 21 0 0 \
	661 2 21 0 0 \
	900 2 42 0 0 \
	908 2 28 1 0 \
	911 2 21 1 0 \
	631 2 0 0 0 \
	651 2 0 0 0 \
	902 2 21 0 0 \
	903 2 21 0 0 \
	901 2 28 0 0 \
	680 2 21 0 0 \
	904 2 21 0 0 \
	905 2 21 0 0 \
	906 2 21 0 0 \
	907 2 21 0 0 \
	909 2 21 1 0 \
	682 2 14 0 0
 bh 4
 at 110
 df 106
 mi 173
 ct 50535 50837 51323 53249 54295 54172 54597 54587 54935 \
	55263 55275 56297 56309 56455 56746 50535 50837 51323 53249 54295 \
	54172 54597 54587 54935 55263 55275 56297 56309 56455 56746 50535 \
	50837 51323 53249 54295 54172 54597 54587 54935 55263 55275 56297 \
	56309 56455 56746 50535 50837 51323 53249 54295 54172 54597 54587 \
	54935 55263 55275 56297 56309 56455 56746 50535 50837 51323 53249 \
	54295 54172 54597 54587 54935 55263 55275 56297 56309 56455 56746 \
	50535 50837 51323 53249 54295 54172 54597 54587 54935 55263 55275 \
	56297 56309 56455 56746 50535 50837 51323 53249 54295 54172 54597 \
	54587 54935 55263 55275 56297 56309 56455 56746 50535 50837 51323 \
	53249 54295 54172 54597 54587 54935 55263 55275 56297 56309 56455 \
	56746 50535 50837 51323 53249 54295 54172 54597 54587 54935 55263 \
	55275 56297 56309 56455 56746 
CM
 im 1
 ma 11
 ca 11
 hs 1
 pl 65007
MI
 ds Rimmon Musketeer
CO
 li breed 54 54
 ar 54 54 0 0 0 0 0 0
 wa 7
 st 1
 ue 5
 pr 3

130742 char 0
na Perro
il	1 200 \
	54 2 \
	282 2
LI
 wh 1112
CH
 lo 53249
 pl 56455
 he 100
 lk 3
 lr 956
 sl	610 2 21 0 0 \
	650 2 28 0 0 \
	654 2 28 38 0 \
	611 2 28 0 0 \
	612 2 28 3 0 \
	653 2 28 0 0
 at 80
 df 80
CO
 li breed 282 282
 ar 282 282 0 0 0 0 0 0
 cs 2
 wa 2
 st 1
 ue 1
 de 4
 pr 3

106594 char 0
na Perro
il	1 200 \
	54 5 \
	282 2
LI
 wh 1112
CH
 lo 53249
 pl 56455
 he 100
 lk 3
 lr 956
 sl	610 2 21 0 0 \
	650 2 28 0 0 \
	654 2 28 37 0 \
	611 2 28 0 0 \
	612 2 28 3 0 \
	653 2 28 0 0
 at 80
 df 80
CO
 li breed 282 282
 ar 282 282 0 0 0 0 0 0
 cs 2
 wa 2
 st 1
 ue 1
 de 4
 pr 3

75078 char 0
na Nightflame
il	1 200 \
	282 2
LI
 wh 1112
CH
 lo 53249
 pl 51323
 he 100
 lk 3
 lr 992
 sl	610 2 21 3 0 \
	630 2 28 0 0 \
	650 2 28 0 0 \
	655 2 14 0 0 \
	654 2 28 120 0 \
	641 2 28 1 0 \
	657 2 21 0 0 \
	653 2 28 0 0 \
	652 2 28 0 0 \
	611 2 28 0 0 \
	612 2 28 2 0 \
	614 2 14 0 0
 bh 3
 at 80
 df 80
CM
 hs 1
MI
 ds Musketeer
CO
 li breed 282 282
 ar 282 282 0 0 0 0 0 0
 cs 2
 wa 4
 st 1
 ue 1
 de 2
 pr 3

66834 char 0
na Tiberius
il	1 100 \
	282 2
tl	2 66116 184 25 0 0 0 0 \
	2 95 96 7 0 0 0 0 \
	2 78584 178 195 0 0 0 0
LI
 wh 1112
CH
 lo 53249
 pl 51323
 he 100
 lk 3
 lr 990
 sl	610 2 21 13 0 \
	630 2 28 0 0 \
	680 2 21 0 0 \
	639 2 21 0 0 \
	641 2 28 1 0 \
	612 2 28 6 0 \
	720 2 21 0 0 \
	721 2 14 0 0 \
	722 2 14 0 0 \
	723 2 14 0 0 \
	650 2 28 0 0 \
	654 2 28 115 0 \
	653 2 28 0 0 \
	611 2 28 0 0 \
	652 2 28 0 0 \
	614 2 14 0 0 \
	615 1 14 0 0
 bh 3
 at 80
 df 80
CM
 hs 1
MI
 ds Musketeer
CO
 li breed 282 282
 ar 282 282 0 0 0 0 0 0
 cs 2
 wa 2
 st 1
 ue 2
 de 4
 pr 3

65581 char 0
na Brimstone
il	1 200 \
	282 2
LI
 wh 1112
CH
 lo 53249
 pl 51323
 he 100
 lk 3
 lr 991
 sl	610 2 21 2 0 \
	650 2 28 0 0 \
	654 2 28 97 0 \
	653 2 28 0 0 \
	652 2 28 0 0 \
	611 2 28 0 0 \
	612 2 28 3 0 \
	614 2 14 0 0 \
	615 1 14 0 0
 bh 3
 at 80
 df 30
 dt 152 28 4558
MI
 ds Musketeer
CO
 li breed 282 282
 ar 282 282 0 0 0 0 0 0
 cs 2
 wa 1
 st 1
 ue 1
 de 5
 pr 3

3967 char 0
na Basileus
il	1 967 \
	54 10
tl	2 115690 24 121 0 0 0 0
LI
 wh 57675
CH
 lo 53249
 he 100
 lk 3
 lr 758
 sl	610 2 21 17 0 \
	614 2 14 9 0 \
	612 2 28 1 0 \
	650 2 28 0 0 \
	654 2 28 165 0 \
	653 2 28 0 0 \
	616 2 14 7 0 \
	652 2 28 0 0 \
	617 2 14 2 0 \
	655 2 14 1 0 \
	656 2 14 0 0 \
	690 2 28 0 0 \
	611 2 28 0 0 \
	692 2 21 0 0 \
	630 2 28 0 0 \
	639 2 21 0 0 \
	641 2 28 1 0 \
	657 2 21 9 0 \
	658 2 21 0 0 \
	661 2 21 0 0 \
	615 2 21 3 0
 at 106
 df 114
 mi 56
 ct 50535 50837 51323 53249 54295 54172 54404 54587 54597 \
	54935 55263 55275 56297 56309 56455 56746 
CM
 hs 1
 vp 1
CO
 li breed 54 54
 ar 54 54 0 0 0 0 0 0
 cs 2
 wa 1
 st 1
 ue 1
 de 5
 pr 3

1243 char 0
na Rhianna
il	54 4
LI
 wh 16175
CH
 lo 53249
 pl 51323
 he 100
 lk 3
 lr 959
 sl	610 2 21 32 0 \
	612 2 28 1 0 \
	616 2 14 4 0 \
	700 2 21 0 0 \
	702 2 14 55 0 \
	617 2 14 65 0 \
	614 2 14 12 0 \
	703 2 14 13 0 \
	615 2 21 26 0 \
	630 2 28 0 0 \
	639 2 21 0 0 \
	641 2 28 1 0 \
	670 2 28 0 0 \
	671 2 14 0 0 \
	672 2 21 0 0 \
	611 2 28 0 0
 at 98
 df 117
 mi 208
CM
 hs 1
CO
 li use 614
 ar 0 0 0 0 0 0 0 614
 cs 2
 wa 1
 st 1
 us 614
 ue 3
 de 5
 pr 3

