53436 player pl_regular
na ME-Wizards
il	1 957
ad 51167 51454 51478 52468 52606 53436 54636 55184 55374 \
	55749 56136 56406 56542 
CH
PL
 fn Baetens Michel
 em graemeanderson@agere.com
 ve mbaetens@addcom.be
 pw preparetodie
 ft 2
 nt 1
 so 1
 lt 260
 kn 69 600 601 602 610 611 612 613 614 615 \
	616 617 630 631 632 633 634 635 639 641 650 \
	652 653 654 655 670 671 672 673 674 680 681 \
	682 690 692 693 700 701 702 703 704 705 706 \
	720 721 722 730 731 732 733 750 751 752 753 \
	754 755 756 800 801 802 803 804 805 806 807 \
	808 809 811 812 813 814 820 821 822 823 824 \
	825 826 827 828 829 831 832 833 840 841 842 \
	843 844 845 846 847 848 849 851 852 860 861 \
	862 863 864 865 866 867 868 869 871 872 880 \
	881 882 883 885 886 887 888 889 891 892 893 \
	894 900 901 902 903 904 905 906 907 908 909 \
	911 920 921 922 3799 3886 4673 4681 6159 6484 6655 \
	6710 6782 7473 7566 7672 9063 9765 10659 11323 11324 11423 \
	11424 11522 11523 11524 11622 11623 11722 11723 11822 11823 11824 \
	11904 11905 11906 11907 11908 11909 11910 11911 11912 11913 11914 \
	11915 11916 11917 11918 11919 11920 11921 11922 11923 11924 12004 \
	12005 12006 12007 12008 12009 12010 12011 12012 12013 12014 12015 \
	12016 12017 12018 12019 12020 12021 12022 12031 12116 12117 12118 \
	12119 12120 12121 12122 12128 12129 12130 12131 12217 12222 12228 \
	12317 12322 12328 12417 12422 12423 12427 12428 12429 12430 12517 \
	12523 12525 12526 12527 12528 12529 12530 12531 12532 12533 12614 \
	12615 12616 12617 12618 12619 12620 12621 12622 12623 12624 12625 \
	12626 12627 12628 12629 12630 12631 12632 12633 12634 12635 12709 \
	12710 12711 12712 12713 12714 12715 12716 12717 12718 12719 12720 \
	12721 12722 12723 12724 12725 12726 12727 12728 12729 12730 12731 \
	12732 12733 12734 12735 12736 12807 12808 12809 12810 12811 12812 \
	12813 12814 12815 12816 12817 12818 12819 12823 12826 12827 12828 \
	12829 12830 12831 12832 12833 12834 12835 12836 12907 12908 12909 \
	12910 12911 12912 12913 12914 12915 12916 12917 12918 12923 12926 \
	12927 12928 12929 12930 12931 12932 12933 12934 12935 12936 12937 \
	13005 13006 13007 13008 13009 13010 13011 13012 13013 13014 13015 \
	13016 13017 13018 13019 13020 13021 13022 13023 13024 13025 13026 \
	13027 13028 13029 13030 13031 13032 13033 13034 13035 13036 13037 \
	13105 13110 13111 13112 13113 13114 13115 13116 13117 13118 13119 \
	13120 13121 13122 13123 13124 13125 13126 13127 13128 13129 13130 \
	13131 13132 13133 13134 13135 13205 13210 13211 13212 13213 13214 \
	13216 13217 13218 13223 13226 13227 13229 13230 13231 13232 13233 \
	13305 13310 13311 13312 13313 13314 13316 13317 13318 13323 13325 \
	13326 13327 13328 13329 13330 13331 13405 13406 13407 13408 13409 \
	13410 13411 13412 13413 13414 13416 13417 13418 13423 13425 13426 \
	13427 13428 13429 13508 13510 13511 13513 13514 13515 13516 13517 \
	13518 13519 13520 13521 13522 13523 13524 13525 13526 13527 13528 \
	13529 13608 13609 13610 13611 13612 13613 13614 13615 13616 13617 \
	13618 13619 13620 13621 13622 13623 13624 13711 13712 13713 13714 \
	13715 13716 13717 13718 13719 13720 13721 13722 13723 13724 13811 \
	13812 13813 13814 13815 13816 13817 13818 13819 13820 13821 13822 \
	13823 13824 13911 13912 13913 13914 13922 13923 13924 14014 14015 \
	14016 14017 14018 14022 14023 14024 14056 14057 14058 14059 14060 \
	14061 14062 14063 14118 14122 14123 14124 14153 14154 14155 14156 \
	14159 14160 14161 14162 14217 14218 14222 14223 14224 14231 14232 \
	14233 14253 14259 14260 14261 14262 14316 14317 14318 14319 14320 \
	14321 14322 14323 14324 14331 14332 14333 14334 14352 14353 14354 \
	14355 14356 14357 14358 14359 14360 14361 14362 14421 14422 14423 \
	14424 14431 14432 14433 14434 14452 14453 14459 14521 14522 14523 \
	14524 14526 14527 14528 14529 14530 14531 14532 14533 14552 14553 \
	14559 14560 14561 14562 14563 14564 14623 14624 14625 14626 14627 \
	14628 14629 14631 14632 14633 14634 14635 14636 14637 14638 14639 \
	14640 14641 14652 14653 14664 14671 14678 14680 14681 14682 14683 \
	14684 14723 14724 14725 14726 14727 14728 14729 14731 14732 14733 \
	14741 14752 14753 14754 14755 14764 14771 14772 14780 14784 14823 \
	14824 14828 14841 14852 14855 14864 14865 14866 14867 14868 14869 \
	14870 14871 14872 14878 14879 14880 14884 14919 14920 14921 14922 \
	14923 14924 14925 14926 14927 14928 14941 14942 14943 14944 14945 \
	14946 14947 14948 14949 14950 14951 14952 14955 14969 14970 14971 \
	14972 14978 14984 15017 15018 15019 15023 15024 15025 15026 15027 \
	15028 15029 15030 15031 15032 15033 15034 15035 15036 15037 15038 \
	15055 15056 15057 15069 15070 15071 15072 15073 15078 15084 15116 \
	15117 15130 15131 15132 15133 15134 15135 15136 15137 15138 15139 \
	15140 15141 15142 15143 15144 15157 15168 15169 15170 15171 15172 \
	15173 15174 15175 15176 15177 15178 15184 15216 15249 15250 15251 \
	15252 15253 15257 15266 15267 15268 15269 15270 15273 15276 15277 \
	15284 15316 15317 15318 15319 15320 15321 15322 15323 15324 15325 \
	15326 15336 15337 15338 15339 15340 15341 15342 15343 15344 15345 \
	15346 15347 15348 15349 15350 15351 15352 15353 15357 15358 15359 \
	15360 15366 15368 15369 15372 15373 15374 15375 15376 15377 15384 \
	15426 15436 15447 15448 15449 15450 15451 15452 15453 15454 15455 \
	15460 15465 15466 15467 15468 15469 15471 15472 15474 15476 15477 \
	15484 15526 15527 15528 15529 15530 15531 15532 15533 15534 15535 \
	15536 15549 15550 15551 15552 15553 15554 15560 15561 15565 15566 \
	15569 15570 15571 15574 15577 15584 15661 15662 15665 15666 15669 \
	15670 15673 15674 15684 15762 15763 15764 15765 15766 15767 15769 \
	15770 15773 15774 15784 15864 15866 15867 15868 15869 15870 15873 \
	15874 15884 15964 15965 15966 15967 15968 15969 15970 15971 15972 \
	15973 15974 15981 15982 15984 16065 16066 16067 16068 16069 16070 \
	16071 16072 16073 16074 16081 16082 16083 16084 16166 16167 16168 \
	16169 16170 16171 16172 16173 16174 16175 16176 16177 16178 16181 \
	16182 16183 16184 16266 16267 16268 16269 16270 16271 16272 16273 \
	16274 16275 16276 16278 16279 16280 16281 16282 16283 16284 16366 \
	16367 16368 16369 16370 16371 16372 16373 16374 16375 16376 16377 \
	16378 16379 16466 16467 16468 16469 16470 16471 16472 16473 16474 \
	16475 16476 16477 16478 16479 16566 16567 16568 16569 16570 16571 \
	16572 16573 16574 16575 16576 16577 16578 16579 16666 16668 16669 \
	16670 16671 16672 16673 16674 16675 16676 16677 16678 16766 16771 \
	16772 16773 16774 16775 16776 16777 16778 16866 16966 16967 17067 \
	17167 17267 17367 17467 17567 17666 17667 17764 17765 17766 17863 \
	17864 17961 17962 17963 18054 18055 18056 18057 18058 18059 18060 \
	18061 20025 20730 20749 20757 20859 21379 21651 21835 22141 22981 \
	23000 23150 23345 23479 23635 23713 23754 24048 24174 24190 24742 \
	24864 25506 25553 25870 25905 26010 26113 26323 27040 27602 27735 \
	27939 27981 28036 28599 28619 28959 29236 29330 29687 29731 29778 \
	29942 30319 30648 30740 31321 31335 31649 31675 32138 32192 32214 \
	32568 32695 32992 33006 33350 33361 33409 33483 34337 34340 34764 \
	35236 35291 35520 35535 36346 36748 37260 37323 38550 38714 39059 \
	39513 39600 39918 39926 39943 39968 40399 40704 41176 41329 41398 \
	41500 41725 41853 42360 42489 43105 43186 43345 43401 43588 43634 \
	44210 44226 44808 44816 45952 46022 46231 46297 46553 46980 47429 \
	48544 48806 49091 49219 49456 49612 49980 56762 56782 56801 56848 \
	56872 56908 56929 56958 56972 56983 57067 57140 57143 57165 57166 \
	57266 57285 57331 57340 57352 57371 57380 57389 57401 57444 57451 \
	57477 57489 57494 57497 57537 57540 57572 57652 57675 57686 57730 \
	57744 57754 57757 57797 57812 57842 57854 57885 57896 57934 57955 \
	57977 57988 58031 58112 58165 58269 58278 58350 58380 58424 58426 \
	58521 58522 58615 58635 58653 58717 58728 59066 59163 59278 59582 \
	60006 60214 60260 60857 61343 61680 61995 62115 62123 62218 62797 \
	63252 63363 63435 63613 63615 64190 64359 64442 64793 65088 65274 \
	65319 65502 66085 66204 66303 66592 66784 67062 67355 67447 67506 \
	67644 67723 68160 68313 68340 68582 68706 68733 68752 68952 68993 \
	69532 69551 69592 70132 70144 70229 70385 70447 70450 70829 71599 \
	71628 71745 71779 72081 72227 72228 72876 73538 73914 73980 74205 \
	74666 74741 75493 75513 75666 75672 75701 76257 76279 76712 77094 \
	77143 77157 77381 77582 77855 78009 78303 78641 78755 85056 97443 \
	107657 131229 134286 145663 147455 
 un 105404 92640 2210 100337 106330 109187 88172 8764 115007 \
	101163 114080 126752 130272 98305 6196 62333 3504 90923 76803 101030 \
	114410 95296 139043 137363 141326 117737 131788 91076 135560 75770 86997 \
	137434 135601 
 uf 126681 108203 115807 129979 94282 
 am 2210 0 55749 56183 56406 
 am 2748 0 52468 51478 56542 56136 52606 55184 54636 \
	51454 53436 55749 56406 55374 
 am 2928 0 52468 51478 56542 56136 52606 55184 54636 \
	51454 53436 55749 56406 55374 
 am 3050 0 52468 51478 56542 56136 52606 55184 54636 \
	51454 53436 55749 56406 55374 
 am 3504 0 55749 56183 56406 
 am 3750 0 55749 56406 
 am 3799 0 55749 
 am 3831 0 52468 51478 56542 56136 52606 55184 54636 \
	51454 53436 55749 56406 55374 
 am 3839 0 52468 51478 56542 56136 52606 55184 54636 \
	51454 53436 55749 56406 55374 
 am 3961 0 52468 51478 56542 56136 52606 55184 54636 \
	51454 53436 55749 56406 55374 
 am 4681 0 51454 51478 52468 52606 53436 56542 54636 \
	55184 55749 56136 56406 55374 
 am 5971 0 55749 56406 
 am 6196 0 55749 56183 56406 
 am 6484 0 55749 
 am 6529 0 52468 51478 56542 56136 52606 55184 54636 \
	51454 53436 55749 56406 55374 
 am 6655 0 55749 
 am 7473 0 52468 51478 56542 56136 52606 55184 54636 \
	51454 53436 55749 56406 55374 
 am 8516 0 52468 51478 56542 56136 52606 55184 54636 \
	51454 53436 55749 56406 55374 
 am 8693 0 52468 51478 56542 56136 52606 55184 54636 \
	51454 53436 55749 56406 55374 
 am 8764 0 55749 56183 56406 
 am 9060 0 52468 51478 56542 56136 52606 55184 54636 \
	51454 53436 55749 56406 55374 
 am 9120 0 52468 51478 56542 56136 52606 55184 54636 \
	51454 53436 55749 56406 55374 
 am 9269 0 52468 51478 56542 56136 52606 55184 54636 \
	51454 53436 55749 56406 55374 
 am 9600 0 52468 51478 56542 56136 52606 55184 54636 \
	51454 53436 55749 56406 55374 
 am 59066 0 55749 56183 56406 
 am 62333 0 55749 56183 56406 
 am 63710 0 52468 51478 56542 56136 52606 55184 54636 \
	51454 53436 55749 56406 55374 
 am 64359 0 55749 
 am 64945 0 52468 51478 56542 56136 52606 55184 54636 \
	51454 53436 55749 56406 55374 
 am 71599 0 50106 50765 51167 51176 51305 51516 51896 \
	53436 56183 55749 56406 56754 
 am 72654 0 52468 51478 56542 56136 52606 55184 54636 \
	51454 53436 55749 56406 55374 
 am 73104 0 52468 51478 56542 56136 52606 55184 54636 \
	51454 53436 55749 56406 55374 
 am 74254 0 52468 51478 56542 56136 52606 55184 54636 \
	51454 53436 55749 56406 55374 
 am 74324 0 52468 51478 56542 56136 52606 55184 54636 \
	51454 53436 55749 56406 55374 
 am 75770 0 55749 56183 56406 
 am 76803 0 55749 56183 56406 
 am 86997 0 55749 56183 56406 
 am 88172 0 55749 56183 56406 
 am 90923 0 55749 56183 56406 
 am 91076 0 55749 56183 56406 
 am 92640 0 55749 56183 56406 
 am 95296 0 55749 56183 56406 
 am 98305 0 55749 56183 56406 
 am 100337 0 55749 56183 56406 
 am 101030 0 55749 56183 56406 
 am 101163 0 55749 56183 56406 
 am 105404 0 55749 56183 56406 
 am 106330 0 55749 56183 56406 
 am 109187 0 55749 56183 56406 
 am 114080 0 55749 56183 56406 
 am 114410 0 55749 56183 56406 
 am 115007 0 55749 56183 56406 
 am 117737 0 55749 56183 56406 
 am 126752 0 55749 56183 56406 
 am 130272 0 55749 56183 56406 
 am 131788 0 55749 56183 56406 
 am 135560 0 55749 56183 56406 
 am 135601 0 55749 56183 56406 
 am 137363 0 55749 56183 56406 
 am 137434 0 55749 56183 56406 
 am 139043 0 55749 56183 56406 
 am 141326 0 55749 56183 56406 
CO
 li admit 135601 wc9 xu3 yq6
 ar 0 0 0 0 0 0 0 0
 st 1

105404 char 0
na Kymara Llwelyn
il	1 1243 \
	10 7 \
	11 5 \
	15 1 \
	16 53 \
	19 10 \
	22 4 \
	54 8 \
	75 5 \
	261 6 \
	78911 1 \
	145310 1
LI
 wh 57140
CH
 lo 53436
 he 100
 lk 3
 lr 63
 sl	630 2 28 0 0 \
	641 2 28 3 0 \
	610 2 21 9 0 \
	611 2 28 0 0 \
	612 2 28 1 0 \
	633 2 14 1 0 \
	600 2 21 0 0 \
	670 2 28 0 0 \
	671 2 14 0 0 \
	601 2 14 11 0 \
	700 2 21 0 0 \
	702 2 14 2 0 \
	617 2 14 6 0 \
	730 2 21 0 0 \
	732 2 14 1 0 \
	733 2 14 0 0
 at 80
 df 80
CM
 hs 1
CO
 li use 732
 ar 0 0 0 0 0 0 0 732
 cs 2
 wa 12
 st 1
 us 732
 ue 1
 de 9
 pr 3

92640 char 0
na Sheik Arrarah
il	1 10053 \
	12 55 \
	13 71 \
	16 35 \
	20 26 \
	22 49
LI
 wh 64359
CH
 lo 53436
 he 100
 lk 2
 lr 1
 sl	630 2 28 0 0 \
	635 2 28 0 0 \
	610 2 21 11 0 \
	670 2 28 0 0 \
	671 2 14 0 0 \
	612 2 28 1 0 \
	611 2 28 0 0 \
	617 2 14 0 0 \
	615 2 21 10 0 \
	632 2 14 0 0 \
	634 2 14 0 0 \
	616 2 14 0 0
 ra 70
 at 80
 df 80
 mi 50
CO
 li train 22
 ar 22 0 0 39 0 0 0 0
 cs 2
 wa -1
 st 1
 ue 1
 de 39
 po 1
 pr 3

2210 char 0
na Scurvy
il	1 269 \
	54 10 \
	63441 1
LI
 wh 57497
CH
 lo 53436
 pl 100
 he 100
 lk 3
 lr 96
 sl	610 2 21 29 0 \
	617 2 14 18 0 \
	612 2 28 1 0 \
	700 2 21 0 0 \
	680 2 21 2 0 \
	702 2 14 5 0 \
	703 2 14 2 0 \
	616 2 14 17 0 \
	630 2 28 0 0 \
	641 2 28 2 0 \
	670 2 28 0 0 \
	600 2 21 0 0 \
	601 2 14 0 0 \
	671 2 14 0 0 \
	615 2 21 14 0 \
	631 2 14 2 0 \
	632 2 14 0 0 \
	614 2 14 11 0 \
	602 2 14 0 0 \
	633 2 14 0 0 \
	634 2 14 3 0 \
	704 2 14 0 0 \
	672 2 21 0 0 \
	673 2 14 0 0 \
	681 2 14 0 0 \
	682 2 14 0 0 \
	635 2 28 0 0 \
	690 1 7 0 0 \
	720 1 4 0 0
 at 116
 df 120
 mi 123
CM
 hs 1
MI
 di 1
CO
 li explore
 ar 0 0 0 0 0 0 0 0
 cs 2
 wa 6
 st 1
 ue 1
 de 1
 pr 3

100337 char 0
na Gizza Job
il	1 400
LI
 wh 14531
CH
 lo 53436
 he 100
 lk 1
 lr 450
 sl	610 2 21 0 0
 bp 50
 at 80
 df 80
CO
 li give garrison 10
 ar 137813 10 0 0 0 0 0 0
 st 1
 pr 1

106330 char 0
na Kotzen Brecher
il	1 1154 \
	54 2
LI
 wh 15143
CH
 lo 53436
 he 100
 lk 3
 lr 75
 sl	630 2 28 0 0 \
	641 2 28 1 0 \
	610 2 21 1 0 \
	635 2 28 0 0 \
	611 2 28 0 0 \
	612 2 28 1 0 \
	700 2 21 0 0 \
	702 2 14 4 0 \
	617 2 14 1 0 \
	730 1 14 0 0
 mo 7799
 at 80
 df 80
CM
 hs 1
CO
 li fly e
 ar 0 2 15144 0 0 3 15143 0
 cs 2
 wa 1
 st 1
 ue 1
 de 2
 pr 2

109187 char 0
na Snoopy
il	1 122 \
	54 1
LI
 wh 15144
CH
 lo 53436
 he 100
 lk 3
 lr 80
 sl	630 2 28 0 0 \
	641 2 28 1 0 \
	610 2 21 0 0 \
	612 2 28 1 0 \
	635 2 28 0 0 \
	611 2 28 0 0
 at 80
 df 80
CM
 hs 1
CO
 li fly e
 ar 0 0 0 0 0 0 0 0
 wa -1
 st 1
 ue 1
 pr 2

88172 char 0
na Footpad
il	1 800 \
	54 1
LI
 wh 15451
CH
 lo 53436
 he 100
 lk 3
 lr 76
 sl	610 2 21 1 0 \
	630 2 28 0 0 \
	641 2 28 1 0 \
	635 2 28 0 0 \
	612 2 28 1 0 \
	611 2 28 0 0 \
	700 1 0 0 0 \
	634 2 14 4 0 \
	730 1 14 0 0 \
	670 1 0 0 0 \
	632 2 14 0 0
 at 80
 df 80
CM
 hs 1
MI
 ds Royal Cartographer
CO
 li fly w
 ar 0 4 15451 0 0 3 15452 0
 st 1
 ue 1
 de 3
 pr 2

8764 char 0
na Timbalabim
il	1 7135 \
	54 34 \
	66360 1 \
	66544 1 \
	74911 1
tl	2 92181 957 86 1 0 0 0
LI
 wh 57340
CH
 lo 53436
 he 100
 lk 3
 lr 24
 sl	630 2 28 0 0 \
	641 2 28 2 0 \
	730 2 21 0 0 \
	733 2 14 5 0 \
	610 2 21 1 0 \
	732 2 14 10 0 \
	731 2 14 0 0 \
	611 2 28 0 0 \
	635 2 28 0 0 \
	720 2 21 0 0 \
	612 2 28 1 0
 at 80
 df 80
CM
 hs 1
MI
 ds trading bj14 bk07
CO
 li use 732
 ar 0 0 0 0 0 0 0 732
 cs 2
 wa 2
 st 1
 us 732
 ue 2
 de 18
 pr 3

115007 char 0
na Nagel Stromp
il	1 600 \
	10 70 \
	11 43 \
	12 134 \
	13 36 \
	54 1 \
	72 208 \
	78 10
LI
 wh 59066
CH
 lo 53436
 he 100
 lk 2
 lr 1
 sl	610 2 21 19 0 \
	630 2 28 0 0 \
	611 2 28 0 0 \
	641 2 28 1 0 \
	612 2 28 1 0 \
	617 2 14 0 0 \
	616 2 14 3 0 \
	615 2 21 5 0 \
	635 2 28 0 0 \
	720 2 21 0 0 \
	721 2 14 0 0 \
	730 2 21 0 0 \
	732 2 14 1 0 \
	680 2 21 1 0
 ra 10
 at 80
 df 80
 mi 50
CM
 hs 1
CO
 li train 13
 ar 13 0 0 36 0 0 0 0
 cs 2
 wa -1
 st 1
 ue 1
 de 36
 po 1
 pr 3

101163 char 0
na Manically Lugubrious
il	1 245 \
	54 2
LI
 wh 57389
CH
 lo 53436
 he 100
 lk 1
 lr 400
 sl	630 1 0 0 0 \
	610 2 21 0 0 \
	611 1 7 0 0
 bp 50
 at 80
 df 80
CO
 li seek
 ar 0 0 0 0 0 0 0 0
 cs 2
 wa 3
 st 1
 de 4
 po 1
 pr 3

114080 char 0
na Motolevski
il	1 7920 \
	54 84 \
	110390 36
tl	2 110390 611 220 1 0 0 0 \
	1 110390 781 140 1 0 0 0
LI
 wh 57988
CH
 lo 53436
 he 100
 lk 3
 lr 26
 sl	630 2 28 0 0 \
	641 2 28 1 0 \
	610 2 21 0 0 \
	612 2 28 1 0 \
	730 2 21 0 0 \
	732 2 14 3 0 \
	733 2 14 2 0 \
	611 2 28 0 0 \
	700 2 21 0 0 \
	702 2 14 0 0 \
	731 2 14 0 0 \
	635 2 28 0 0 \
	703 1 8 0 0
 at 80
 df 80
CM
 hs 1
MI
 ds p36-b12 trader
CO
 li wait not item 110390
 ar 0 0 110390 0 0 0 0 0
 cs 2
 wa -1
 st 1
 ue 1
 de 1
 po 1
 pr 1

126752 char 0
na Iche worker
il	1 223 \
	11 3 \
	54 2 \
	79 16
tl	1 79 983 26 0 0 0 0
LI
 wh 57797
CH
 lo 53436
 he 100
 lk 3
 lr 75
 sl	630 2 28 0 0 \
	641 2 28 1 0 \
	610 2 21 5 0 \
	612 2 28 1 0 \
	635 2 28 0 0 \
	611 2 28 0 0 \
	730 2 21 0 0 \
	732 2 14 0 0
 at 80
 df 80
CM
 hs 1
CO
 li use 732
 ar 0 0 0 0 0 0 0 732
 cs 2
 wa 1
 st 1
 us 732
 ue 1
 de 20
 pr 3

130272 char 0
na Gromblar Vollic
il	1 105 \
	54 7
LI
 wh 13028
CH
 lo 53436
 he 100
 lk 3
 lr 95
 sl	610 2 21 2 0 \
	630 2 28 0 0 \
	635 2 28 0 0 \
	611 1 5 0 0
 bh 9
 bp 50
 at 80
 df 80
CO
 li study 611
 ar 611 0 0 0 0 0 0 0
 cs 2
 wa 2
 st 1
 de 5
 po 1
 pr 3

98305 char 0
na Bones
il	1 6547 \
	10 4 \
	12 96 \
	13 41 \
	21 32 \
	22 36 \
	54 1 \
	84 1 \
	60724 1 \
	64458 1 \
	64601 1 \
	128951 1
LI
 wh 112260
 hl 6196 
CH
 lo 53436
 he 100
 lk 2
 lr 2
 sl	800 2 28 0 0 \
	802 2 14 1 0 \
	880 2 42 0 0 \
	881 2 14 1 0 \
	801 2 14 0 0 \
	803 2 14 1 0 \
	882 2 14 0 0 \
	804 2 21 0 0 \
	805 2 14 0 0 \
	610 2 21 9 0 \
	920 2 0 0 0 \
	612 2 28 1 0 \
	883 2 14 2 0 \
	611 2 28 0 0 \
	617 2 14 5 0 \
	630 2 28 0 0 \
	635 2 28 0 0 \
	888 2 21 0 0 \
	885 2 14 0 0 \
	889 2 21 0 0 \
	891 2 21 0 0 \
	892 2 21 0 0 \
	893 2 21 0 0 \
	894 2 21 0 0 \
	922 2 28 9 0 \
	860 1 3 0 0
 bh 8
 ra 70
 at 80
 df 80
 ct 55749 55749 
CM
 im 1
 ma 10
 ca 23
 pl 5170
 ar 128951
CO
 li study 860
 ar 860 0 0 0 0 0 0 0
 cs 2
 wa 4
 st 1
 ue 2
 de 3
 po 1
 pr 3

6196 char 0
na Serena
il	1 360 \
	12 5 \
	20 10 \
	74 140 \
	79 4
LI
 wh 98305
CH
 lo 53436
 pl 100
 he 100
 lk 3
 lr 99
 sl	610 2 21 1 0 \
	614 2 14 10 0 \
	612 2 28 1 0 \
	730 2 21 0 0 \
	732 2 14 2 0 \
	733 2 14 1 0 \
	616 2 14 7 0 \
	615 2 21 0 0 \
	700 2 21 0 0
 at 113
 df 116
 mi 50
MI
 di 3
CO
 li train 20
 ar 20 0 0 10 0 0 0 0
 cs 2
 wa -1
 st 1
 ue 1
 de 10
 po 1
 pr 3

62333 char 0
na Sticks
il	1 902 \
	10 77 \
	12 4 \
	54 15 \
	73 10 \
	75 87 \
	77 50
LI
 wh 112260
CH
 lo 53436
 he 100
 lk 3
 lr 35
 sl	630 2 28 0 0 \
	641 2 28 2 0 \
	730 2 21 0 0 \
	732 2 14 1 0 \
	731 2 14 0 0 \
	733 2 14 1 0 \
	610 2 21 12 0 \
	611 2 28 0 0 \
	612 2 28 1 0 \
	617 2 14 7 0 \
	616 2 14 0 0 \
	635 2 28 0 0
 at 80
 df 30
 ct 55749 5490 55749 55749 
 dt 206 28 6178
CM
 hs 1
CO
 li train 12
 ar 12 0 0 1 0 0 0 0
 cs 2
 wa -1
 st 1
 ue 1
 de 1
 po 1
 pr 3

3504 char 0
na Arkwright
il	1 1796 \
	54 51 \
	112118 40 \
	142331 1
tl	1 79 981 30 1 0 0 0 \
	2 112118 999 91 1 0 0 0 \
	1 112118 40 33 1 0 0 0
LI
 wh 57896
CH
 lo 53436
 pl 100
 he 100
 lk 3
 lr 41
 sl	730 2 21 0 0 \
	732 2 14 12 0 \
	733 2 14 7 0 \
	610 2 21 7 0 \
	611 2 28 0 0 \
	614 2 14 10 0 \
	616 2 14 6 0 \
	617 2 14 0 0 \
	670 2 28 0 0 \
	671 2 14 0 0 \
	673 2 14 0 0 \
	674 2 21 0 0 \
	672 2 21 0 0 \
	612 2 28 1 0 \
	615 2 21 2 0 \
	731 2 14 0 0 \
	630 2 28 0 0 \
	641 2 28 1 0
 at 113
 df 131
 mi 53
CM
 hs 1
MI
 di 2
CO
 li seek
 ar 0 0 0 0 0 0 0 0
 cs 2
 wa 5
 st 1
 ue 2
 de 2
 po 1
 pr 3

90923 char 0
na Tubthump
il	1 127 \
	55 2
LI
 wh 13113
CH
 lo 53436
 he 100
 lk 3
 lr 46
 sl	630 2 28 0 0 \
	641 2 28 3 0 \
	610 2 21 0 0 \
	612 2 28 1 0 \
	611 2 28 0 0 \
	650 2 28 0 0 \
	654 2 28 28 0 \
	635 2 28 0 0 \
	655 2 14 0 0 \
	653 2 28 0 0 \
	652 2 28 0 0
 at 80
 df 80
 ct 131788 148990 
CM
 hs 1
CO
 li breed 55 55
 ar 55 55 0 0 0 0 0 0
 cs 2
 wa 12
 st 1
 ue 1
 de 1
 pr 3

76803 char 0
na Chef
il	1 900 \
	55 2
LI
 wh 13113
CH
 lo 53436
 he 100
 lk 3
 lr 32
 sl	610 2 21 9 0 \
	612 2 28 1 0 \
	630 2 28 0 0 \
	700 2 21 0 0 \
	650 2 28 0 0 \
	654 2 28 39 0 \
	641 2 28 1 0 \
	652 2 28 0 0 \
	616 2 14 1 0 \
	635 2 28 0 0 \
	611 2 28 0 0
 at 80
 df 80
CM
 hs 1
CO
 li breed 55 55
 ar 55 55 0 0 0 0 0 0
 cs 2
 wa 12
 st 1
 ue 1
 de 1
 pr 3

101030 char 0
na B_arvey Smith
il	1 191 \
	55 2
LI
 wh 13113
CH
 lo 53436
 he 100
 lk 3
 lr 61
 sl	650 2 28 0 0 \
	610 2 21 1 0 \
	654 2 28 39 0 \
	611 2 28 0 0 \
	630 2 28 0 0
 bp 50
 at 80
 df 80
CO
 li breed 55 55
 ar 55 55 0 0 0 0 0 0
 cs 2
 wa 4
 st 1
 de 9
 pr 3

114410 char 0
na Berclan
il	1 452 \
	10 1 \
	51 4 \
	55 2
LI
 wh 13113
CH
 lo 53436
 he 100
 lk 3
 lr 18
 sl	610 2 21 11 0 \
	730 2 21 0 0 \
	733 2 14 0 0 \
	612 2 28 1 0 \
	611 2 28 0 0 \
	732 2 14 0 0 \
	650 2 28 0 0 \
	654 2 28 39 0 \
	655 2 14 2 0 \
	652 2 28 0 0 \
	653 2 28 0 0 \
	630 2 28 0 0
 at 80
 df 80
CO
 li breed 55 55
 ar 55 55 0 0 0 0 0 0
 cs 2
 wa 6
 st 1
 ue 1
 de 7
 pr 3

95296 char 0
na Boromble
il	1 500 \
	54 4 \
	55 2 \
	119112 1
LI
 wh 13113
CH
 lo 53436
 he 100
 lk 3
 lr 34
 sl	610 2 21 6 0 \
	670 2 28 0 0 \
	671 2 14 0 0 \
	612 2 28 1 0 \
	630 2 28 0 0 \
	650 2 28 0 0 \
	654 2 28 27 0 \
	655 2 14 2 0 \
	653 2 28 0 0 \
	652 2 28 0 0 \
	611 1 7 0 0
 at 80
 df 80
CO
 li breed 55 55
 ar 55 55 0 0 0 0 0 0
 cs 2
 wa 11
 st 1
 ue 1
 de 2
 pr 3

139043 char 0
na Gardner Gertrude
il	1 447 \
	54 6 \
	72 25
tl	1 79 999 27 0 0 0 0
LI
 wh 13113
CH
 lo 53436
 he 100
 lk 3
 lr 33
 sl	630 2 28 0 0 \
	641 2 28 1 0 \
	700 2 21 0 0 \
	703 2 14 23 0 \
	704 2 14 4 0 \
	702 2 14 5 0 \
	610 2 21 10 0 \
	617 2 14 19 0 \
	612 2 28 1 0 \
	611 2 28 0 0 \
	635 2 28 0 0
 at 80
 df 80
CM
 hs 1
CO
 li make 74
 ar 74 0 0 0 0 0 0 0
 wa -1
 ue 3
 po 1
 pr 3

137363 char 0
na Eastern Tollus Merchant
il	1 253
LI
 wh 4847
CH
 lo 53436
 he 100
 lk 3
 lr 95
 sl	610 2 21 3 0 \
	612 1 7 0 0 \
	611 1 21 0 0 \
	730 2 21 0 0 \
	732 2 14 1 0 \
	733 1 1 0 0
 bp 50
 at 80
 df 80
CO
 li study 733
 ar 733 0 0 0 0 0 0 0
 cs 2
 wa 6
 st 1
 ue 1
 de 1
 po 1
 pr 3

141326 char 0
na Buckaroo
il	1 4518 \
	10 10 \
	51 5 \
	54 13 \
	271 19
ah 6196 
LI
 wh 6655
CH
 lo 53436
 he 100
 lk 3
 lr 18
 sl	680 2 21 1 0 \
	682 2 14 2 0 \
	610 2 21 1 0 \
	700 2 21 0 0 \
	612 2 28 1 0 \
	650 2 28 0 0 \
	654 2 28 38 0 \
	611 2 28 0 0 \
	652 2 28 0 0 \
	653 2 28 0 0
 bh 9
 ra 10
 at 80
 df 80
CM
 pl 5170
MI
 ds trainer
CO
 li breed 54 54
 ar 54 54 0 0 0 0 0 0
 cs 1
 wa 7
 ue 1
 pr 3

117737 char 0
na Steve Wright
il	1 391 \
	54 10
LI
 wh 13128
CH
 lo 53436
 he 100
 lk 3
 lr 94
 sl	610 2 21 2 0 \
	680 1 8 0 0 \
	630 2 28 0 0 \
	611 2 28 0 0 \
	617 2 14 0 0
 bh 9
 bp 50
 at 80
 df 80
CO
 li study 680
 ar 680 0 0 0 0 0 0 0
 cs 2
 wa 4
 st 1
 de 3
 po 1
 pr 3

131788 char ni
il	1 268 \
	54 2 \
	81 5
LI
 wh 13130
CH
 ni 287
 lo 53436
 pl 55749
 he -1
 lk 4
 bh 9
 at 60
 df 60
CM
 ot 64458
MI
 ca r
CO
 li move out
 ar 0 8 13130 0 0 1 69532 1
 st 1
 de 1
 pr 2

91076 char 0
na Yew boy, stand still laddie!
il	1 227 \
	54 2 \
	75 123 \
	77 185
LI
 wh 13213
CH
 lo 53436
 he 100
 lk 3
 lr 76
 sl	630 2 28 0 0 \
	641 2 28 1 0 \
	610 2 21 1 0 \
	612 2 28 1 0 \
	635 2 28 0 0 \
	611 2 28 0 0 \
	700 2 21 0 0 \
	703 2 14 7 0 \
	617 2 14 11 0 \
	702 2 14 1 0
 at 80
 df 80
CM
 hs 1
CO
 li recruit
 ar 0 0 0 0 0 0 0 0
 cs 1
 wa -1
 st 1
 ue 1
 po 1
 pr 3

135560 char 0
na Vikingsholm Woodcutter
il	1 579 \
	54 3
LI
 wh 13213
CH
 lo 53436
 he 100
 lk 3
 lr 23
 sl	610 2 21 5 0 \
	720 2 21 0 0 \
	721 2 14 8 0 \
	611 2 28 0 0 \
	630 2 28 0 0 \
	641 2 28 1 0 \
	722 2 14 8 0 \
	612 2 28 1 0 \
	617 2 14 14 0 \
	700 2 21 0 0 \
	702 2 14 24 0
 at 80
 df 80
CM
 hs 1
CO
 li get garrison 11
 ar 1042 11 0 0 0 0 0 0
 cs 1
 st 1
 ue 2
 pr 1

75770 char 0
na Araldite
il	1 367 \
	54 1 \
	75 183 \
	77 57
LI
 wh 13313
CH
 lo 53436
 he 100
 lk 3
 lr 31
 sl	630 2 28 0 0 \
	680 2 21 5 0 \
	682 2 14 10 0 \
	610 2 21 3 0 \
	700 2 21 0 0 \
	702 2 14 5 0 \
	617 2 14 14 0 \
	612 2 28 1 0 \
	720 2 21 0 0 \
	722 2 14 8 0 \
	721 2 14 9 0 \
	635 2 28 0 0 \
	703 2 14 0 0 \
	611 1 14 0 0
 at 80
 df 80
CO
 li make 75
 ar 75 0 0 136 0 0 0 0
 cs 2
 wa -1
 st 1
 ue 2
 de 136
 po 1
 pr 3

86997 char 0
na Archie Jones
il	1 200 \
	54 2
LI
 wh 30319
CH
 lo 53436
 he 100
 lk 3
 lr 77
 sl	630 2 28 0 0 \
	641 2 28 1 0 \
	610 2 21 3 0 \
	635 2 28 0 0 \
	611 2 28 0 0 \
	680 2 21 1 0 \
	682 2 14 3 0 \
	612 2 28 1 0 \
	730 2 21 0 0 \
	732 2 14 0 0
 at 80
 df 80
CM
 hs 1
CO
 li move nd19
 ar 30319 0 0 0 0 0 0 0
 wa -1
 ue 1
 pr 2

137434 char 0
na Ftoompch
il	1 5750 \
	54 4
LI
 wh 39918
CH
 lo 53436
 he 100
 lk 3
 lr 57
 sl	610 2 21 0 0 \
	630 2 28 0 0 \
	641 2 28 3 0 \
	611 2 28 0 0 \
	612 2 28 1 0 \
	635 2 28 0 0 \
	633 2 14 1 0 \
	632 2 14 2 0 \
	670 2 28 0 0 \
	634 2 14 1 0 \
	671 2 14 0 0 \
	730 1 14 0 0
 at 80
 df 80
CM
 hs 1
CO
 li explore
 ar 0 0 0 0 0 0 0 0
 cs 2
 wa 6
 st 1
 ue 1
 de 1
 pr 3

135601 char 0
na Bitter Leming
il	1 400 \
	54 1
LI
 wh 25870
CH
 lo 53436
 he 100
 lk 3
 lr 57
 sl	610 2 21 0 0 \
	630 2 28 0 0 \
	641 2 28 6 0 \
	611 2 28 0 0 \
	612 2 28 0 0 \
	617 2 14 0 0 \
	635 2 28 0 0
 bp 50
 at 80
 df 80
CM
 hs 1
CO
 li explore
 ar 0 0 0 0 0 0 0 0
 cs 2
 wa 4
 st 1
 ue 2
 de 3
 pr 3

