53513 player pl_regular
na Breeders Inc.
il	1 25
CH
PL
 fn Jose Sequeira
 em margothemangler@yahoo.com
 ve t536@pbm.com
 pw margo
 np 4
 fs 21
 ft 78
 fo 1
 sb 18000
 so 1
 lt 260
 kn 69 600 601 602 603 610 611 612 613 614 \
	615 616 617 630 631 633 634 635 637 639 641 \
	650 652 653 654 655 658 659 670 671 672 680 \
	681 682 690 691 692 700 701 702 703 704 720 \
	721 722 723 730 731 732 733 750 751 752 753 \
	756 800 801 802 803 804 805 806 807 808 809 \
	812 813 814 820 821 822 823 825 826 827 828 \
	829 832 840 841 842 843 844 845 846 847 849 \
	851 852 1845 2042 2559 2784 4430 9264 9896 12851 12950 \
	12951 13051 13151 13251 13345 13351 13352 13445 13446 13447 13448 \
	13449 13450 13451 13452 13539 13540 13541 13542 13545 13546 13547 \
	13548 13549 13550 13551 13632 13633 13634 13635 13636 13637 13638 \
	13639 13640 13641 13642 13643 13644 13645 13646 13647 13648 13649 \
	13650 13651 13652 13653 13654 13655 13656 13657 13658 13732 13734 \
	13736 13739 13740 13743 13744 13745 13746 13747 13748 13749 13750 \
	13751 13752 13812 13813 13814 13815 13816 13817 13818 13819 13820 \
	13832 13834 13835 13836 13837 13838 13839 13840 13841 13842 13843 \
	13844 13845 13846 13847 13848 13849 13850 13851 13852 13912 13920 \
	13932 13944 13945 13946 13947 13948 13949 13950 13951 13952 13953 \
	13954 13955 14012 14020 14032 14044 14047 14048 14049 14050 14051 \
	14052 14053 14054 14055 14112 14120 14132 14144 14147 14148 14149 \
	14150 14151 14152 14153 14154 14155 14156 14157 14158 14159 14160 \
	14161 14207 14208 14209 14210 14211 14212 14220 14221 14222 14223 \
	14224 14225 14226 14227 14228 14229 14230 14231 14232 14233 14244 \
	14247 14248 14249 14250 14251 14252 14253 14261 14307 14308 14310 \
	14311 14312 14333 14334 14335 14336 14337 14338 14339 14340 14341 \
	14344 14345 14346 14347 14348 14349 14350 14351 14352 14353 14354 \
	14355 14356 14407 14408 14410 14411 14412 14441 14447 14448 14449 \
	14450 14451 14452 14507 14510 14541 14542 14543 14544 14545 14546 \
	14547 14548 14549 14550 14551 14552 14553 14554 14607 14641 14642 \
	14648 14649 14650 14652 14706 14707 14708 14741 14742 14748 14749 \
	14750 14751 14752 14806 14807 14841 14842 14848 14849 14941 14947 \
	14948 14949 14950 14951 15041 15047 15048 15049 15050 15051 15141 \
	15142 15143 15144 15145 15146 15147 15148 15149 15150 15151 15241 \
	15242 15243 15244 15245 15246 15247 15248 15249 15250 15251 15347 \
	15348 15349 15350 15351 15447 15448 15449 15450 15451 15452 15453 \
	15454 15455 15554 15654 15754 15854 20758 21922 22321 28599 29595 \
	31322 36059 39233 39378 41780 43533 43608 48476 48806 57081 57140 \
	57148 57149 57154 57165 57266 57294 57352 57397 57426 57537 57539 \
	57572 57622 57625 57646 57679 57704 57757 57865 57885 58318 58323 \
	58521 58575 58599 58707 58758 59248 59491 59592 59654 59820 60558 \
	61975 62291 62751 63674 64013 64232 64505 64882 65425 65502 65765 \
	66113 66713 66938 67340 68265 68472 69195 69239 69475 69496 71241 \
	71280 71420 71730 71910 72881 73532 73896 74118 74516 74563 76007 \
	76262 76363 76580 77307 77310 77460 77521 82297 82361 93272 119073 \
	127030 136481 
 un 64690 68595 74536 76164 74720 65727 67142 91377 76604 \
	142038 100265 86077 72667 97856 
 uf 146442 119402 115794 145811 101511 
 am 64690 0 50333 51665 51853 53513 54948 55115 55705 \
	56223 56309 56363 
 am 65727 0 50333 51665 51853 53513 54948 55115 55705 \
	56223 56309 56363 
 am 67142 0 50333 51665 51853 53513 54948 55115 55705 \
	56223 56309 56363 
 am 72667 0 50333 51665 51853 53513 54948 55115 55705 \
	56223 56309 56363 
 am 74563 0 50333 51665 51853 53513 54948 55115 55705 \
	56223 56309 56363 
 am 74720 0 50333 51665 51853 53513 54948 55115 55705 \
	56223 56309 56363 
 am 76604 0 50333 51665 51853 53513 54948 55115 55705 \
	56223 56309 56363 
CO
 li accept 0 0
 ar 0 0 0 0 0 0 0 0
 st 1

64690 char 0
na Charlie Bass
il	1 301 \
	52 14 \
	54 10 \
	74 79 \
	76 4 \
	282 10
LI
 wh 13649
CH
 lo 53513
 he 100
 lk 2
 lr 1
 sl	690 2 28 0 0 \
	600 2 21 0 0 \
	650 2 28 0 0 \
	654 2 28 32 0 \
	630 2 28 0 0 \
	652 2 28 0 0 \
	610 2 21 2 0 \
	601 2 14 0 0 \
	611 2 28 0 0 \
	612 2 28 1 0 \
	616 2 14 0 0 \
	653 2 28 0 0 \
	691 2 21 0 0 \
	692 2 21 0 0
 bh 2
 at 80
 df 80
CO
 li breed 282 282
 ar 282 282 0 0 0 0 0 0
 cs 2
 wa 3
 st 1
 ue 1
 de 3
 pr 3

68595 char 0
na Lord Grum
il	1 1897 \
	11 5 \
	12 25 \
	16 21 \
	69 1 \
	82 1
LI
 wh 13650
CH
 lo 53513
 pl 100
 he 100
 lk 3
 lr 9975
 sl	720 2 21 0 0 \
	610 2 21 6 0 \
	630 2 28 0 0 \
	721 2 14 7 0 \
	611 2 28 0 0 \
	723 2 14 1 0 \
	722 2 14 6 0 \
	639 1 14 0 0 \
	614 2 14 3 0 \
	615 2 21 0 0 \
	617 2 14 1 0 \
	612 2 28 0 0
 bh 9
 bp 50
 at 80
 df 104
 mi 50
MI
 di 1
 ds Mountain Dwarf
CO
 li explore
 ar 0 0 0 0 0 0 0 0
 cs 2
 wa 6
 st 1
 ue 2
 de 1
 pr 3

74536 char 0
na Richard Harrington
il	1 194 \
	11 8 \
	12 13 \
	16 35 \
	54 1 \
	98 4
LI
 wh 82297
 hl 137978 
CH
 lo 53513
 he 100
 lk 2
 lr 1
 sl	610 2 21 38 0 \
	700 2 21 0 0 \
	617 2 14 21 0 \
	680 2 21 6 0 \
	701 2 14 0 0 \
	702 2 14 21 0 \
	703 2 14 1 0 \
	616 2 14 7 0 \
	600 2 21 0 0 \
	602 2 14 1 0 \
	730 2 21 0 0 \
	732 2 14 0 0 \
	601 2 14 2 0 \
	603 2 14 0 0 \
	611 2 28 0 0 \
	731 2 14 0 0 \
	733 2 14 0 0 \
	614 2 14 2 0
 bh 5
 bp 50
 at 112
 df 104
CO
 li use 614
 ar 0 0 0 0 0 0 0 614
 cs 2
 wa 5
 st 1
 us 614
 ue 1
 de 2
 pr 3

76164 char 0
na Lady Evalin
il	1 2957 \
	10 1 \
	11 13 \
	12 26 \
	20 11 \
	54 3 \
	79 8 \
	98 6
LI
 wh 127030
 hl 92614 
CH
 lo 53513
 pl 100
 he 100
 lk 3
 lr 9975
 sl	720 2 21 0 0 \
	610 2 21 15 0 \
	614 2 14 2 0 \
	721 2 14 9 0 \
	611 2 28 0 0 \
	722 2 14 10 0 \
	617 2 14 5 0 \
	616 2 14 5 0
 bh 9
 bp 50
 at 80
 df 92
MI
 ds Red Dwarf
CO
 li train 12 5
 ar 12 5 5 5 0 0 0 0
 st 1
 ue 2
 de 5
 po 1
 pr 3

74720 char 0
na Erik the Fox
il	1 161 \
	10 10 \
	11 5 \
	54 1
tl	2 95 80 7 0 0 0 0
LI
 wh 14648
CH
 lo 53513
 he 100
 lk 2
 lr 1
 sl	700 2 21 0 0 \
	610 2 21 13 0 \
	704 2 14 0 0 \
	703 2 14 1 0 \
	680 2 21 4 0 \
	702 2 14 12 0 \
	615 2 21 6 0 \
	611 2 28 0 0 \
	720 2 21 0 0 \
	721 2 14 10 0 \
	722 2 14 10 0 \
	617 2 14 7 0 \
	820 2 35 0 0 \
	821 2 21 0 0 \
	823 2 21 0 0 \
	822 2 21 0 0 \
	614 2 14 14 0 \
	825 2 21 1 0 \
	826 2 21 1 0 \
	829 2 21 3 0 \
	828 2 21 0 0 \
	832 2 21 2 0 \
	827 2 21 3 0 \
	630 2 28 0 0 \
	616 2 14 0 0 \
	613 1 7 0 0
 bh 9
 bp 50
 at 80
 df 120
 mi 85
 dt 139 1 4141
CM
 im 1
 ma 10
 ca 8
 kw 1
MI
 ds Weather King
CO
 li study 613
 ar 613 0 0 0 0 0 0 0
 wa 7
 st 1
 ue 1
 po 1
 pr 3

65727 char 0
na Lord Magnus
il	1 1200 \
	10 10 \
	54 1
LI
 wh 76262
CH
 lo 53513
 he 100
 lk 2
 lr 2
 sl	680 2 21 3 0 \
	682 2 14 14 0 \
	800 2 28 0 0 \
	802 2 14 35 0 \
	801 2 14 7 0 \
	803 2 14 8 0 \
	804 2 21 1 0 \
	805 2 14 0 0 \
	808 2 21 0 0 \
	610 2 21 1 0 \
	750 2 35 0 0 \
	720 2 21 0 0 \
	721 2 14 9 0 \
	722 2 14 7 0 \
	617 2 14 6 0 \
	751 2 28 4 0 \
	611 2 28 0 0 \
	753 2 21 3 0 \
	809 2 21 0 0 \
	814 2 21 0 0 \
	752 2 28 1 0 \
	807 2 21 0 0 \
	813 2 21 0 0 \
	812 2 21 0 0 \
	806 2 21 0 0 \
	614 2 14 4 0 \
	681 2 14 0 0 \
	612 2 28 0 0 \
	613 2 14 0 0 \
	756 2 28 0 0
 bh 2
 bp 50
 at 80
 df 108
CM
 im 1
 ma 13
 ca 13
 vp 5
 pl 59379
 vi 10587 10683 57222 84005 
CO
 li use 616
 ar 616 0 0 0 0 0 0 0
 wa -1
 us 616
 ue 1
 po 1
 pr 3

67142 char 0
na Eloise Pritchart
il	1 501 \
	54 12
LI
 wh 58318
CH
 lo 53513
 he 100
 lk 2
 lr 1
 sl	610 2 21 4 0 \
	680 2 21 0 0 \
	630 2 28 0 0 \
	611 2 28 0 0 \
	840 2 35 0 0 \
	841 2 21 18 0 \
	852 2 21 0 0 \
	851 2 21 0 0 \
	614 2 14 10 0 \
	847 2 21 0 0 \
	846 2 21 0 0 \
	637 2 21 0 0 \
	616 2 14 3 0 \
	617 2 14 0 0 \
	843 1 1 0 0 \
	844 1 1 0 0 \
	845 1 2 0 0 \
	842 1 1 0 0 \
	849 1 15 0 0
 bh 2
 bp 50
 at 106
 df 131
CM
 im 1
 ma 6
 ca 3
CO
 li study 845
 ar 845 0 0 0 0 0 0 0
 cs 2
 wa 6
 st 1
 ue 3
 de 1
 po 1
 pr 3

91377 char 0
na Breeder IV
il	54 19
tl	2 100243 999 73 0 0 0 0
LI
 wh 58323
CH
 lo 53513
 he 100
 lk 3
 lr 92
 sl	610 2 21 0 0 \
	650 2 28 0 0 \
	654 2 28 6 0 \
	730 2 21 0 0 \
	733 1 7 0 0
 bh 2
 bp 50
 at 80
 df 80
CO
 li breed 54 54
 ar 54 54 0 0 0 0 0 0
 wa 7
 st 1
 pr 3

76604 char 0
na Breeder I
il	1 2 \
	85 10 \
	282 11 \
	67680 1
LI
 wh 15350
 hl 142038 
CH
 lo 53513
 he 100
 lk 2
 lr 1
 sl	630 2 28 0 0 \
	610 2 21 1 0 \
	730 2 21 0 0 \
	650 2 28 0 0 \
	654 2 28 51 0 \
	733 2 14 0 0 \
	655 2 14 4 0 \
	680 2 21 0 0 \
	641 2 28 1 0 \
	653 2 28 0 0 \
	652 2 28 0 0 \
	611 2 28 0 0 \
	612 1 14 0 0
 bh 2
 bp 50
 at 80
 df 80
CM
 hs 1
CO
 li breed 282 282
 ar 282 282 0 0 0 0 0 0
 cs 2
 wa 1
 st 1
 ue 1
 de 5
 pr 3

142038 char 0
na Breeder V
il	1 25 \
	282 3
LI
 wh 76604
CH
 lo 53513
 he 100
 lk 3
 lr 87
 sl	610 2 21 0 0 \
	650 2 28 0 0 \
	654 2 28 12 0 \
	611 2 28 0 0 \
	653 1 21 0 0
 bh 2
 bp 50
 at 80
 df 80
CO
 li give w604 282 0
 ar 76604 282 0 0 0 0 0 0
 st 1
 pr 1

100265 char 0
na Breeder VI
il	1 6453 \
	54 28
LI
 wh 57352
CH
 lo 53513
 he 100
 lk 3
 lr 92
 sl	650 2 28 0 0 \
	610 2 21 0 0 \
	654 2 28 8 0 \
	611 2 28 0 0
 bh 2
 bp 50
 at 80
 df 80
CO
 li breed 54 54
 ar 54 54 0 0 0 0 0 0
 st 1
 de 6
 pr 3

86077 char 0
na Breeder VII
il	1 3404 \
	54 71
LI
 wh 57149
CH
 lo 53513
 he 100
 lk 3
 lr 83
 sl	610 2 21 0 0 \
	650 2 28 0 0 \
	654 2 28 4 0 \
	611 2 28 0 0 \
	614 2 14 1 0 \
	730 1 14 0 0
 bh 3
 bp 50
 at 80
 df 91
CO
 li explore
 ar 0 0 0 0 0 0 0 0
 cs 2
 wa 2
 st 1
 ue 1
 de 5
 pr 3

72667 char 0
na Ian Aenstein
il	1 6525 \
	10 13 \
	11 10 \
	12 5 \
	54 1 \
	68 5 \
	77 60
LI
 wh 14707
CH
 lo 53513
 he 100
 lk 2
 lr 1
 sl	610 2 21 22 0 \
	670 2 28 0 0 \
	630 2 28 0 0 \
	641 2 28 3 0 \
	617 2 14 15 0 \
	671 2 14 2 0 \
	631 2 14 0 0 \
	672 2 21 7 0 \
	730 2 21 0 0 \
	633 2 14 3 0 \
	611 2 28 0 0 \
	733 2 14 0 0 \
	612 2 28 0 0 \
	731 2 14 0 0 \
	732 2 14 2 0 \
	616 2 14 3 0 \
	700 2 21 0 0 \
	701 2 14 0 0 \
	702 2 14 4 0 \
	614 2 14 0 0
 bh 3
 bp 50
 at 107
 df 80
CM
 hs 1
CO
 li move e
 ar 0 2 14707 0 0 10 14706 0
 st 1
 ue 1
 de 10
 pr 2

97856 char 0
na Breeder III
il	54 59 \
	285 8
LI
 wh 57148
CH
 lo 53513
 he 100
 lk 3
 lr 86
 sl	610 2 21 0 0 \
	650 2 28 0 0 \
	654 2 28 13 0 \
	611 2 28 0 0
 bh 2
 bp 50
 at 80
 df 80
CO
 li breed 285 285
 ar 285 285 0 0 0 0 0 0
 cs 2
 wa 2
 st 1
 de 11
 pr 3

