53627 player pl_regular
na The Enlightened
il	1 3470
an 50333 50535 50797 50837 51323 51853 53249 53513 54172 \
	54295 54404 54587 54597 54935 54948 55115 55263 55275 55705 56223 \
	56297 56309 56363 56455 56746 
ad 53627 
CH
PL
 fn Finn E. Theodorsen
 em theodor@inet.uni2.dk
 pw Erd1sist
 np 8
 ft 74
 so 1
 lt 260
 kn 610 611 612 613 614 615 616 617 630 635 \
	637 639 641 650 652 653 654 655 656 657 680 \
	682 690 693 694 695 696 697 700 701 702 703 \
	704 705 720 721 722 723 750 751 752 753 754 \
	755 756 800 801 802 803 804 805 806 807 808 \
	809 811 812 813 814 820 821 822 823 824 825 \
	826 827 828 829 831 832 833 840 841 842 845 \
	848 849 851 852 860 861 862 863 864 865 866 \
	867 868 869 871 872 880 881 882 883 884 885 \
	886 887 888 889 891 892 893 894 900 901 902 \
	903 904 905 906 907 908 909 911 1399 2559 5252 \
	6117 13341 13342 13343 13344 13345 13346 13347 13348 13441 13442 \
	13443 13444 13445 13446 13447 13448 13449 13450 13451 13541 13542 \
	13543 13544 13545 13546 13547 13548 13550 13551 13552 13553 13641 \
	13642 13643 13644 13645 13646 13647 13648 13649 13650 13651 13652 \
	13653 13741 13742 13743 13744 13746 13747 13748 13749 13750 13751 \
	13752 13753 13842 13843 13844 13845 13846 13847 13848 13849 13850 \
	13851 13852 13853 13854 13942 13943 13944 13945 13946 13947 13948 \
	13949 13950 13951 13953 13954 14044 14045 14046 14047 14048 14049 \
	14050 14051 14052 14053 14054 14055 14144 14145 14146 14147 14148 \
	14149 14150 14151 14152 14153 14155 14156 14244 14245 14246 14247 \
	14248 14249 14250 14251 14253 14254 14255 14256 14344 14345 14346 \
	14347 14348 14349 14350 14440 14441 14442 14443 14444 14445 14446 \
	14447 14448 14449 14540 14541 14542 14543 14544 14545 14546 14547 \
	14548 14549 14640 14641 14642 14643 14644 14645 14646 14647 14648 \
	14649 46536 57081 57154 57625 57646 57679 57704 58575 58707 58758 \
	59400 59561 59636 59880 60050 60375 60419 60560 60759 60900 61139 \
	61293 61566 61661 61709 61809 61975 62266 62777 62919 63241 63434 \
	63542 64336 64647 65425 65619 65627 65765 66128 66304 66378 66567 \
	66624 66690 67006 67955 68460 68668 68767 69475 69581 69605 69651 \
	69809 70372 70485 70636 71730 72515 73056 73532 74118 74577 74785 \
	74877 74938 74996 75592 76007 77307 77310 77922 78257 78343 78478 \
	78593 99904 110722 145777 
 un 71440 72209 59328 74135 65990 73376 74768 
 uf 71698 76856 108454 106721 79306 
 am 1399 0 50333 50535 50797 50837 51323 51853 53249 \
	53513 53627 54172 54295 54404 54587 54597 54935 54948 55115 55263 \
	55275 55705 56223 56297 56309 56363 56455 56746 
 am 2559 0 50333 50535 50797 50837 51323 51853 53249 \
	53513 53627 54172 54295 54404 54587 54597 54935 54948 55115 55263 \
	55275 55705 56223 56297 56309 56363 56455 56746 
 am 5252 0 50333 50535 50797 50837 51323 51853 53249 \
	53513 53627 54172 54295 54404 54587 54597 54935 54948 55115 55263 \
	55275 55705 56223 56297 56309 56363 56455 56746 
 am 59328 0 50333 50535 50797 50837 51323 51853 53249 \
	53513 53627 54172 54295 54404 54587 54597 54935 54948 55115 55263 \
	55275 55705 56223 56297 56309 56363 56455 56746 
 am 65990 0 50333 50535 50797 50837 51323 51853 53249 \
	53513 53627 54172 54295 54404 54587 54597 54935 54948 55115 55263 \
	55275 55705 56223 56297 56309 56363 56455 56746 
 am 67006 0 50333 50535 50797 50837 51323 51853 53249 \
	53513 53627 54172 54295 54404 54587 54597 54935 54948 55115 55263 \
	55275 55705 56223 56297 56309 56363 56455 56746 
 am 71440 0 50333 50535 50797 50837 51323 51853 53249 \
	53513 53627 54172 54295 54404 54587 54597 54935 54948 55115 55263 \
	55275 55705 56223 56297 56309 56363 56455 56746 
 am 72209 0 50333 50535 50797 50837 51323 51853 53249 \
	53513 53627 54172 54295 54404 54587 54597 54935 54948 55115 55263 \
	55275 55705 56223 56297 56309 56363 56455 56746 
 am 73376 0 50333 50535 50797 50837 51323 51853 53249 \
	53513 53627 54172 54295 54404 54587 54597 54935 54948 55115 55263 \
	55275 55705 56223 56297 56309 56363 56455 56746 
 am 74135 0 50333 50535 50797 50837 51323 51853 53249 \
	53513 53627 54172 54295 54404 54587 54597 54935 54948 55115 55263 \
	55275 55705 56223 56297 56309 56363 56455 56746 
 am 74768 0 50333 50535 50797 50837 51323 51853 53249 \
	53513 53627 54172 54295 54404 54587 54597 54935 54948 55115 55263 \
	55275 55705 56223 56297 56309 56363 56455 56746 
 am 99904 0 50333 50535 50797 50837 51323 51853 53249 \
	53513 53627 54172 54295 54404 54587 54597 54935 54948 55115 55263 \
	55275 55705 56223 56297 56309 56363 56455 56746 
 am 108454 0 50333 50535 50797 50837 51323 51853 53249 \
	53513 53627 54172 54295 54404 54587 54597 54935 54948 55115 55263 \
	55275 55705 56223 56297 56309 56363 56455 56746 
 am 110722 0 50333 50535 50797 50837 51323 51853 53249 \
	53513 53627 54172 54295 54404 54587 54597 54935 54948 55115 55263 \
	55275 55705 56223 56297 56309 56363 56455 56746 
 am 145777 0 50333 50535 50797 50837 51323 51853 53249 \
	53513 53627 54172 54295 54404 54587 54597 54935 54948 55115 55263 \
	55275 55705 56223 56297 56309 56363 56455 56746 
CO
 li accept zy6 0
 ar 56746 0 0 0 0 0 0 0
 st 1

71440 char 0
na Adam the Crystalblue Mage
il	1 931 \
	54 2
tl	2 95 91 7 0 0 0 0 \
	2 94 28 4 0 0 0 0
LI
 wh 1399
CH
 lo 53627
 he 100
 lk 2
 lr 2
 sl	800 2 28 0 0 \
	802 2 14 46 0 \
	801 2 14 0 0 \
	880 2 42 0 0 \
	881 2 14 0 0 \
	882 2 14 0 0 \
	820 2 35 0 0 \
	900 2 42 0 0 \
	903 2 21 98 0 \
	824 2 21 0 0 \
	909 2 21 0 0 \
	911 2 21 2 0 \
	889 2 21 0 0 \
	610 2 21 0 0 \
	611 2 28 0 0 \
	612 2 28 0 0 \
	630 2 28 0 0 \
	902 2 21 2 0 \
	639 2 21 0 0 \
	615 2 21 0 0 \
	808 2 21 1 0 \
	637 2 21 0 0 \
	641 2 28 1 0 \
	812 2 21 0 0 \
	823 2 21 0 0 \
	804 2 21 0 0 \
	807 2 21 0 0 \
	814 2 21 0 0 \
	806 2 21 0 0 \
	901 2 28 0 0 \
	809 2 21 0 0 \
	828 2 21 0 0 \
	832 2 21 0 0 \
	829 2 21 0 0 \
	827 2 21 0 0 \
	805 2 14 0 0 \
	821 2 21 0 0 \
	833 2 21 0 0 \
	883 2 14 0 0 \
	811 2 21 0 0 \
	822 2 21 0 0 \
	825 2 21 0 0 \
	813 2 21 0 0 \
	826 2 21 0 0 \
	886 2 14 0 0 \
	617 2 14 0 0 \
	831 2 28 0 0 \
	894 2 21 0 0 \
	891 2 21 0 0 \
	885 2 14 0 0 \
	892 2 21 0 0 \
	888 2 21 0 0 \
	887 2 21 0 0 \
	893 2 21 0 0 \
	884 2 28 0 0 \
	906 2 21 0 0 \
	904 2 21 0 0 \
	907 2 21 0 0 \
	908 2 28 0 0 \
	905 2 21 0 0 \
	860 2 35 0 0 \
	861 2 14 0 0 \
	862 2 14 0 0 \
	866 2 14 0 0 \
	872 2 21 0 0 \
	863 2 14 0 0 \
	864 2 14 0 0 \
	868 2 21 0 0 \
	871 2 21 0 0 \
	867 2 21 0 0 \
	865 2 14 0 0 \
	869 2 14 0 0 \
	803 2 14 0 0 \
	840 2 35 0 0 \
	848 2 21 0 0 \
	841 2 21 0 0 \
	852 2 21 0 0 \
	849 2 21 0 0 \
	842 2 14 0 0 \
	851 0 0 0 0 \
	845 0 0 0 0
 bh 3
 bp 50
 ra 70
 at 80
 df 80
 mi 50
CM
 im 1
 ma 70
 ca 70
 hs 1
 kw 1
 vp 7
 pl 59314
MI
 ds one of the enlightened
CO
 li research 840
 ar 840 0 0 0 0 0 0 0
 cs 2
 wa 3
 st 1
 ue 5
 de 4
 pr 3

72209 char 0
na Mesmerus the Scribe
il	1 4155 \
	52 1 \
	75 5 \
	85 2 \
	282 8
tl	2 95 100 7 0 0 0 0 \
	2 94 77 4 0 0 0 0
LI
 wh 110722
CH
 lo 53627
 he 100
 lk 2
 lr 1
 sl	680 2 21 3 0 \
	690 2 28 22 0 \
	693 2 21 5 0 \
	682 2 14 25 0 \
	630 2 28 0 0 \
	639 2 21 0 0 \
	694 2 21 1 0 \
	696 2 14 0 0 \
	697 2 28 0 0 \
	650 2 28 0 0 \
	654 2 28 83 0 \
	655 2 14 0 0 \
	695 2 21 1 0
 bh 1
 bp 50
 at 80
 df 80
CM
 vp 1
MI
 ds one of the enlightened
CO
 li breed 282 282
 ar 282 282 0 0 0 0 0 0
 wa 7
 st 1
 ue 1
 pr 3

59328 char 0
na Torgo the Dreadnought
il	1 81 \
	11 6 \
	52 2
tl	2 95 91 7 0 0 0 0 \
	2 94 58 4 0 0 0 0
LI
 wh 110722
CH
 lo 53627
 he 100
 lk 2
 lr 1
 sl	610 2 21 11 0 \
	700 2 21 0 0 \
	703 2 14 113 0 \
	615 2 21 34 0 \
	702 2 14 69 0 \
	704 2 14 63 0 \
	705 2 14 3 0 \
	701 2 14 0 0 \
	613 2 14 24 0 \
	611 2 28 0 0
 bh 2
 bp 50
 at 80
 df 80
 mi 256
MI
 ds one of the enlightened
CO
 li repair
 ar 0 0 0 0 24 0 0 0
 cs 2
 wa -1
 st 1
 ue 4
 de 8
 po 1
 pr 3

74135 char 0
na Ballard the Hunter
il	1 53256 \
	10 143 \
	15 11 \
	16 18 \
	18 271 \
	20 15 \
	22 11 \
	51 310 \
	52 2 \
	61 149 \
	64 93 \
	66 1 \
	68 235 \
	70 2 \
	72 245 \
	73 15 \
	76 2 \
	77 528 \
	79 1 \
	84 71 \
	85 26 \
	94 21 \
	95 27 \
	271 27 \
	282 392 \
	59086 1 \
	62455 1 \
	62687 1 \
	63502 1 \
	66388 1 \
	67255 1 \
	84548 1 \
	90533 1 \
	113341 1 \
	140230 1
tl	2 95 100 7 0 0 0 0
LI
 wh 67006
 hl 65990 
CH
 lo 53627
 he 100
 lk 2
 lr 2
 sl	610 2 21 3 0 \
	650 2 28 0 0 \
	612 2 28 1 0 \
	655 2 14 19 0 \
	652 2 28 0 0 \
	653 2 28 0 0 \
	654 2 28 141 0 \
	611 2 28 0 0 \
	656 2 14 16 0 \
	657 2 21 7 0 \
	630 2 28 0 0 \
	616 2 14 3 0 \
	900 2 42 0 0 \
	911 2 21 2 0 \
	902 2 21 1 0
 ra 50
 at 80
 df 80
CM
 im 1
 ma 3
 ca 3
 vp 7
 pl 59379
MI
 ds one of the enlightened
CO
 li breed 282 282
 ar 282 282 0 0 0 0 0 0
 cs 2
 wa 3
 st 1
 ue 3
 de 3
 pr 3

65990 char 0
na Theorn Bloodaxe
il	1 934 \
	11 3 \
	52 2 \
	54 3 \
	77 3 \
	271 3 \
	291 1
tl	2 95 98 7 0 0 0 0 \
	2 94 70 4 0 0 0 0
LI
 wh 74135
CH
 lo 53627
 he 100
 lk 2
 lr 1
 sl	610 2 21 48 0 \
	617 2 14 63 0 \
	616 2 14 32 0 \
	720 2 21 0 0 \
	721 2 14 0 0 \
	722 2 14 0 0 \
	611 2 28 0 0 \
	614 2 14 28 0 \
	612 2 28 1 0 \
	723 2 14 0 0 \
	613 2 14 49 0 \
	615 2 21 1 0
 at 174
 df 175
 mi 52
MI
 ds one of the enlightened
CO
 li use 613
 ar 0 0 0 0 0 0 0 613
 cs 2
 wa 2
 st 1
 us 613
 ue 5
 de 8
 pr 3

73376 char 0
na Kalamar the Wanderer
il	1 600 \
	84 4 \
	94 1 \
	76010 1
tl	2 95 99 7 0 0 0 0 \
	2 94 46 3 0 0 0 0
LI
 wh 99904
CH
 lo 53627
 he 100
 lk 2
 lr 1
 sl	800 2 28 0 0 \
	802 2 14 115 0 \
	680 2 21 2 0 \
	682 2 14 2 0 \
	750 2 35 0 0 \
	752 2 28 0 0 \
	753 2 21 17 0 \
	756 2 28 11 0 \
	751 2 28 18 0 \
	755 2 28 0 0 \
	754 2 28 0 0
 bp 50
 at 80
 df 80
CM
 im 1
 ma 2
 ca 2
 vp 3
 vi 10270 10273 10372 10382 10439 10443 10541 10581 10589 10691 \
	10696 10788 10798 10890 11089 11091 11171 11271 11371 11394 11482 \
	11496 11593 11681 11695 56814 57200 57357 58462 59168 77473 
MI
 ds one of the enlightened
CO
 li make 94 31
 ar 94 31 31 1 0 0 0 0
 cs 2
 wa -1
 st 1
 ue 5
 de 1
 po 1
 pr 3

74768 char 0
na Josef of Javan
il	1 128 \
	51 23 \
	52 2 \
	63848 1
tl	2 94 96 4 0 0 0 0 \
	2 95 100 7 0 0 0 0
LI
 wh 57646
CH
 lo 53627
 he 100
 lk 2
 lr 1
 sl	610 2 21 48 0 \
	612 2 28 1 0 \
	630 2 28 0 0 \
	639 2 21 0 0 \
	641 2 28 1 0 \
	635 2 28 0 0 \
	611 2 28 0 0 \
	617 2 14 0 0 \
	650 2 28 0 0 \
	653 2 28 0 0 \
	652 2 28 0 0 \
	655 2 14 49 0
 bh 1
 at 80
 df 80
CM
 hs 1
 vp 1
MI
 ds one of the enlightened
CO
 li move k006
 ar 67006 0 0 0 0 0 0 0
 wa -1
 st 1
 ue 1
 pr 2

