54028 player pl_regular
na Mystic Sages
il	1 350 \
	77 10
CH
PL
 fn Andrew Simons
 em deraddler@juno.com
 ve brama@wa.freei.net
 pw Waterdeep
 ft 107
 lt 260
 kn 69 600 601 602 603 610 611 612 613 614 \
	615 616 617 630 631 632 633 634 635 636 637 \
	639 641 650 651 652 653 654 655 656 657 658 \
	659 661 670 671 672 673 674 675 676 680 681 \
	682 690 691 692 693 694 695 696 697 700 701 \
	702 703 704 705 706 707 720 721 722 723 730 \
	731 732 733 750 751 752 753 754 755 756 800 \
	801 802 803 804 805 806 807 808 809 811 812 \
	813 814 820 821 822 823 824 825 826 827 828 \
	829 831 832 833 840 841 842 843 844 845 846 \
	847 848 849 851 852 860 861 862 863 864 865 \
	866 867 868 869 871 872 880 881 882 883 884 \
	885 886 887 888 889 891 892 893 894 900 901 \
	902 903 904 905 906 907 908 909 911 2505 3158 \
	4952 6330 7778 8264 9548 10420 10520 10521 10522 10523 10524 \
	10525 10620 10621 10622 10623 10624 10625 10723 10724 10725 10825 \
	10922 10923 10924 10925 11022 11115 11116 11117 11118 11119 11120 \
	11121 11122 11214 11215 11312 11313 11314 11409 11410 11411 11412 \
	11502 11503 11504 11505 11506 11507 11508 11509 11602 11702 11802 \
	11902 12002 12102 12202 12302 12400 12401 12402 12499 12599 12699 \
	12799 12899 12999 13099 13199 13299 13399 13499 13599 13699 13799 \
	13899 13999 14099 14199 14299 14399 14499 14599 14699 14799 14899 \
	14999 15099 15199 15299 15397 15398 15399 15497 15597 15697 15746 \
	15747 15748 15794 15795 15796 15797 15846 15848 15854 15894 15946 \
	15948 15949 15950 15951 15952 15953 15954 15955 15956 15957 15958 \
	15959 15960 15994 16031 16032 16033 16034 16035 16036 16037 16038 \
	16039 16040 16041 16042 16043 16044 16045 16046 16047 16048 16049 \
	16050 16051 16052 16053 16054 16060 16094 16135 16144 16145 16146 \
	16147 16148 16154 16160 16194 16235 16239 16240 16241 16242 16243 \
	16244 16245 16246 16247 16248 16254 16259 16260 16294 16335 16336 \
	16337 16338 16339 16340 16341 16342 16343 16344 16345 16346 16348 \
	16349 16354 16359 16394 16435 16436 16437 16438 16439 16440 16441 \
	16442 16443 16444 16445 16446 16447 16448 16449 16454 16459 16494 \
	16535 16536 16537 16538 16539 16540 16541 16542 16543 16544 16545 \
	16546 16547 16548 16549 16554 16559 16594 16634 16635 16636 16637 \
	16638 16639 16640 16641 16642 16643 16644 16645 16646 16647 16648 \
	16649 16650 16651 16652 16653 16654 16659 16690 16691 16692 16693 \
	16694 16735 16736 16737 16738 16739 16740 16741 16742 16743 16744 \
	16745 16746 16747 16748 16749 16750 16751 16752 16753 16754 16755 \
	16756 16757 16758 16759 16778 16779 16780 16781 16782 16783 16784 \
	16785 16786 16787 16788 16789 16790 16839 16840 16841 16842 16843 \
	16844 16845 16846 16847 16848 16849 16850 16851 16852 16853 16854 \
	16855 16856 16857 16858 16859 16874 16875 16876 16878 16940 16941 \
	16942 16943 16944 16945 16946 16947 16948 16949 16950 16951 16952 \
	16953 16954 16955 16956 16957 16972 16973 16974 16976 16977 16978 \
	17040 17041 17042 17043 17044 17045 17046 17047 17048 17049 17050 \
	17072 17078 17144 17145 17146 17147 17148 17150 17167 17168 17169 \
	17170 17171 17172 17250 17251 17252 17253 17254 17255 17256 17257 \
	17258 17259 17260 17261 17262 17263 17264 17265 17266 17267 41510 \
	57096 57149 57190 57265 57346 57371 57501 57541 57544 57737 57855 \
	57915 57933 58052 58056 58112 58139 58178 58216 58324 58335 58351 \
	58380 58502 59203 59981 60298 60568 61117 62534 65593 66963 68431 \
	68717 69212 69543 69670 70045 71018 71030 71830 72331 72610 72671 \
	72820 72826 73475 73655 73713 74142 75090 75142 76225 77417 77784 \
	78646 78991 79008 129522 130584 138370 145454 
 un 68652 64065 60356 71347 89943 75321 61788 95098 72387 \
	72539 
 uf 104166 119942 108150 129992 114347 
 am 64056 0 56033 
 am 72826 0 56033 
 am 77784 0 56033 
CO
 li accept 0 0
 ar 0 0 0 0 0 0 0 0
 st 1

68652 char 0
na Aaron the Elder
il	1 2625 \
	54 2 \
	82 1 \
	84 4 \
	59361 1 \
	60137 1 \
	64704 1 \
	65429 1 \
	65451 1 \
	67427 1 \
	69604 1 \
	70956 1 \
	72857 1 \
	117110 1 \
	127094 1 \
	145133 1
tl	2 87 942 2 0 0 0 0 \
	2 94 970 4 0 0 0 0
LI
 wh 1114
CH
 lo 54028
 he 100
 lk 2
 lr 2
 sl	800 2 28 0 0 \
	610 2 21 21 0 \
	630 2 28 0 0 \
	860 2 35 0 0 \
	802 2 14 71 0 \
	900 2 42 0 0 \
	631 2 14 10 0 \
	901 2 28 0 0 \
	804 2 21 0 0 \
	611 2 28 0 0 \
	617 2 14 8 0 \
	801 2 14 0 0 \
	862 2 14 4 0 \
	615 2 21 13 0 \
	903 2 21 1 0 \
	807 2 21 1 0 \
	814 2 21 0 0 \
	905 2 21 0 0 \
	806 2 21 0 0 \
	880 2 42 0 0 \
	633 2 14 2 0 \
	803 2 14 1 0 \
	805 2 14 0 0 \
	861 2 14 0 0 \
	670 2 28 0 0 \
	690 2 28 0 0 \
	695 2 21 1 0 \
	812 2 21 0 0 \
	813 2 21 0 0 \
	863 2 14 0 0 \
	864 2 14 0 0 \
	865 2 14 0 0 \
	866 2 14 0 0 \
	867 2 21 0 0 \
	868 2 21 0 0 \
	869 2 14 0 0 \
	871 2 21 0 0 \
	872 2 21 0 0 \
	909 2 21 0 0 \
	809 2 21 0 0 \
	881 2 14 0 0 \
	902 2 21 5 0 \
	614 2 14 4 0 \
	808 2 21 0 0 \
	641 1 0 0 0 \
	639 1 6 0 0 \
	904 2 21 0 0 \
	884 2 28 0 0 \
	894 2 21 0 0 \
	893 2 21 0 0 \
	887 2 21 0 0 \
	906 2 21 0 0 \
	911 2 21 0 0 \
	811 2 21 0 0 \
	885 2 14 0 0 \
	888 2 21 0 0 \
	892 2 21 0 0 \
	886 2 14 0 0 \
	907 2 21 0 0 \
	908 2 28 0 0 \
	889 2 21 0 0 \
	891 1 7 0 0 \
	820 2 35 0 0 \
	840 2 35 0 0 \
	832 2 21 0 0 \
	829 2 21 0 0 \
	851 2 21 0 0 \
	831 2 28 0 0 \
	833 2 21 0 0 \
	849 2 21 0 0 \
	847 1 3 0 0 \
	852 2 21 0 0 \
	823 1 0 0 0 \
	822 1 0 0 0 \
	821 1 0 0 0 \
	882 1 0 0 0 \
	883 1 0 0 0 \
	841 1 0 0 0 \
	844 1 0 0 0
 bh 9
 bp 50
 at 80
 df 100
 mi 106
CM
 im 1
 ma 57
 ca 57
 kw 1
CO
 li use 902 906
 ar 906 0 0 0 0 0 0 902
 cs 2
 wa 10
 st 1
 us 902
 ue 2
 de 11
 pr 3

64065 char 0
na Bertram Ashwood
il	1 1745 \
	54 2 \
	68317 1 \
	89096 1 \
	117710 1 \
	129985 1 \
	137574 1
tl	2 95 82 7 0 0 0 0
an 6662 
LI
 wh 1114
CH
 lo 54028
 he 100
 lk 2
 lr 1
 sl	610 2 21 11 0 \
	800 2 28 0 0 \
	802 2 14 50 0 \
	611 2 28 0 0 \
	615 2 21 9 0 \
	614 2 14 10 0 \
	630 2 28 0 0 \
	820 2 35 0 0 \
	821 2 21 0 0 \
	822 2 21 0 0 \
	823 2 21 4 0 \
	801 2 14 0 0 \
	827 2 21 0 0 \
	829 2 21 0 0 \
	824 2 21 0 0 \
	803 2 14 0 0 \
	825 2 21 0 0 \
	831 2 28 0 0 \
	826 2 21 0 0 \
	833 2 21 0 0 \
	832 2 21 1 0 \
	804 2 21 0 0 \
	612 2 28 0 0 \
	828 2 21 1 0 \
	840 2 35 0 0 \
	841 2 21 0 0 \
	805 2 14 0 0 \
	631 2 14 0 0 \
	814 2 21 0 0 \
	808 2 21 0 0 \
	641 2 28 0 0 \
	639 2 21 0 0 \
	807 2 21 0 0 \
	809 2 21 0 0 \
	813 2 21 0 0 \
	812 2 21 0 0 \
	806 2 21 0 0 \
	811 2 21 0 0 \
	851 2 21 0 0 \
	844 2 21 6 0 \
	845 2 21 0 0 \
	842 2 14 0 0 \
	843 2 21 0 0 \
	852 2 21 0 0 \
	848 2 21 0 0 \
	849 2 21 0 0 \
	846 2 21 0 0 \
	847 2 21 0 0 \
	900 2 42 0 0 \
	901 2 28 0 0 \
	616 2 14 0 0 \
	908 1 0 0 0 \
	909 1 7 0 0 \
	911 2 21 0 0 \
	907 1 0 0 0
 bh 9
 bp 50
 at 80
 df 122
 mi 100
CM
 im 1
 ma 42
 ca 42
 kw 1
MI
 ds Mystic Sage
CO
 li collect 277 0 0
 ar 277 0 0 10 0 0 0 0
 cs 2
 wa -1
 st 1
 ue 5
 de 1
 po 1
 pr 3

60356 char 0
na Berak Brightaxe
il	1 11056 \
	11 5 \
	54 28 \
	64 3 \
	72 25 \
	74 29 \
	75 27 \
	84 7 \
	95 18 \
	59763 1 \
	65735 1 \
	71111 1 \
	71117 1 \
	72280 1 \
	73675 1 \
	77941 1 \
	128175 1 \
	128977 46 \
	137239 1 \
	147443 1
tl	2 95 10000 9 0 0 0 0 \
	2 149166 9968 124 0 0 0 0 \
	2 94 9831 4 0 0 0 0 \
	2 76588 5974 134 0 0 0 0
ah 6662 
LI
 wh 1114
CH
 lo 54028
 he 100
 lk 1
 lr 196
 sl	610 2 21 13 0 \
	614 2 14 24 0 \
	612 2 28 1 0 \
	617 2 14 10 0 \
	611 2 28 0 0 \
	615 2 21 25 0 \
	616 2 14 16 0 \
	613 2 14 0 0 \
	630 2 28 0 0 \
	680 2 21 0 0 \
	720 2 21 0 0 \
	730 2 21 0 0 \
	690 2 28 0 0 \
	600 2 21 0 0 \
	670 2 28 0 0 \
	700 2 21 0 0 \
	732 2 14 1 0 \
	650 2 28 0 0 \
	721 2 14 0 0 \
	733 2 14 3 0 \
	641 2 28 0 0 \
	654 2 28 21 0 \
	675 2 21 0 0 \
	676 2 14 0 0 \
	639 2 21 0 0 \
	707 2 14 0 0 \
	657 2 21 0 0 \
	695 2 21 0 0 \
	658 2 21 0 0 \
	652 2 28 0 0 \
	653 2 28 0 0 \
	659 2 21 0 0 \
	661 2 21 0 0 \
	655 2 14 0 0 \
	651 2 21 0 0 \
	671 2 14 0 0 \
	656 2 14 0 0 \
	701 1 0 0 0 \
	702 1 0 0 0 \
	703 1 0 0 0 \
	704 1 7 0 0 \
	705 1 0 0 0
 at 158
 df 156
 mi 91
CO
 li breed 54 54
 ar 54 54 0 0 0 0 0 0
 cs 2
 wa 4
 st 1
 ue 1
 de 2
 pr 3

71347 char 0
na Camber of Culdi
il	1 16552 \
	54 71 \
	84 16 \
	59740 1 \
	61713 1 \
	63328 1 \
	66869 1 \
	70462 1 \
	73675 12 \
	76588 156 \
	77735 27 \
	77808 1 \
	84344 1 \
	91566 1 \
	134845 1
tl	2 95 891 7 0 0 0 0 \
	2 94 540 4 0 0 0 0 \
	1 76588 9687 39 0 0 0 0 \
	2 76588 9869 134 0 0 0 0 \
	1 64310 9862 44 0 0 0 0 \
	2 64310 9862 96 0 0 0 0
LI
 wh 16445
CH
 lo 54028
 he 100
 lk 3
 lr 21
 sl	610 2 21 4 0 \
	750 2 35 3 0 \
	630 2 28 0 0 \
	755 2 28 0 0 \
	690 2 28 0 0 \
	700 2 21 0 0 \
	752 2 28 0 0 \
	680 2 21 1 0 \
	756 2 28 1 0 \
	751 2 28 1 0 \
	670 2 28 0 0 \
	636 2 14 0 0 \
	754 2 28 0 0 \
	671 2 14 0 0 \
	633 2 14 1 0 \
	641 2 28 0 0 \
	637 2 21 0 0 \
	639 2 21 0 0 \
	753 2 21 2 0 \
	695 2 21 2 0 \
	702 2 14 2 0 \
	706 2 14 0 0 \
	614 2 14 6 0 \
	611 2 28 0 0 \
	675 2 21 0 0 \
	707 2 14 0 0 \
	703 2 14 0 0 \
	705 2 14 0 0 \
	730 2 21 0 0 \
	732 2 14 2 0 \
	733 2 14 1 0 \
	682 2 14 0 0 \
	691 2 21 0 0 \
	731 2 14 0 0 \
	692 2 21 0 0
 bh 9
 bp 50
 at 80
 df 121
CM
 pr 1
 vp 1
 vi 61297 
CO
 li give m652 91566 1
 ar 68652 91566 1 0 0 0 0 0
 ue 2
 pr 1

89943 char 0
na Diana
il	1 6219 \
	82 48 \
	60902 116 \
	76777 120
tl	2 95 9722 7 0 0 0 0
LI
 wh 4943
CH
 lo 54028
 he 100
 lk 1
 lr 195
 sl	730 2 21 0 0 \
	610 2 21 0 0 \
	630 2 28 0 0 \
	680 2 21 0 0 \
	700 2 21 0 0 \
	614 2 14 11 0 \
	690 2 28 0 0 \
	670 2 28 0 0 \
	639 2 21 0 0 \
	641 2 28 0 0 \
	611 2 28 0 0 \
	616 2 14 12 0 \
	732 2 14 0 0 \
	733 2 14 0 0 \
	682 2 14 0 0 \
	731 2 14 0 0 \
	720 2 21 0 0 \
	612 2 28 0 0 \
	721 2 14 0 0 \
	722 2 14 0 0 \
	617 2 14 0 0 \
	615 1 7 0 0 \
	633 2 14 0 0 \
	671 2 14 0 0 \
	672 1 0 0 0 \
	673 1 0 0 0 \
	674 1 0 0 0
 bh 9
 bp 50
 at 119
 df 112
CO
 li use 614
 ar 614 0 0 0 0 0 0 0
 cs 1
 wa -1
 st 1
 ue 2
 po 1
 pr 3

75321 char 0
na Odysseus
il	1 7838 \
	54 6 \
	69 1
LI
 wh 4943
CH
 lo 54028
 he 100
 lk 2
 lr 1
 sl	610 2 21 12 0 \
	650 2 28 0 0 \
	654 2 28 95 0 \
	655 2 14 19 0 \
	656 2 14 19 0 \
	652 2 28 0 0 \
	611 2 28 0 0 \
	690 2 28 0 0 \
	612 2 28 1 0 \
	653 2 28 0 0 \
	614 2 14 3 0 \
	657 2 21 11 0 \
	616 2 14 1 0 \
	658 2 21 0 0 \
	659 2 21 0 0 \
	695 2 21 3 0 \
	651 2 21 0 0 \
	691 2 21 0 0 \
	692 2 21 0 0 \
	617 2 14 0 0 \
	693 2 21 0 0 \
	615 2 21 0 0 \
	613 2 14 0 0 \
	730 2 21 0 0
 at 84
 df 90
 mi 50
CM
 pl 61373
CO
 li breed 54 54
 ar 54 54 0 0 0 0 0 0
 cs 2
 wa 1
 st 1
 ue 3
 de 5
 pr 3

61788 char 0
na Neil Torgalsen
il	1 34479 \
	54 78 \
	95 18 \
	76777 46
tl	2 95 901 7 0 0 0 0 \
	1 76777 9678 90 0 0 0 0 \
	2 76777 9724 145 0 0 0 0
LI
 wh 4943
CH
 lo 54028
 he 100
 lk 1
 lr 400
 sl	680 2 21 5 0 \
	700 2 21 0 0 \
	702 2 14 15 0 \
	704 2 14 22 0 \
	610 2 21 5 0 \
	630 2 28 0 0 \
	614 2 14 22 0 \
	703 2 14 22 0 \
	617 2 14 22 0 \
	631 2 14 0 0 \
	615 2 21 19 0 \
	690 2 28 0 0 \
	682 2 14 3 0 \
	611 2 28 0 0 \
	633 2 14 0 0 \
	730 2 21 0 0 \
	720 2 21 0 0 \
	731 2 14 0 0 \
	732 2 14 2 0 \
	733 2 14 1 0 \
	695 2 21 0 0 \
	612 2 28 0 0 \
	721 2 14 0 0 \
	639 2 21 0 0 \
	641 2 28 0 0 \
	616 2 14 3 0 \
	722 2 14 0 0 \
	694 1 0 0 0 \
	696 1 0 0 0 \
	723 1 0 0 0 \
	697 1 0 0 0
 bh 9
 bp 50
 at 97
 df 155
 mi 134
CM
 pl 78495
CO
 li wait item w777 90
 ar 0 76777 90 0 0 0 0 0
 cs 2
 wa -1
 st 1
 ue 1
 de 17
 po 1
 pr 1

95098 char 0
na Angus MacKenzie
il	1 1814 \
	11 10 \
	13 7 \
	15 28 \
	16 15 \
	20 11 \
	21 25 \
	22 137 \
	64 14 \
	72 25 \
	73 25 \
	74 114 \
	75 46 \
	79 71 \
	84 15 \
	85 62 \
	94 2 \
	295 1 \
	60143 1 \
	60695 21 \
	61037 1 \
	63635 7 \
	63775 1 \
	69969 1 \
	71696 1 \
	73616 1 \
	82437 1 \
	106396 1 \
	128977 138 \
	133330 1 \
	142393 1 \
	143017 1
LI
 wh 138370
CH
 lo 54028
 he 100
 lk 2
 lr 1
 sl	610 2 21 4 0 \
	630 2 28 0 0 \
	680 2 21 0 0 \
	720 2 21 0 0 \
	730 2 21 0 0 \
	616 2 14 35 0 \
	612 2 28 1 0 \
	614 2 14 17 0 \
	615 2 21 25 0 \
	682 2 14 0 0 \
	631 2 14 0 0 \
	721 2 14 0 0 \
	723 2 14 0 0 \
	611 2 28 0 0 \
	733 2 14 0 0 \
	690 2 28 0 0 \
	700 1 7 0 0 \
	639 1 0 0 0 \
	641 2 28 0 0 \
	617 2 14 0 0 \
	695 2 21 0 0 \
	694 1 0 0 0 \
	696 1 0 0 0 \
	697 1 0 0 0 \
	722 1 0 0 0
 ra 70
 at 237
 df 150
 mi 139
CO
 li train 22 0
 ar 22 0 0 10 0 0 0 0
 cs 2
 wa -1
 st 1
 ue 4
 de 10
 po 1
 pr 3

72387 char 0
na Karnak Stonehammer
il	1 45 \
	83 1 \
	60902 12
tl	2 95 833 7 0 0 0 0 \
	1 60902 4968 120 0 0 0 0 \
	2 76777 9954 145 0 0 0 0 \
	2 60902 9980 201 0 0 0 0
LI
 wh 16642
CH
 lo 54028
 he 100
 lk 3
 lr 44
 sl	720 2 21 0 0 \
	610 2 21 21 0 \
	615 2 21 23 0 \
	630 2 28 0 0 \
	631 2 14 5 0 \
	614 2 14 31 0 \
	721 2 14 19 0 \
	722 2 14 17 0 \
	617 2 14 14 0 \
	680 2 21 6 0 \
	690 2 28 0 0 \
	682 2 14 17 0 \
	723 2 14 12 0 \
	697 2 28 0 0 \
	612 2 28 1 0 \
	616 2 14 20 0 \
	681 2 14 0 0 \
	694 2 21 0 0 \
	691 2 21 0 0 \
	692 2 21 0 0 \
	695 2 21 4 0 \
	693 2 21 0 0 \
	696 2 14 0 0 \
	613 2 14 0 0 \
	611 2 28 0 0 \
	730 2 21 0 0 \
	731 2 14 0 0 \
	733 2 14 2 0 \
	732 2 14 2 0 \
	632 2 14 0 0 \
	633 2 14 0 0 \
	639 2 21 0 0 \
	641 2 28 0 0 \
	634 2 14 0 0 \
	700 2 21 0 0 \
	701 2 14 0 0 \
	702 2 14 0 0 \
	703 2 14 0 0 \
	704 2 14 0 0
 bh 5
 at 163
 df 176
 mi 140
CO
 li use 616
 ar 0 0 0 0 0 0 0 616
 cs 2
 wa 3
 st 1
 us 616
 ue 3
 de 3
 pr 3

72539 char 0
na Jamal the Wanderer
il	1 9273 \
	19 8
tl	2 95 32 7 0 0 0 0 \
	2 87 441 2 0 0 0 0
LI
 wh 57190
CH
 lo 54028
 he 100
 lk 2
 lr 1
 sl	610 2 21 15 0 \
	700 2 21 0 0 \
	703 2 14 4 0 \
	702 2 14 12 0 \
	690 2 28 7 0 \
	615 2 21 48 0 \
	630 2 28 0 0 \
	600 2 21 0 0 \
	670 2 28 0 0 \
	603 2 14 8 0 \
	601 2 14 10 0 \
	614 2 14 47 0 \
	680 2 21 0 0 \
	682 2 14 5 0 \
	611 2 28 0 0 \
	612 2 28 1 0 \
	616 2 14 63 0 \
	617 2 14 13 0 \
	671 2 14 0 0 \
	602 2 14 0 0 \
	693 2 21 0 0 \
	691 2 21 0 0 \
	701 2 14 0 0 \
	692 2 21 0 0 \
	613 2 14 0 0 \
	681 2 14 0 0 \
	672 2 21 0 0 \
	673 2 14 0 0 \
	631 2 14 0 0 \
	632 2 14 0 0 \
	633 2 14 0 0 \
	674 2 21 0 0 \
	704 2 14 0 0 \
	634 2 14 0 0 \
	635 2 28 0 0 \
	695 2 21 1 0 \
	705 2 14 0 0 \
	720 2 21 0 0 \
	730 2 21 0 0 \
	733 2 14 0 0 \
	731 2 14 0 0 \
	732 2 14 0 0 \
	723 2 14 0 0 \
	721 2 14 0 0 \
	722 2 14 0 0 \
	696 2 14 0 0 \
	697 2 28 0 0 \
	694 2 21 0 0 \
	639 2 21 0 0 \
	641 2 28 0 0
 bh 1
 at 375
 df 301
 mi 236
CM
 pl 61373
CO
 li use 615
 ar 0 0 0 0 0 0 0 615
 st 1
 us 615
 ue 5
 de 6
 pr 3

