54032 player pl_regular
na The Navigators
il	1 1777
PL
 fn Ian Sparks
 em ianjsparks@yahoo.co.uk
 pw cosbydog
 np 6
 fs 84
 ft 113
 fo 1
 nt 1
 lt 257
 kn 69 600 610 611 612 613 614 615 616 617 \
	630 631 632 633 650 653 654 655 656 670 671 \
	680 681 682 690 691 692 693 700 701 702 703 \
	704 705 720 721 722 723 730 733 750 751 752 \
	753 754 755 756 800 801 802 803 804 805 814 \
	820 821 840 843 845 847 848 851 852 860 861 \
	862 863 867 871 880 900 15046 15047 15048 15049 15050 \
	15051 15052 15053 15054 15055 15146 15155 15246 15255 15346 15355 \
	15446 15455 15546 15547 15548 15549 15550 15551 15552 15553 15554 \
	15555 15646 15647 15648 15649 15652 15655 15656 15746 15749 15752 \
	15755 15846 15849 15850 15851 15852 15853 15854 15855 15946 15952 \
	15955 16046 16048 16052 16055 16144 16145 16146 16147 16148 16149 \
	16150 16151 16152 16153 16154 16155 16156 16244 16246 16252 16255 \
	16256 16344 16346 16350 16351 16352 16353 16354 16355 16356 16444 \
	16445 16446 16447 16448 16449 16450 16451 16452 16453 16454 16455 \
	16456 16457 16458 16459 16460 16461 16462 16463 16546 16550 16553 \
	16554 16555 16556 16557 16561 16645 16646 16647 16650 16655 16656 \
	16657 16745 16746 16747 16748 16750 16755 16756 16845 16847 16848 \
	16850 16855 16856 16944 16945 16946 16947 16948 16949 16950 16951 \
	16952 16953 16954 16955 16956 25623 56867 57190 57355 57541 57568 \
	57855 57933 58216 58335 58348 58351 58502 59042 62194 62779 64173 \
	64798 67873 70677 74324 75090 90645 
 un 107799 148989 99523 60742 77427 129749 80094 81134 
 uf 114770 114735 109988 117382 91006 
 am 74324 0 67103 
CO
 li admit t324 k103
 ar 0 0 0 0 0 0 0 0
 st 1

107799 char 0
na Adrian
il	1 1 \
	11 4 \
	54 1
LI
 wh 16355
CH
 lo 54032
 he 100
 lk 2
 lr 1
 sl	610 2 21 12 0 \
	800 2 28 0 0 \
	802 2 14 7 0 \
	616 2 14 0 0
 bp 50
 at 80
 df 80
CM
 im 1
 ma 2
 ca 2
CO
 li stack 148989
 ar 148989 0 0 0 0 0 0 0
 ue 2
 pr 1

148989 char 0
na Eaan Skar
tl	2 94 15 3 0 0 0 0
LI
 wh 74324
CH
 lo 54032
 he 100
 lk 2
 lr 2
 sl	610 2 21 4 0 \
	860 2 35 0 0 \
	680 2 21 1 0 \
	800 2 28 0 0 \
	611 2 28 0 0 \
	802 2 14 20 0 \
	862 2 14 1 0 \
	803 2 14 1 0 \
	801 2 14 0 0 \
	804 2 21 0 0 \
	861 2 14 0 0 \
	805 2 14 0 0 \
	871 2 21 0 0 \
	867 2 21 0 0 \
	814 2 21 0 0 \
	863 2 14 0 0 \
	614 2 14 46 0 \
	612 2 28 0 0 \
	681 2 14 0 0 \
	613 2 14 0 0 \
	617 2 14 6 0 \
	616 2 14 8 0
 bp 50
 at 183
 df 484
CM
 im 1
 ma 13
 ca 13
 pl 61373
CO
 li surrender k103
 ar 67103 0 0 0 0 0 0 0
 wa 1
 st 1
 ue 2
 pr 1

99523 char 0
na Cecil
il	1 2010 \
	59201 1 \
	61446 1 \
	65357 1 \
	73936 1 \
	76686 1 \
	78519 1 \
	78546 1 \
	101949 1
tl	2 94 50 3 0 0 0 0 \
	2 85 10 10 0 0 0 0
LI
 wh 74324
 hl 60742 
CH
 lo 54032
 he 100
 lk 2
 lr 1
 sl	610 2 21 9 0 \
	617 2 14 13 0 \
	615 2 21 31 0 \
	611 2 28 0 0 \
	612 2 28 0 0 \
	614 2 14 24 0 \
	630 2 28 0 0 \
	670 2 28 0 0 \
	671 2 14 0 0 \
	840 2 35 0 0 \
	843 1 15 0 0 \
	848 1 1 0 0 \
	847 2 21 0 0 \
	852 2 21 0 0 \
	851 1 1 0 0 \
	845 1 1 0 0
 bh 9
 bp 50
 at 80
 df 273
 mi 335
CM
 im 1
 ma 3
 ca 3
CO
 li stack 148989
 ar 148989 0 0 0 0 0 0 0
 st 1
 ue 4
 pr 1

60742 char 0
na Mhorghaidh
il	1 1900
tl	2 94 405 4 0 0 0 0
LI
 wh 99523
CH
 lo 54032
 he 100
 lk 3
 lr 59
 sl	610 2 21 4 0 \
	617 2 14 4 0 \
	750 2 35 0 0 \
	751 2 28 7 0 \
	753 2 21 7 0 \
	752 2 28 0 0 \
	756 2 28 7 0 \
	754 2 28 0 0 \
	755 2 28 0 0 \
	630 2 28 0 0 \
	690 2 28 0 0 \
	691 2 21 0 0 \
	692 2 21 0 0 \
	680 2 21 1 0 \
	682 2 14 2 0 \
	612 2 28 0 0 \
	616 2 14 2 0 \
	615 2 21 3 0 \
	614 2 14 11 0 \
	611 2 28 0 0 \
	693 2 21 0 0 \
	631 2 14 0 0 \
	632 2 14 0 0
 bh 9
 bp 50
 at 93
 df 181
 mi 76
CM
 vp 3
 vi 16754 100455 
CO
 li stack 148989
 ar 148989 0 0 0 0 0 0 0
 st 1
 ue 2
 pr 1

77427 char 0
na Ikarus
tl	2 94 83 4 0 0 0 0
LI
 wh 57355
CH
 lo 54032
 pl 100
 he 100
 lk 3
 lr 68
 sl	680 2 21 13 0 \
	720 2 21 0 0 \
	682 2 14 21 0 \
	721 2 14 28 0 \
	722 2 14 30 0 \
	723 2 14 5 0 \
	610 2 21 28 0 \
	617 2 14 18 0 \
	612 2 28 2 0 \
	614 2 14 3 0 \
	616 2 14 5 0 \
	615 2 21 2 0 \
	700 2 21 0 0 \
	630 2 28 0 0 \
	702 2 14 7 0 \
	613 2 14 0 0 \
	631 2 14 0 0 \
	681 2 14 0 0 \
	701 2 14 0 0 \
	632 2 14 0 0 \
	633 2 14 0 0
 at 97
 df 103
 mi 58
MI
 ds into the sun...
CO
 li stack 148989
 ar 148989 0 0 0 0 0 0 0
 ue 4
 pr 1

129749 char 0
na Dimitri
il	1 2199 \
	54 1 \
	60426 1 \
	67602 1 \
	68158 1 \
	71376 1 \
	72162 1 \
	81236 1 \
	84089 1 \
	88291 1 \
	103083 1
tl	1 79 5 100 0 0 0 0
LI
 wh 57355
CH
 lo 54032
 he 100
 lk 2
 lr 1
 sl	800 2 28 0 0 \
	802 2 14 15 0 \
	730 2 21 0 0 \
	733 2 14 0 0 \
	610 2 21 16 0 \
	820 2 35 0 0 \
	611 2 28 0 0 \
	614 2 14 0 0 \
	821 2 21 0 0 \
	801 2 14 0 0 \
	670 2 28 0 0 \
	690 2 28 0 0 \
	880 2 42 0 0 \
	900 1 1 0 0
 bp 50
 at 80
 df 80
CM
 im 1
 ma 6
 ca 6
 kw 1
CO
 li stack 148989
 ar 148989 0 0 0 0 0 0 0
 ue 3
 pr 1

80094 char 0
na Sigmund
il	1 1863 \
	11 11 \
	52 13 \
	72 105
tl	2 95 7 4 0 0 0 0 \
	2 94 40 3 0 0 0 0
LI
 wh 57355
CH
 lo 54032
 he 100
 lk 2
 lr 1
 sl	680 2 21 2 0 \
	700 2 21 0 0 \
	610 2 21 5 0 \
	702 2 14 11 0 \
	704 2 14 0 0 \
	682 2 14 12 0 \
	703 2 14 36 0 \
	611 2 28 0 0 \
	612 2 28 0 0 \
	705 2 14 0 0 \
	701 2 14 0 0 \
	614 2 14 8 0 \
	617 2 14 23 0
 bp 50
 at 80
 df 158
CO
 li stack 148989
 ar 148989 0 0 0 0 0 0 0
 ue 2
 pr 1

81134 char 0
na Ivan
il	1 4369 \
	282 18
tl	2 94 50 3 0 0 0 0
LI
 wh 16555
CH
 lo 54032
 he 100
 lk 2
 lr 1
 sl	610 2 21 3 0 \
	600 2 21 0 0 \
	630 2 28 0 0 \
	631 2 14 7 0 \
	612 2 28 2 0 \
	616 2 14 3 0 \
	650 2 28 0 0 \
	654 2 28 77 0 \
	655 2 14 9 0 \
	656 2 14 15 0 \
	653 2 28 0 0 \
	670 2 28 0 0 \
	671 2 14 0 0
 bp 50
 at 104
 df 80
CO
 li stack 148989
 ar 148989 0 0 0 0 0 0 0
 ue 2
 pr 1

