54082 player pl_regular
na Sisterhood
il	1 1261 \
	77 35 \
	78 60
CH
PL
 fn D. Scoledge
 em jdgbobr@io.com
 ve DScoledge@AOL.com
 pw Northanger Abbey
 np 28
 ft 71
 nt 1
 so 1
 lt 259
 kn 69 600 601 610 611 612 613 614 615 616 \
	617 630 631 632 633 634 635 636 637 639 641 \
	650 651 652 653 654 656 670 671 672 673 674 \
	680 681 682 690 691 693 700 702 703 704 705 \
	720 721 800 801 802 803 804 805 806 807 808 \
	809 811 812 813 814 820 821 822 823 824 825 \
	826 827 828 829 831 832 833 840 841 842 843 \
	844 845 846 847 848 849 851 852 860 861 862 \
	863 864 865 866 867 868 869 871 872 880 881 \
	882 883 884 885 886 887 888 889 891 892 893 \
	894 900 902 903 904 905 906 907 908 909 911 \
	1140 2295 4284 7498 7742 9301 14417 14418 14419 14420 14421 \
	14422 14423 14424 14425 14426 14427 14517 14524 14527 14617 14624 \
	14627 14717 14724 14727 14728 14817 14824 14828 14917 14924 14928 \
	15017 15024 15028 15117 15124 15128 15217 15224 15228 15317 15324 \
	15328 15417 15424 15428 15517 15523 15524 15525 15526 15527 15528 \
	15617 15623 15624 15625 15626 15627 15628 15717 15723 15724 15725 \
	15726 15727 15728 15817 15823 15824 15825 15827 15828 15917 15923 \
	15924 15925 15926 15927 15928 16017 16023 16024 16025 16027 16028 \
	16117 16123 16124 16125 16127 16128 16129 16208 16209 16217 16218 \
	16219 16220 16221 16222 16223 16224 16225 16308 16317 16324 16408 \
	16417 16424 16507 16508 16517 16524 16607 16617 16624 16707 16717 \
	16724 16807 16815 16816 16817 16818 16819 16820 16821 16822 16823 \
	16824 16900 16901 16902 16903 16904 16905 16906 16907 16908 16909 \
	16910 16911 16912 16913 16914 16915 16917 17000 17007 17015 17017 \
	17100 17107 17115 17117 17200 17207 17215 17217 17300 17307 17313 \
	17315 17317 17393 17394 17399 17400 17407 17408 17409 17410 17411 \
	17412 17413 17415 17417 17493 17494 17495 17496 17497 17499 17507 \
	17508 17509 17511 17512 17515 17517 17587 17588 17589 17590 17591 \
	17592 17593 17594 17595 17596 17597 17598 17599 17606 17607 17608 \
	17609 17610 17611 17612 17613 17614 17615 17616 17617 17620 17621 \
	17687 17690 17692 17693 17694 17695 17696 17697 17698 17700 17701 \
	17702 17703 17704 17705 17706 17707 17708 17709 17710 17711 17712 \
	17713 17714 17715 17716 17717 17718 17719 17720 17721 17722 17787 \
	17788 17789 17790 17791 17792 17793 17794 17795 17796 17797 17798 \
	17799 17800 17801 17802 17803 17804 17805 17806 17807 17808 17809 \
	17810 17811 17812 17813 17814 17815 17816 17817 17819 17820 17821 \
	17887 17888 17889 17890 17891 17892 17893 17894 17895 17896 17897 \
	17898 17899 17900 17901 17902 17903 17904 17905 17906 17907 17908 \
	17909 17910 17911 17912 17913 17914 17915 17916 17917 17918 17919 \
	17920 17921 17987 17988 17989 17990 17991 17992 17993 17994 17995 \
	17996 17997 17998 17999 18006 18007 18008 18009 18010 18011 18012 \
	18013 18014 18015 18016 18017 18018 18019 18020 18021 18086 18087 \
	18088 18089 18090 18091 18092 18093 18107 18108 18109 18110 18111 \
	18112 18113 18114 18115 18116 18117 18118 18178 18179 18186 18187 \
	18188 18189 18190 18191 18192 18193 18209 18210 18211 18212 18213 \
	18214 18215 18216 18217 18276 18277 18278 18279 18280 18281 18282 \
	18283 18284 18285 18286 18287 18288 18289 18290 18291 18292 18293 \
	18294 18295 18296 18297 18298 18299 18301 18302 18303 18304 18305 \
	18306 18307 18308 18309 18377 18378 18382 18383 18384 18385 18386 \
	18387 18388 18389 18390 18391 18392 18393 18394 18401 18477 18482 \
	18483 18484 18485 18486 18487 18488 18489 18490 18491 18492 18493 \
	18494 18495 18496 18497 18498 18499 18500 18501 18585 18589 18590 \
	18591 18592 18593 18595 18600 18601 18677 18678 18679 18680 18681 \
	18682 18683 18684 18685 18689 18690 18691 18692 18693 18694 18695 \
	18700 18701 18777 18782 18783 18787 18788 18789 18790 18791 18792 \
	18793 18794 18795 18796 18797 18798 18799 18800 18877 18881 18882 \
	18887 18888 18889 18891 18892 18893 18894 18895 18896 18897 18898 \
	18899 18977 18979 18980 18981 18985 18986 18987 18988 18989 18990 \
	18991 19077 19078 19079 19085 19089 19090 19177 19178 19185 19188 \
	19189 19190 19289 19290 19389 19390 20074 20283 20342 20673 21096 \
	21382 21497 21529 22911 22923 22980 23628 23739 24767 25076 25194 \
	25542 25653 25800 26314 26604 26822 27083 27092 27842 28239 28285 \
	28412 28589 28747 29400 29615 29780 29997 30002 30059 30526 31126 \
	31300 31918 31929 32588 32594 32813 32929 33234 33923 34592 34909 \
	35718 36117 37699 38513 38850 38889 39494 39552 39756 39783 40080 \
	40340 40724 40875 41129 41501 42039 42421 42673 43520 43979 44160 \
	44338 44445 44772 44836 44979 44994 45439 45743 45982 46101 46119 \
	46699 47329 47544 48184 48833 49019 49608 56956 57177 57204 57216 \
	57326 57370 57402 57435 57480 57503 57618 57849 57990 58033 58050 \
	58054 58113 58119 58307 58465 58497 58547 58705 58730 58743 59241 \
	59600 60176 60588 60809 61199 61263 61269 61552 62007 62030 62572 \
	63136 63382 63676 63887 64576 64612 65624 65676 66777 67741 68279 \
	68475 68792 69752 69862 70084 70156 70666 70971 71678 71974 72181 \
	72335 72648 72794 72828 72886 73007 73050 73064 73459 73592 73719 \
	73867 75580 75981 76765 76884 76893 77552 77788 78029 78301 78361 \
	78883 105202 114222 
 un 66219 77738 
 uf 62928 67971 62407 72977 118718 
 am 2295 0 51632 52586 54524 54392 55207 56542 
 am 61199 0 54524 
 am 66219 0 54524 
 am 77738 0 55207 
CO
 li accept eb7 0
 ar 51057 0 0 0 0 0 0 0
 st 1

66219 char 0
na Charlotte
il	1 100 \
	54 2 \
	77430 1
LI
 wh 7498
CH
 lo 54082
 he 100
 lk 2
 lr 1
 sl	800 2 28 0 0 \
	610 2 21 11 0 \
	802 2 14 19 0 \
	801 2 14 5 0 \
	820 2 35 0 0 \
	806 2 21 22 0 \
	803 2 14 5 0 \
	824 2 21 1 0 \
	630 2 28 0 0 \
	822 2 21 2 0 \
	821 2 21 0 0 \
	823 2 21 3 0 \
	804 2 21 0 0 \
	805 2 14 0 0 \
	832 2 21 4 0 \
	828 2 21 1 0 \
	829 2 21 4 0 \
	825 2 21 1 0 \
	831 2 28 2 0 \
	808 2 21 1 0 \
	807 2 21 4 0 \
	641 2 28 1 0 \
	639 2 21 0 0 \
	826 2 21 1 0 \
	813 2 21 9 0 \
	827 2 21 12 0 \
	809 2 21 0 0 \
	811 2 21 0 0 \
	833 2 21 0 0 \
	614 2 14 34 0 \
	812 2 21 0 0 \
	814 2 21 0 0 \
	900 2 42 0 0 \
	903 2 21 0 0 \
	902 2 21 0 0 \
	615 2 21 9 0 \
	911 2 21 0 0 \
	600 2 21 0 0 \
	601 2 14 0 0
 bh 9
 bp 50
 at 80
 df 273
 mi 78
 ct 9944 9574 
CM
 im 1
 ma 31
 ca 93
 hs 1
 kw 1
CO
 li seek
 ar 0 0 0 0 0 0 0 0
 st 1
 ue 4
 de 7
 po 1
 pr 3

77738 char 0
na Eden
il	54 1
tl	2 95 990 7 0 0 0 0
LI
 wh 58497
CH
 lo 54082
 he 100
 lk 2
 lr 1
 sl	800 2 28 0 0 \
	860 2 35 0 0 \
	610 2 21 6 0 \
	802 2 14 16 0 \
	862 2 14 31 0 \
	803 2 14 7 0 \
	861 2 14 0 0 \
	801 2 14 5 0 \
	872 2 21 0 0 \
	866 2 14 0 0 \
	630 2 28 0 0 \
	804 2 21 0 0 \
	805 2 14 0 0 \
	806 2 21 6 0 \
	612 2 28 0 0 \
	840 2 35 0 0 \
	841 2 21 1 0 \
	845 2 21 2 0 \
	639 2 21 0 0 \
	641 2 28 1 0 \
	808 2 21 0 0 \
	842 2 14 5 0 \
	849 2 21 4 0 \
	851 2 21 1 0 \
	867 2 21 0 0 \
	868 2 21 0 0 \
	864 2 14 0 0 \
	869 2 14 0 0 \
	871 2 21 8 0 \
	865 2 14 0 0 \
	863 2 14 0 0 \
	843 2 21 3 0 \
	847 2 21 1 0 \
	848 2 21 0 0 \
	844 2 21 0 0 \
	852 2 21 0 0 \
	846 2 21 6 0 \
	614 2 14 12 0 \
	600 2 21 0 0 \
	601 2 14 0 0
 bh 9
 bp 50
 at 80
 df 110
 dt 191 3 5703
CM
 im 1
 ma 32
 ca 69
 hs 1
CO
 li use 614
 ar 0 0 0 0 0 0 0 614
 st 1
 us 614
 ue 3
 de 6
 pr 3

