54112 player pl_regular
na The Hanover Consortium
il	1 1800
ad 51812 54214 54347 55792 56175 
CH
PL
 fn Patrick Hendren
 em phen376022@aol.com
 pw chamberlain
 np 7
 ft 66
 so 1
 lt 260
 kn 69 600 601 602 603 610 611 612 613 614 \
	615 616 617 630 631 632 634 636 639 641 650 \
	651 652 653 654 655 656 657 658 659 661 670 \
	671 672 673 680 681 682 690 691 692 693 694 \
	695 696 697 700 702 703 704 706 720 721 722 \
	723 730 731 732 733 750 751 752 753 754 755 \
	756 800 801 802 803 805 806 807 808 809 811 \
	812 813 814 840 841 842 843 844 845 846 847 \
	848 849 851 852 860 861 862 863 864 865 866 \
	867 868 869 871 872 880 881 882 883 884 885 \
	886 887 888 891 892 893 894 900 901 904 905 \
	906 907 908 909 911 920 921 922 2067 2804 2897 \
	3137 4314 4831 5665 5783 7042 7976 8527 9414 10423 10424 \
	10425 10426 10427 10428 10511 10527 10528 10611 10620 10621 10622 \
	10623 10624 10625 10627 10711 10712 10713 10714 10715 10716 10717 \
	10718 10719 10720 10724 10725 10726 10727 10728 10729 10811 10812 \
	10813 10814 10815 10816 10824 10825 10827 10829 10896 10910 10911 \
	10912 10913 10914 10915 10916 10924 10925 10927 10929 11011 11012 \
	11013 11014 11015 11016 11024 11025 11026 11027 11028 11029 11030 \
	11031 11032 11033 11034 11035 11036 11111 11112 11113 11114 11122 \
	11123 11124 11125 11126 11127 11128 11129 11130 11131 11132 11133 \
	11134 11135 11219 11220 11221 11222 11223 11224 11225 11226 11227 \
	11228 11229 11232 11233 11316 11317 11318 11319 11320 11321 11322 \
	11323 11324 11325 11326 11327 11328 11329 11332 11333 11347 11412 \
	11413 11414 11415 11416 11417 11418 11419 11420 11421 11422 11423 \
	11424 11425 11426 11427 11428 11429 11430 11431 11432 11433 11434 \
	11435 11447 11512 11513 11514 11515 11516 11517 11518 11519 11520 \
	11521 11522 11523 11524 11525 11526 11527 11528 11529 11530 11531 \
	11532 11533 11534 11535 11536 11537 11547 11611 11612 11613 11614 \
	11615 11616 11617 11618 11619 11620 11621 11622 11623 11624 11625 \
	11626 11627 11628 11629 11630 11631 11632 11633 11634 11635 11637 \
	11641 11647 11711 11712 11713 11714 11715 11716 11717 11718 11719 \
	11720 11721 11722 11723 11724 11725 11726 11727 11728 11729 11730 \
	11731 11732 11733 11734 11735 11736 11737 11738 11739 11740 11741 \
	11742 11743 11744 11745 11746 11747 11748 11811 11812 11813 11814 \
	11815 11816 11817 11818 11819 11820 11821 11822 11823 11824 11825 \
	11826 11827 11828 11829 11830 11831 11832 11833 11834 11835 11836 \
	11837 11838 11839 11840 11841 11869 11911 11912 11913 11914 11915 \
	11916 11917 11918 11919 11920 11921 11922 11923 11924 11925 11926 \
	11927 11928 11929 11930 11931 11932 11933 11934 11936 11937 11938 \
	11939 11940 11941 12005 12006 12007 12008 12009 12010 12011 12012 \
	12013 12014 12015 12016 12017 12018 12019 12020 12021 12022 12023 \
	12024 12025 12026 12027 12028 12029 12030 12031 12032 12033 12034 \
	12035 12036 12037 12038 12039 12040 12041 12111 12112 12113 12114 \
	12115 12116 12117 12118 12119 12120 12121 12122 12123 12124 12125 \
	12126 12127 12128 12129 12130 12131 12132 12133 12134 12135 12136 \
	12137 12138 12139 12171 12211 12227 12228 12229 12230 12231 12232 \
	12233 12234 12235 12236 12237 12238 12239 12327 12328 12329 12330 \
	12333 12334 12335 12336 12337 12338 12339 12427 12429 12430 12431 \
	12432 12433 12436 12437 12438 12439 12527 12528 12529 12530 12533 \
	12534 12535 12536 12539 12627 12629 12636 12637 12638 12639 12727 \
	12729 12739 12827 12829 12830 12831 12832 12833 12834 12835 12836 \
	12839 12927 12929 12936 12937 12939 13015 13024 13025 13026 13027 \
	13028 13029 13036 13037 13039 13124 13127 13128 13129 13136 13137 \
	13138 13139 13140 13141 13142 13143 13144 13145 13146 13147 13148 \
	13149 13150 13151 13217 13218 13219 13220 13221 13222 13223 13224 \
	13227 13228 13229 13236 13238 13251 13317 13325 13326 13327 13328 \
	13329 13336 13338 13343 13344 13351 13417 13418 13419 13420 13421 \
	13422 13423 13424 13425 13429 13436 13437 13444 13445 13517 13529 \
	13534 13535 13536 13629 13631 13632 13633 13634 13636 13729 13730 \
	13731 13736 13828 13829 13836 13845 13846 13847 13848 13927 13928 \
	13929 13936 13945 13946 13947 14025 14026 14027 14028 14036 14045 \
	14046 14093 14094 14095 14123 14124 14125 14126 14127 14128 14136 \
	14141 14142 14143 14144 14145 14193 14194 14195 14223 14224 14226 \
	14236 14239 14240 14241 14242 14243 14293 14295 14323 14324 14326 \
	14336 14339 14342 14393 14395 14424 14425 14426 14436 14439 14442 \
	14493 14495 14496 14524 14536 14537 14539 14542 14593 14596 14624 \
	14637 14638 14639 14642 14693 14695 14696 14724 14728 14729 14730 \
	14731 14732 14733 14734 14735 14736 14737 14738 14739 14741 14742 \
	14793 14794 14795 14796 14797 14809 14810 14811 14824 14828 14831 \
	14832 14839 14840 14841 14893 14894 14895 14896 14909 14924 14925 \
	14926 14927 14928 14941 14993 14994 14995 15006 15007 15008 15009 \
	15040 15041 15093 15094 15106 15139 15140 15192 15193 15194 15206 \
	15306 15406 15506 15558 15606 15706 15806 15906 16006 16106 16206 \
	16207 16208 16209 16310 16410 16411 16412 16512 16513 16613 16614 \
	16714 16715 16716 16721 16816 16817 16818 16819 16820 16821 16921 \
	16922 16923 16924 17024 17025 17026 17027 17127 17227 17228 17229 \
	17230 17330 17430 17530 17630 17730 17830 17831 17931 17932 17933 \
	17934 17935 18032 18033 18035 18133 18134 18135 18232 18233 18234 \
	18235 18236 18237 18238 18239 18240 18241 18341 18441 18541 18641 \
	18672 18741 18772 18841 18872 18941 18972 19041 19042 19043 19044 \
	19045 19046 19047 19048 19049 19050 19051 19052 19053 19054 19055 \
	19056 19057 19058 19059 19060 19061 19062 19063 19064 19065 19066 \
	19067 19068 19069 19070 19072 19142 19143 19144 19145 19146 19147 \
	19148 19149 19150 19151 19152 19153 19154 19155 19156 19157 19158 \
	19159 19160 19161 19162 19163 19164 19165 19166 19167 19168 19169 \
	19170 19171 19172 20028 20062 20081 20197 20278 20321 20333 20499 \
	20508 20521 20575 20623 20739 20806 20830 20903 20909 21008 21227 \
	21414 21468 21480 21490 21546 21571 21714 21807 21857 21861 21918 \
	22004 22042 22178 22237 22264 22300 22349 22374 22639 22682 22791 \
	22809 22879 23013 23136 23194 23420 23436 23499 23794 23795 23882 \
	23980 23981 24129 24136 24235 24238 24296 24635 24694 24802 24868 \
	24949 25022 25063 25120 25161 25163 25334 25455 25765 25844 25850 \
	25869 26009 26037 26046 26098 26172 26218 26303 26330 26349 26397 \
	26465 26506 26533 26588 26767 26861 26869 26878 26886 26927 27045 \
	27419 27595 27802 27897 27900 28150 28167 28228 28390 28410 28411 \
	28507 28701 28798 29101 29141 29439 29561 29648 29712 29930 29946 \
	30092 30104 30183 30307 30311 30523 30527 30606 30640 30652 30683 \
	30728 30729 30803 30850 30977 31033 31035 31052 31252 31292 31388 \
	31584 31694 31724 32423 32549 32571 32674 32893 32997 33137 33152 \
	33251 33352 33389 33436 33467 33629 33678 33697 33962 33984 34168 \
	34203 34428 34494 34589 34611 34654 34675 34726 34753 34999 35004 \
	35064 35135 35502 35532 35751 35957 35964 36025 36039 36058 36068 \
	36274 36302 36819 37241 37279 37303 37326 37387 37389 37863 38469 \
	38564 38607 38669 38688 38742 38907 38911 38915 39372 39587 39707 \
	39714 39837 39921 39937 39938 39960 39983 40055 40244 40373 40630 \
	40793 40835 40919 41166 41242 41394 41418 41434 41453 41454 41558 \
	41611 41614 41634 41665 41758 41786 41800 41993 42060 42104 42320 \
	42334 42350 42530 42754 42763 42883 42889 42903 42999 43234 43357 \
	43433 43481 43779 43900 44009 44334 44385 44474 44605 44759 44805 \
	44842 44998 45022 45080 45155 45230 45280 45322 45876 46239 46343 \
	46358 46408 46430 46548 46602 46629 46776 46782 46854 46863 47406 \
	47730 47832 47923 47965 47978 48069 48257 48285 48534 48663 48698 \
	48899 49049 49119 49125 49176 49271 49281 49295 49400 49431 49473 \
	49475 49492 49837 49865 49969 56762 56857 56958 56990 56999 57081 \
	57140 57249 57262 57280 57285 57365 57398 57444 57451 57489 57590 \
	57600 57679 57877 57904 57932 57955 58025 58070 58127 58152 58178 \
	58269 58278 58318 58374 58423 58523 58712 58717 58741 58751 59023 \
	59025 59088 59286 59574 59610 59614 59792 59824 59831 60021 60032 \
	60135 60325 60484 60523 60579 60605 61016 61083 61245 61518 62074 \
	62267 62293 62496 62544 62917 62988 63057 63329 63381 63769 64080 \
	64132 64697 64718 64792 65722 66035 66413 66516 66653 67164 67222 \
	67489 67606 68025 68321 68530 69047 69412 69415 69530 69730 69731 \
	70456 70605 70764 70807 70913 71019 71039 71203 71329 71476 71983 \
	72339 72826 72958 73020 73161 73280 73611 73758 73845 74114 74633 \
	74802 74823 74829 75064 75099 75596 75603 75890 75962 76328 76644 \
	76725 76876 77009 77038 77173 77843 77919 78071 78231 78238 78447 \
	78515 78575 78768 80158 106253 
 un 73603 59646 63456 63030 68067 1143 78789 79021 137146 \
	129401 66607 65969 73707 
 uf 63129 75901 61258 106047 138674 
 am 4831 0 54214 56175 55792 
 am 5665 0 56175 
 am 9414 0 54347 
 am 54112 0 54214 56175 55792 54347 51812 
 am 59646 0 54214 56175 55792 
 am 63030 0 54214 56175 55792 
 am 63456 0 54214 56175 55792 
 am 66607 0 54214 56175 55792 
 am 68067 0 54214 56175 55792 
 am 73280 0 54214 56175 55792 
 am 73707 0 54214 56175 55792 
 am 75596 0 51812 54347 
 am 78789 0 54214 56175 55792 
 am 78798 0 6961 
CO
 li rumor 0
 ar 0 0 0 0 0 0 0 0
 st 1
 pr 1

73603 char 0
na Momo Gumbei
il	1 2425 \
	54 4 \
	83 1 \
	119253 1 \
	123938 1
tl	2 94 918 4 0 0 0 0
LI
 wh 10423
CH
 lo 54112
 he 100
 lk 3
 lr 106
 sl	610 2 21 0 0 \
	630 2 28 0 0 \
	631 2 14 0 0 \
	860 2 35 0 0 \
	861 2 14 0 0 \
	862 2 14 48 0 \
	869 2 14 0 0 \
	867 2 21 0 0 \
	871 2 21 1 0 \
	868 2 21 0 0 \
	864 2 14 0 0 \
	865 2 14 0 0 \
	866 2 14 0 0 \
	872 2 21 5 0 \
	863 2 14 11 0 \
	641 2 28 1 0 \
	611 2 28 0 0 \
	800 1 9 0 0
 bp 50
 at 80
 df 80
CM
 im 1
 ma 12
 ca 16
 hs 1
MI
 ds Confederation Gate Mapper
CO
 li study 800
 ar 800 0 0 0 0 0 0 0
 cs 2
 wa 1
 st 1
 ue 5
 de 6
 po 1
 pr 3

59646 char 0
na Banno Nobusada
il	1 2019 \
	69 1 \
	94 2
tl	2 94 938 4 0 0 0 0 \
	2 95 967 7 0 0 0 0
LI
 wh 9023
CH
 lo 54112
 he 100
 lk 3
 lr 41
 sl	610 2 21 24 0 \
	680 2 21 2 0 \
	682 2 14 10 0 \
	612 2 28 0 0 \
	614 2 14 0 0 \
	615 2 21 9 0 \
	613 2 14 0 0 \
	616 2 14 0 0 \
	690 2 28 4 0 \
	695 2 21 0 0 \
	694 2 21 0 0 \
	696 2 14 0 0 \
	697 2 28 0 0 \
	700 2 21 0 0 \
	704 2 14 11 0 \
	706 2 14 0 0 \
	691 2 21 0 0 \
	692 2 21 0 0 \
	702 2 14 0 0 \
	611 2 28 0 0 \
	630 2 28 0 0 \
	693 1 14 0 0
 bp 50
 at 80
 df 80
 mi 179
CO
 li make 94
 ar 94 0 0 16 0 0 0 0
 st 1
 ue 2
 de 16
 po 1
 pr 3

63456 char 0
na Kono Masamichi
il	1 14174 \
	10 10 \
	12 20 \
	21 65 \
	54 13 \
	69 1 \
	60723 1 \
	60737 1
LI
 wh 11533
 hl 63030 
CH
 lo 54112
 he 100
 lk 2
 lr 1
 sl	700 2 21 0 0 \
	702 2 14 4 0 \
	703 2 14 3 0 \
	610 2 21 39 0 \
	612 2 28 1 0 \
	616 2 14 9 0 \
	611 2 28 0 0 \
	617 2 14 0 0 \
	614 2 14 0 0 \
	615 2 21 5 0
 bh 9
 at 124
 df 80
 mi 96
MI
 ds of the Confederation
CO
 li move e
 ar 0 0 0 0 0 0 0 0
 wa -1
 st 1
 ue 2
 pr 2

63030 char 0
na Banno Namio
il	1 1312 \
	12 32 \
	52 1 \
	271 6 \
	278 2 \
	280 1 \
	282 24 \
	284 4 \
	286 2 \
	65199 1 \
	77858 1
tl	2 94 975 4 0 0 0 0
LI
 wh 63456
CH
 lo 54112
 he 100
 lk 2
 lr 1
 sl	610 2 21 14 0 \
	615 2 21 10 0 \
	650 2 28 0 0 \
	630 2 28 0 0 \
	631 2 14 8 0 \
	655 2 14 11 0 \
	656 2 14 11 0 \
	654 2 28 85 0 \
	617 2 14 3 0 \
	652 2 28 0 0 \
	611 2 28 0 0 \
	653 2 28 0 0 \
	651 2 21 0 0 \
	616 2 14 0 0 \
	614 2 14 0 0 \
	657 2 21 9 0 \
	658 0 0 0 0 \
	659 0 0 0 0 \
	661 2 21 1 0
 bh 5
 bp 50
 at 80
 df 80
 mi 107
MI
 ds of the Confederation
CO
 li breed 282 282
 ar 282 282 0 0 0 0 0 0
 wa 7
 st 1
 ue 2
 pr 3

68067 char 0
na Osmium Steele
il	1 40994 \
	21 162 \
	22 271 \
	52 3 \
	54 37 \
	69 2 \
	70 2 \
	72 306 \
	73 172 \
	74 114 \
	75 321 \
	76 11 \
	78 80 \
	82 49 \
	84 33 \
	85 421 \
	271 21 \
	282 57 \
	59033 1 \
	59155 1 \
	59864 1 \
	60021 1 \
	60032 1 \
	60950 1 \
	62423 1 \
	62688 1 \
	62874 1 \
	64669 1 \
	64966 1 \
	65417 1 \
	65547 1 \
	66413 1 \
	67064 1 \
	67137 1 \
	67882 1 \
	67926 1 \
	68885 1 \
	69360 1 \
	69436 1 \
	69522 1 \
	70700 1 \
	71076 1 \
	71109 1 \
	71750 1 \
	73165 1 \
	73758 1 \
	73837 1 \
	74295 1 \
	75198 1 \
	76336 1 \
	76419 1 \
	76661 1 \
	77173 1 \
	78340 1 \
	78548 1 \
	80158 1 \
	81254 1 \
	85137 1 \
	96588 1 \
	106253 1 \
	107584 1 \
	107941 1 \
	124597 1 \
	125818 1 \
	139836 1 \
	145265 1 \
	147687 1 \
	149171 1
tl	2 94 928 4 0 0 0 0
LI
 wh 75596
 hl 1143 
CH
 lo 54112
 he 100
 lk 2
 lr 2
 sl	600 2 21 0 0 \
	601 2 14 5 0 \
	602 2 14 1 0 \
	610 2 21 35 0 \
	680 2 21 1 0 \
	682 2 14 17 0 \
	611 2 28 0 0 \
	617 2 14 13 0 \
	612 2 28 1 0 \
	616 2 14 36 0 \
	615 2 21 26 0 \
	614 2 14 23 0 \
	613 2 14 0 0 \
	681 2 14 0 0 \
	700 2 21 0 0 \
	702 2 14 0 0 \
	706 2 14 0 0 \
	703 2 14 0 0 \
	900 2 42 0 0 \
	911 2 21 0 0 \
	901 2 28 0 0 \
	650 2 28 0 0 \
	654 2 28 27 0 \
	630 2 28 0 0 \
	631 2 14 0 0
 bh 9
 ra 70
 at 109
 df 275
 mi 92
CM
 im 1
 ma 3
 ca 3
 vp 5
 pl 8721
MI
 ds Lord Warick
CO
 li breed 282 282
 ar 282 282 0 0 0 0 0 0
 cs 2
 wa 4
 st 1
 ue 4
 de 2
 pr 3

1143 char 0
na Ukla the Mok
il	1 8930 \
	10 3 \
	15 75 \
	18 55 \
	20 73 \
	31 41 \
	54 17 \
	271 41 \
	282 61 \
	72598 1 \
	143863 1
LI
 wh 68067
CH
 lo 54112
 pl 100
 he 100
 lk 3
 lr 34
 sl	610 2 21 2 0 \
	650 2 28 0 0 \
	654 2 28 71 0 \
	617 2 14 2 0 \
	612 2 28 1 0 \
	653 2 28 0 0 \
	656 2 14 0 0 \
	652 2 28 0 0 \
	655 2 14 1 0 \
	661 2 21 2 0 \
	658 2 21 0 0 \
	657 2 21 31 0 \
	611 2 28 0 0 \
	630 2 28 0 0
 at 80
 df 80
CM
 vp 1
MI
 ds Ranger Commander
CO
 li breed 282 282
 ar 282 282 0 0 0 0 0 0
 wa 7
 st 1
 ue 1
 pr 3

78789 char 0
na Miner 49er
il	1 5035 \
	10 9 \
	11 43 \
	20 27 \
	52 2 \
	73 36 \
	74 39 \
	82 49
tl	2 94 922 4 0 0 0 0
LI
 wh 11635
CH
 lo 54112
 he 100
 lk 2
 lr 1
 sl	610 2 21 11 0 \
	700 2 21 0 0 \
	702 2 14 8 0 \
	706 2 14 0 0 \
	611 2 28 0 0 \
	720 2 21 0 0 \
	730 2 21 0 0 \
	612 2 28 1 0 \
	721 2 14 39 0 \
	722 2 14 35 0 \
	723 2 14 36 0 \
	680 2 21 5 0 \
	682 2 14 0 0 \
	615 2 21 0 0 \
	614 2 14 0 0 \
	616 2 14 4 0 \
	617 2 14 29 0 \
	731 2 14 0 0 \
	732 2 14 0 0 \
	703 2 14 0 0 \
	704 2 14 0 0 \
	733 2 14 0 0 \
	613 2 14 0 0
 at 80
 df 80
 mi 50
MI
 ds of the Confederation
CO
 li train 11
 ar 11 0 0 1 0 0 0 0
 cs 2
 wa -1
 st 1
 ue 5
 de 1
 po 1
 pr 3

79021 char ni
na Caravan 1
il	1 500 \
	52 1 \
	76 11
LI
 wh 2291
CH
 ni 33
 lo 54112
 he -1
 lk 4
 bh 5
 at 60
 df 60
CM
 ot 71513
MI
 ca r
 ds Blyn - Deorward
CO
 li wait item m039 54
 ar 0 68039 54 0 0 0 0 0
 cs 2
 wa -1
 st 1
 de 23
 po 1
 pr 1

137146 char ni
na Caravan 2
il	1 520 \
	52 1 \
	76 6 \
	68039 54 \
	96757 62
LI
 wh 12033
CH
 ni 33
 lo 54112
 he -1
 lk 4
 bh 5
 at 60
 df 60
CM
 ot 68139
MI
 ca r
 ds Deorward - Hampton
CO
 li move e
 ar 0 0 0 0 0 0 0 0
 wa -1
 st 1
 pr 2

129401 char ni
na Caravan 3
il	1 573 \
	52 1 \
	54 1 \
	76 7
LI
 wh 12035
CH
 ni 287
 lo 54112
 he -1
 lk 4
 at 60
 df 60
CM
 ot 70405
MI
 ca r
 ds Blyn - Deorward
CO
 li move w
 ar 0 0 0 0 0 0 0 0
 wa -1
 st 1
 pr 2

66607 char 0
na Oguro Narimasa
il	1 25265 \
	59206 1 \
	68039 135 \
	68139 1 \
	70405 1 \
	71513 1 \
	96757 31
tl	2 94 873 4 0 0 0 0 \
	2 95 951 7 0 0 0 0 \
	2 68039 485 204 0 0 0 0 \
	2 96757 967 94 0 0 0 0
LI
 wh 56990
CH
 lo 54112
 he 100
 lk 3
 lr 6836
 sl	730 2 21 0 0 \
	732 2 14 6 0 \
	610 2 21 1 0 \
	733 2 14 6 0 \
	630 2 28 0 0 \
	631 2 14 4 0 \
	670 2 28 0 0 \
	671 2 14 0 0 \
	731 2 14 0 0 \
	672 2 21 0 0 \
	634 2 14 0 0 \
	641 2 28 0 0 \
	639 2 21 0 0 \
	673 2 14 0 0 \
	880 2 42 0 0 \
	881 2 14 1 0 \
	800 2 28 0 0 \
	801 2 14 0 0 \
	802 2 14 3 0 \
	803 2 14 0 0 \
	806 2 21 10 0 \
	882 2 14 0 0 \
	811 2 21 0 0 \
	808 2 21 0 0 \
	813 2 21 0 0 \
	920 2 0 0 0 \
	922 2 28 14 0 \
	921 2 28 1 0 \
	809 2 21 0 0 \
	807 2 21 0 0 \
	812 2 21 0 0 \
	814 2 21 0 0 \
	884 0 0 0 0 \
	892 2 21 0 0 \
	886 2 14 0 0 \
	888 2 21 0 0 \
	893 0 0 0 0 \
	887 2 21 0 0 \
	885 2 14 0 0 \
	894 2 21 0 0 \
	883 2 14 0 0 \
	891 0 0 0 0
 bh 9
 bp 50
 at 80
 df 80
CM
 im 1
 ma 15
 ca 161
 ar 59206
MI
 ds of the Confederation
CO
 li seek
 ar 0 0 0 0 0 0 0 0
 cs 2
 wa 3
 st 1
 ue 2
 de 4
 po 1
 pr 3

65969 char 0
na Brother Maynard
il	1 2057 \
	54 17
tl	2 94 971 4 0 0 0 0
LI
 wh 12234
CH
 lo 54112
 he 100
 lk 3
 lr 34
 sl	750 2 35 0 0 \
	751 2 28 58 0 \
	752 2 28 0 0 \
	753 2 21 61 0 \
	754 2 28 0 0 \
	756 2 28 11 0 \
	755 2 28 0 0 \
	610 2 21 0 0 \
	700 2 21 0 0 \
	702 2 14 0 0 \
	703 2 14 13 0 \
	612 2 28 0 0 \
	617 2 14 4 0 \
	613 2 14 0 0 \
	630 2 28 0 0 \
	670 2 28 0 0 \
	671 2 14 0 0 \
	672 2 21 0 0 \
	631 2 14 0 0 \
	611 2 28 0 0 \
	632 2 14 0 0 \
	639 2 21 0 0 \
	636 0 0 0 0 \
	641 2 28 1 0
 bh 9
 bp 50
 at 80
 df 80
CM
 hs 1
 vp 15
 vi 1045 2709 2829 5152 5783 6814 8914 9814 10270 10273 \
	10360 10372 10377 10462 10469 10479 10552 10559 10564 10567 10651 \
	10661 10663 10680 10753 10760 10771 10870 10952 10956 10960 10964 \
	10968 10972 11046 11063 11070 11075 11161 11165 11167 11173 11260 \
	11264 11268 11359 11362 11366 11371 12069 12257 12289 12557 16048 \
	16945 16948 56766 56806 56814 56826 56952 57233 57241 57426 57658 \
	57743 57852 57893 58014 58074 58124 58325 58342 58364 58462 58520 \
	58641 66936 68739 69308 71019 78636 83139 106066 128218 130232 
MI
 ds Confederation Cartographer - Maps R Us
CO
 li move s
 ar 0 0 0 0 0 0 0 0
 wa -1
 st 1
 ue 5
 pr 2

73707 char 0
na Fukiu Torao
tl	2 94 990 4 0 0 0 0
LI
 wh 39837
CH
 lo 54112
 he 100
 lk 2
 lr 1
 sl	800 2 28 0 0 \
	802 2 14 20 0 \
	801 2 14 1 0 \
	680 2 21 3 0 \
	610 2 21 0 0 \
	630 2 28 0 0 \
	631 2 14 2 0 \
	803 2 14 0 0 \
	840 2 35 0 0 \
	841 2 21 33 0 \
	813 2 21 2 0 \
	805 2 14 0 0 \
	814 2 21 0 0 \
	808 2 21 0 0 \
	807 2 21 0 0 \
	812 2 21 0 0 \
	811 2 21 0 0 \
	809 2 21 0 0 \
	806 2 21 12 0 \
	849 2 21 0 0 \
	900 2 42 0 0 \
	909 2 21 0 0 \
	911 2 21 0 0 \
	844 2 21 8 0 \
	842 2 14 1 0 \
	843 2 21 0 0 \
	848 2 21 0 0 \
	852 2 21 0 0 \
	846 2 21 0 0 \
	851 2 21 0 0 \
	845 2 21 0 0 \
	847 2 21 2 0 \
	904 0 0 0 0 \
	905 2 21 0 0 \
	906 2 21 0 0 \
	907 2 21 0 0 \
	908 2 28 0 0 \
	880 2 42 0 0 \
	881 2 14 1 0 \
	920 2 0 0 0 \
	922 2 28 23 0 \
	921 2 28 1 0 \
	901 2 28 0 0 \
	639 0 0 0 0 \
	636 0 0 0 0 \
	611 1 5 0 0
 bp 50
 at 80
 df 30
 dt 217 13 6493
CM
 im 1
 ma 8
 ca 8
 ar 130232
MI
 ds Guest of the Atalan Confederation
CO
 li explore
 ar 0 0 0 0 0 0 0 0
 cs 2
 wa 5
 st 1
 ue 4
 de 2
 pr 3

