54125 player pl_regular
na Falcon Heart
il	1 150
CH
PL
 fn Jamye Mason
 em eighty_transam@yahoo.com
 ve badewi@skynet.be
 pw ROADRUNNER69
 np 5
 ft 130
 so 1
 lt 260
 kn 69 600 601 603 610 611 612 613 614 615 \
	616 617 630 631 639 641 650 652 653 654 659 \
	680 681 682 690 692 700 701 702 703 730 750 \
	751 753 800 801 802 806 807 813 820 821 822 \
	823 824 825 826 827 829 831 832 900 902 903 \
	904 905 906 908 909 2227 2928 4681 4822 7473 10171 \
	10172 10173 10271 10273 10368 10369 10370 10371 10372 10373 10468 \
	10469 10558 10559 10560 10561 10562 10563 10564 10565 10566 10567 \
	10568 10569 10644 10645 10646 10647 10648 10649 10650 10651 10654 \
	10655 10656 10658 10665 10669 10744 10751 10752 10753 10754 10755 \
	10756 10757 10758 10764 10765 10766 10769 10844 10850 10851 10852 \
	10853 10854 10855 10856 10857 10863 10864 10865 10866 10869 10944 \
	10945 10946 10947 10950 10951 10952 10953 10954 10955 10956 10964 \
	10965 10966 10969 10972 10973 11047 11048 11049 11050 11051 11052 \
	11053 11054 11055 11056 11057 11058 11059 11060 11061 11062 11063 \
	11064 11065 11066 11069 11071 11072 11073 11074 11075 11153 11156 \
	11157 11159 11160 11161 11162 11163 11164 11165 11166 11169 11170 \
	11171 11172 11173 11174 11253 11256 11257 11258 11259 11260 11261 \
	11262 11263 11264 11265 11266 11267 11268 11269 11270 11271 11272 \
	11273 11274 11275 11353 11354 11355 11356 11357 11358 11359 11360 \
	11361 11362 11363 11364 11365 11366 11367 11368 11369 11370 11371 \
	11458 11459 11460 11461 11462 11463 11464 11465 11466 11467 11468 \
	11469 14161 14261 14348 14349 14350 14351 14361 14448 14451 14461 \
	14548 14551 14552 14553 14561 14647 14648 14649 14650 14651 14653 \
	14661 14747 14748 14749 14751 14753 14761 14846 14847 14848 14849 \
	14851 14853 14861 14946 14947 14948 14949 14950 14951 14952 14953 \
	14954 14955 14956 14957 14958 14959 14960 14961 15046 15047 15048 \
	15049 15050 15051 15052 15055 15056 15057 15060 15061 15146 15147 \
	15148 15149 15150 15151 15152 15157 15158 15159 15160 15161 15246 \
	15247 15248 15249 15250 15251 15252 15253 15260 15261 15347 15348 \
	15349 15350 15351 15352 15353 15354 15355 15356 15357 15358 15359 \
	15360 15361 15447 15448 15449 15450 15451 15452 15453 15454 15455 \
	15456 15461 15462 15463 15464 15465 15466 15467 15468 15469 15470 \
	15471 15472 15473 15474 15475 15476 15477 15478 15546 15547 15548 \
	15549 15550 15551 15552 15553 15554 15555 15556 15557 15558 15559 \
	15560 15561 15562 15563 15564 15565 15566 15567 15568 15569 15570 \
	15571 15572 15573 15574 15578 15647 15648 15649 15650 15651 15652 \
	15653 15654 15655 15656 15657 15658 15659 15660 15661 15662 15670 \
	15674 15678 15748 15749 15750 15751 15752 15753 15754 15755 15762 \
	15770 15774 15778 15848 15849 15850 15851 15852 15853 15854 15855 \
	15862 15870 15874 15878 15949 15950 15951 15952 15953 15954 15955 \
	15961 15962 15970 15974 15978 16049 16050 16051 16052 16053 16054 \
	16055 16056 16057 16058 16059 16060 16061 16070 16074 16078 16082 \
	16149 16152 16153 16154 16155 16156 16157 16158 16159 16160 16161 \
	16162 16163 16164 16165 16166 16167 16168 16169 16170 16174 16178 \
	16181 16182 16249 16253 16254 16269 16270 16271 16272 16274 16278 \
	16279 16280 16281 16282 16349 16354 16370 16371 16372 16374 16378 \
	16379 16382 16449 16454 16471 16472 16474 16478 16479 16480 16481 \
	16482 16549 16554 16571 16572 16573 16574 16578 16579 16580 16581 \
	16582 16649 16650 16651 16652 16653 16654 16655 16656 16657 16658 \
	16659 16660 16661 16662 16663 16664 16665 16666 16667 16668 16669 \
	16670 16671 16672 16673 16674 16675 16676 16677 16678 16679 16680 \
	16681 16749 16754 16769 16774 16775 16776 16777 16778 16779 16781 \
	16849 16850 16851 16852 16853 16854 16855 16856 16857 16858 16859 \
	16860 16861 16862 16863 16864 16865 16866 16867 16868 16869 16870 \
	16871 16872 16873 16874 16875 16876 16877 16878 16954 16960 16961 \
	16962 16963 16964 16965 16966 16967 16968 16969 21197 21922 21947 \
	23018 23345 23514 25559 27349 28111 28593 37450 38793 39378 40799 \
	41378 42940 44358 49183 56806 56848 57047 57148 57294 57371 57401 \
	57547 57658 57757 57798 57842 58006 58013 58014 58112 58139 58323 \
	58324 58348 58424 58728 58758 59852 60702 60800 62349 63252 63615 \
	64146 64299 64959 64990 65577 65726 65775 66113 66708 66842 66873 \
	67062 67568 68772 69259 69682 71102 71166 71270 72484 73123 73306 \
	73532 73667 73688 74383 74937 74974 76906 77719 77964 92416 127484 
 un 113562 88337 108915 116096 148147 128528 134028 120615 109781 
 uf 120483 140133 90504 149814 102235 
 am 57798 0 53627 56223 55705 56033 50535 50837 51323 \
	53249 54172 54295 56363 54125 54587 54935 55263 55275 56297 56309 \
	56455 56746 51853 53513 
 am 58013 0 53627 56223 55705 56033 50535 50837 51323 \
	53249 54172 54295 56363 54125 54587 54935 55263 55275 56297 56309 \
	56455 56746 51853 53513 
 am 58323 0 53627 56223 55705 56033 50535 50837 51323 \
	53249 54172 54295 56363 54125 54587 54935 55263 55275 56297 56309 \
	56455 56746 51853 53513 
 am 60253 0 50535 50837 51323 51853 53249 53513 53627 \
	54125 54172 54295 54587 54935 55263 55275 55705 56033 56223 56297 \
	56309 56363 56455 56746 54936 
 am 64299 0 53627 56223 55705 56033 50535 50837 51323 \
	53249 54172 54295 56363 54125 54587 54935 55263 55275 56297 56309 \
	56455 56746 51853 53513 
 am 71270 0 53627 56223 55705 56033 50535 50837 51323 \
	53249 54172 54295 56363 54125 54587 54935 55263 55275 56297 56309 \
	56455 56746 51853 53513 
 am 74383 0 55275 56033 
 am 86697 0 50535 50837 51323 51853 53249 53513 53627 \
	54125 54172 54295 54587 54935 55263 55275 55705 56033 56223 56297 \
	56309 56363 56455 56746 54936 
 am 88337 0 50535 50837 51323 51853 53249 53513 53627 \
	54125 54172 54295 54587 54935 55263 55275 55705 56033 56223 56297 \
	56309 56363 56455 56746 54936 
 am 92416 0 53627 56223 55705 56033 50535 50837 51323 \
	53249 54172 54295 56363 54125 54587 54935 55263 55275 56297 56309 \
	56455 56746 51853 53513 
 am 95898 0 50535 50837 51323 51853 53249 53513 53627 \
	54125 54172 54295 54587 54935 55263 55275 55705 56033 56223 56297 \
	56309 56363 56455 56746 54936 
 am 108915 0 50535 50837 51323 51853 53249 53513 53627 \
	54125 54172 54295 54587 54935 55263 55275 55705 56033 56223 56297 \
	56309 56363 56455 56746 54936 
 am 113562 0 50535 50837 51323 51853 53249 53513 53627 \
	54125 54172 54295 54587 54935 55263 55275 55705 56033 56223 56297 \
	56309 56363 56455 56746 54936 
 am 128528 0 50535 50837 51323 51853 53249 53513 53627 \
	54125 54172 54295 54587 54935 55263 55275 55705 56033 56223 56297 \
	56309 56363 56455 56746 54936 
 am 148147 0 50535 50837 51323 51853 53249 53513 53627 \
	54125 54172 54295 54587 54935 55263 55275 55705 56033 56223 56297 \
	56309 56363 56455 56746 54936 
CO
 li accept xy3 0
 ar 56223 0 0 0 0 0 0 0
 st 1

113562 char 0
na Tlamatcatzintli
il	1 21 \
	54 3
LI
 wh 14648
CH
 lo 54125
 he 100
 lk 2
 lr 1
 sl	610 2 21 0 0 \
	614 2 14 30 0 \
	611 2 28 0 0 \
	820 2 35 0 0 \
	825 2 21 0 0 \
	829 2 21 5 0 \
	832 2 21 4 0 \
	826 2 21 0 0 \
	827 2 21 3 0 \
	821 2 21 0 0 \
	822 2 21 0 0 \
	823 2 21 0 0 \
	824 2 21 1 0 \
	630 2 28 0 0 \
	641 2 28 1 0 \
	612 2 28 0 0 \
	615 2 21 4 0 \
	613 2 14 0 0 \
	616 2 14 7 0 \
	631 2 14 0 0 \
	831 2 28 0 0
 bh 3
 bp 50
 at 137
 df 256
 mi 79
CM
 im 1
 ma 11
 ca 3
 hs 1
 kw 1
MI
 ds Olympus Ranger
CO
 li use 615
 ar 0 0 0 0 0 0 0 615
 st 1
 us 615
 ue 1
 de 7
 pr 3

88337 char 0
na Harpie Master
il	1 803 \
	16 16 \
	18 32 \
	20 4 \
	54 1 \
	55 1 \
	75 3 \
	285 25 \
	76987 1
LI
 wh 10863
CH
 lo 54125
 he 100
 lk 2
 lr 1
 sl	650 2 28 0 0 \
	610 2 21 0 0 \
	654 2 28 30 0 \
	611 2 28 0 0 \
	614 2 14 0 0 \
	652 2 28 0 0 \
	653 2 28 0 0
 mo 7791
 bp 50
 at 80
 df 80
MI
 ds Bite Me
CO
 li move w
 ar 0 4 10862 0 0 15 10863 0
 cs 2
 wa 5
 st 1
 de 10
 pr 2

108915 char 0
na Jayme
il	1 877 \
	12 27 \
	16 6 \
	18 3 \
	54 23 \
	285 19
LI
 wh 10973
CH
 lo 54125
 he 100
 lk 3
 lr 108
 sl	610 2 21 16 0 \
	630 2 28 0 0 \
	680 2 21 0 0 \
	650 2 28 0 0 \
	654 2 28 65 0 \
	653 2 28 0 0 \
	614 2 14 0 0 \
	617 2 14 0 0 \
	611 2 28 0 0
 bp 50
 at 80
 df 80
MI
 ds Bite Me
CO
 li explore
 ar 0 0 0 0 0 0 0 0
 cs 2
 wa 4
 st 1
 de 3
 pr 3

116096 char 0
na Pest
il	1 741 \
	12 10 \
	54 23
LI
 wh 11058
CH
 lo 54125
 he 100
 lk 3
 lr 84
 sl	610 2 21 8 0
 bp 50
 at 80
 df 80
CO
 li explore
 ar 0 0 0 0 0 0 0 0
 cs 2
 wa 4
 st 1
 de 3
 pr 3

148147 char 0
na Count F'Drol
il	1 2029 \
	12 10 \
	54 11 \
	285 11
ah 2829 50106 
LI
 wh 11074
CH
 lo 54125
 he 100
 lk 2
 lr 2
 sl	600 2 21 0 0 \
	601 2 14 20 0 \
	603 2 14 17 0 \
	630 2 28 0 0 \
	610 2 21 30 0 \
	641 2 28 2 0 \
	639 2 21 0 0 \
	612 2 28 1 0 \
	611 2 28 0 0 \
	617 2 14 5 0 \
	615 2 21 9 0 \
	650 2 28 0 0 \
	690 2 28 0 0 \
	654 2 28 18 0 \
	692 2 21 0 0 \
	653 2 28 0 0 \
	614 2 14 0 0 \
	616 2 14 2 0 \
	730 2 21 0 0
 bh 3
 ra 30
 at 109
 df 80
 mi 128
CM
 hs 1
 pl 67318
MI
 ds Eldrad's Loyalist
CO
 li breed 285 285
 ar 285 285 0 0 0 0 0 0
 cs 2
 wa 12
 st 1
 ue 1
 de 1
 pr 3

128528 char 0
na Lord Eldrad II
il	12 13 \
	16 5 \
	54 7 \
	77 11 \
	285 13 \
	95898 1
ah 3878 
LI
 wh 11075
CH
 lo 54125
 he 100
 lk 3
 lr 69
 sl	610 2 21 15 0 \
	650 2 28 0 0 \
	653 2 28 0 0 \
	654 2 28 28 0 \
	659 2 21 0 0 \
	630 2 28 0 0 \
	641 2 28 0 0 \
	611 2 28 0 0 \
	612 1 21 0 0 \
	730 1 7 0 0
 bp 50
 at 80
 df 80
MI
 ds Airborn Doom
CO
 li train 12 0
 ar 12 0 0 8 0 0 0 0
 cs 2
 wa -1
 st 1
 ue 1
 de 8
 po 1
 pr 3

134028 char 0
na Angel I
il	1 300 \
	54 2 \
	285 15
LI
 wh 57148
 hl 120615 109781 
CH
 lo 54125
 he 100
 lk 3
 lr 84
 sl	610 2 21 0 0 \
	611 2 28 0 0 \
	650 2 28 0 0 \
	654 2 28 9 0 \
	614 2 14 0 0
 bh 3
 bp 50
 at 80
 df 80
CO
 li breed 285 285
 ar 285 285 0 0 0 0 0 0
 cs 2
 wa 3
 st 1
 de 10
 pr 3

120615 char 0
na Angel II
il	1 300 \
	54 4 \
	285 2
LI
 wh 134028
CH
 lo 54125
 he 100
 lk 3
 lr 84
 sl	610 2 21 0 0 \
	611 2 28 0 0 \
	650 2 28 0 0 \
	654 2 28 9 0 \
	614 2 14 0 0
 bh 3
 bp 50
 at 80
 df 80
CO
 li breed 285 285
 ar 285 285 0 0 0 0 0 0
 cs 2
 wa 3
 st 1
 de 10
 pr 3

109781 char 0
na Angel III
il	54 4 \
	285 2
LI
 wh 134028
CH
 lo 54125
 he 100
 lk 3
 lr 85
 sl	610 2 21 0 0 \
	611 2 28 0 0 \
	650 2 28 0 0 \
	654 2 28 9 0
 bh 3
 bp 50
 at 80
 df 80
CO
 li breed 285 285
 ar 285 285 0 0 0 0 0 0
 cs 2
 wa 6
 st 1
 de 7
 pr 3

