54134 player pl_regular
na Auroque. Lovers of the Sleepless Moon
il	1 3969 \
	77 50
ad 1599 3634 3843 3920 5934 6344 50822 51992 52793 \
	54134 54422 54684 55734 59068 67810 69471 72381 77196 77218 78501 
CH
PL
 fn Joao Rodrigues
 em bx006095@ip.pt
 ve corvus.corax@mail.telepac.pt
 pw 3absinto9
 np 26
 fs 81
 ft 110
 lt 155
 kn 600 601 603 610 611 612 614 616 617 630 \
	631 632 633 634 635 639 641 650 651 652 653 \
	654 655 656 657 658 659 661 670 671 672 673 \
	674 680 690 697 700 702 706 730 731 732 733 \
	750 751 752 753 754 755 756 800 801 802 803 \
	804 805 806 807 808 809 811 812 813 814 840 \
	841 842 843 844 845 846 847 848 849 851 852 \
	8169 8931 12802 12902 13000 13001 13002 13098 13099 13100 13101 \
	13102 13198 13199 13200 13201 13202 13300 13301 13302 13401 13402 \
	13500 13501 13502 13600 13601 13602 13603 13604 13605 13606 13701 \
	13702 13703 13704 13705 13706 13714 13715 13716 13717 13718 13719 \
	13802 13803 13804 13805 13806 13807 13808 13809 13813 13814 13815 \
	13816 13817 13818 13819 13906 13907 13908 13909 13913 13914 13915 \
	13916 14009 14010 14011 14012 14013 14014 14015 14016 14017 14018 \
	14107 14108 14109 14110 14118 14123 14207 14208 14209 14210 14218 \
	14219 14220 14221 14222 14308 14309 14408 14409 14508 20757 22169 \
	22631 23150 23713 24202 24245 25393 25553 27735 28599 29687 31321 \
	32131 33350 33409 35877 36118 36531 37180 38540 39433 40095 40355 \
	40399 40684 40704 42031 43486 44210 44411 44678 44816 46231 46963 \
	47107 47429 48806 49219 49612 49980 56937 57140 57426 57540 57622 \
	58288 59113 59630 61642 62866 63023 65464 65502 66398 66521 70200 \
	70206 70228 71443 71510 77532 77612 78609 131599 136333 147455 
 un 77226 77217 77196 
 uf 124538 110967 116187 105216 121352 
 am 8931 0 50822 51992 52793 54134 54422 54684 55734 \
	1599 3634 3843 3920 5934 67810 69471 78501 72381 77218 77196 \
	6344 
 am 70200 0 50822 51992 52793 54134 54422 54684 55734 \
	1599 3634 3843 3920 5934 67810 69471 78501 72381 77218 77196 \
	6344 
 am 147455 0 50822 51992 52793 54134 54422 54684 55734 \
	1599 3634 3843 3920 5934 67810 69471 78501 72381 77218 77196 \
	6344 
CO
 li accept qn4 0 0
 ar 54294 0 0 0 0 0 0 0
 st 1

77226 char 0
na Felis Pardina
il	1 586
tl	2 95 9965 7 0 0 0 0 \
	2 93 9950 15 0 0 0 0
LI
 wh 14409
CH
 lo 54134
 he 100
 lk 2
 lr 1
 sl	680 2 21 2 0 \
	610 2 21 0 0 \
	617 2 14 0 0 \
	616 2 14 12 0 \
	614 2 14 12 0 \
	612 2 28 1 0 \
	700 2 21 0 0 \
	702 2 14 0 0 \
	630 2 28 0 0 \
	706 2 14 5 0 \
	639 2 21 0 0 \
	641 2 28 1 0 \
	611 2 28 0 0 \
	635 2 28 0 0 \
	631 2 14 0 0 \
	632 2 14 0 0 \
	633 2 14 0 0 \
	634 2 14 0 0 \
	670 2 28 0 0 \
	671 2 14 0 0 \
	672 2 21 0 0 \
	673 2 14 0 0 \
	674 2 21 0 0 \
	730 2 21 0 0 \
	731 1 7 0 0
 at 120
 df 120
CM
 hs 1
 vp 3
CO
 li use 614
 ar 0 0 0 0 0 0 0 614
 st 1
 us 614
 ue 2
 de 7
 pr 3

77217 char 0
na Neomenia
il	1 2314 \
	54 1
tl	2 95 9981 7 0 0 0 0
LI
 wh 27735
CH
 lo 54134
 he 100
 lk 2
 lr 1
 sl	630 2 28 0 0 \
	610 2 21 0 0 \
	635 2 28 0 0 \
	611 2 28 0 0 \
	639 2 21 0 0 \
	641 2 28 1 0 \
	634 2 14 0 0 \
	616 2 14 2 0 \
	612 2 28 1 0 \
	614 2 14 0 0
 at 94
 df 80
CM
 hs 1
CO
 li explore
 ar 0 0 0 0 0 0 0 0
 ue 1
 de 7
 pr 3

77196 char 0
na Tyto Alba
il	1 2314
tl	2 95 9999 7 0 0 0 0
LI
 wh 40704
CH
 lo 54134
 he 100
 lk 2
 lr 1
 sl	630 2 28 0 0 \
	610 2 21 0 0 \
	635 2 28 0 0 \
	611 2 28 0 0 \
	639 2 21 0 0 \
	641 2 28 1 0 \
	634 2 14 0 0 \
	616 2 14 2 0 \
	612 2 28 1 0 \
	614 2 14 0 0
 at 100
 df 80
CM
 hs 1
CO
 li explore
 ar 0 0 0 0 0 0 0 0
 ue 1
 de 7
 pr 3

