54172 player pl_regular
na Lost Magi
il	1 2974
an 54172 
CH
PL
 fn Joel M. Halpern
 em joel@stevecrocker.com,humakt2@hotmail.com
 ve joel@stevecrocker.com
 np 1
 ft 2
 so 1
 lt 260
 kn 69 600 601 602 603 610 611 612 614 615 \
	616 617 630 631 632 634 635 639 641 650 651 \
	652 653 654 655 656 657 658 659 661 670 671 \
	672 673 674 680 682 690 691 692 693 700 702 \
	703 704 705 720 721 722 723 730 731 732 733 \
	750 751 752 753 754 755 756 800 801 802 803 \
	804 805 806 807 808 809 811 812 813 814 820 \
	821 822 823 824 825 826 827 828 829 831 832 \
	833 840 841 842 843 844 845 846 847 848 849 \
	851 852 860 861 862 863 864 865 866 867 868 \
	869 871 872 880 881 882 883 884 885 886 887 \
	888 889 891 892 893 894 900 901 902 903 904 \
	905 906 907 908 909 911 920 921 922 1087 2468 \
	3070 4866 5739 6160 7879 8831 9549 9890 13455 13456 13457 \
	13458 13459 13551 13552 13553 13554 13555 13557 13558 13559 13560 \
	13561 13562 13563 13564 13565 13566 13567 13568 13569 13651 13652 \
	13653 13654 13655 13657 13658 13659 13660 13661 13662 13663 13664 \
	13665 13666 13667 13668 13669 13670 13671 13672 13673 13674 13751 \
	13752 13753 13754 13755 13757 13758 13759 13760 13761 13762 13763 \
	13764 13765 13766 13767 13768 13769 13770 13771 13772 13773 13774 \
	13775 13776 13777 13850 13851 13852 13853 13854 13855 13856 13857 \
	13858 13859 13860 13861 13862 13863 13864 13865 13866 13867 13868 \
	13869 13870 13871 13872 13873 13874 13875 13876 13950 13951 13952 \
	13953 13959 13960 13961 13962 13963 13964 13965 13966 13967 13968 \
	13969 13970 13971 13972 13973 13974 13975 13976 14059 14062 14069 \
	14070 14071 14072 14073 14074 14075 14156 14157 14158 14159 14160 \
	14161 14162 14163 14164 14165 14166 14168 14169 14170 14171 14172 \
	14173 14174 14175 14252 14253 14254 14255 14256 14257 14258 14259 \
	14260 14261 14262 14263 14266 14268 14269 14270 14272 14273 14274 \
	14275 14351 14352 14353 14354 14360 14361 14362 14363 14364 14365 \
	14366 14367 14368 14369 14372 14375 14376 14451 14452 14453 14454 \
	14460 14461 14462 14463 14464 14465 14466 14467 14468 14469 14472 \
	14476 14550 14551 14552 14553 14554 14555 14556 14557 14558 14560 \
	14561 14562 14563 14564 14565 14566 14567 14568 14569 14570 14572 \
	14573 14574 14575 14576 14577 14578 14579 14580 14581 14582 14583 \
	14584 14585 14586 14587 14588 14650 14652 14653 14654 14655 14656 \
	14657 14658 14659 14660 14661 14662 14663 14664 14665 14666 14667 \
	14668 14669 14670 14672 14750 14752 14754 14755 14756 14757 14758 \
	14759 14760 14761 14762 14763 14764 14765 14766 14767 14768 14772 \
	14850 14852 14858 14859 14861 14862 14863 14865 14866 14867 14868 \
	14872 14950 14957 14958 14959 14960 14961 14962 14963 14964 14965 \
	14966 14967 14968 14969 14972 15050 15057 15058 15059 15060 15061 \
	15066 15068 15069 15070 15072 15150 15160 15161 15166 15168 15169 \
	15170 15172 15250 15260 15261 15266 15269 15270 15271 15272 15273 \
	15276 15277 15350 15351 15352 15353 15354 15355 15356 15357 15358 \
	15359 15360 15361 15362 15366 15372 15373 15374 15375 15376 15450 \
	15451 15452 15460 15466 15474 15550 15551 15552 15554 15555 15556 \
	15557 15558 15559 15560 15561 15566 15650 15651 15652 15653 15654 \
	15655 15656 15661 15664 15665 15666 15667 15761 15762 15763 15764 \
	21177 21817 21987 22538 24154 25353 26112 28740 31733 57266 57294 \
	57422 57477 57686 57731 57757 57826 57870 57885 58073 58270 58325 \
	58349 58493 58521 58615 58643 58716 58736 59101 60320 60328 61096 \
	61409 61499 62640 62708 62796 63144 63394 63420 63616 63667 63677 \
	64050 64716 65163 65343 65387 65516 66105 66113 66185 66259 66303 \
	66688 67029 67637 67855 68095 68249 68935 70049 70089 71615 72824 \
	73755 74149 74441 74479 74481 75219 75516 75871 76107 76312 76392 \
	77080 77152 77433 78217 78298 78337 78893 78954 83977 91139 
 un 143761 62878 8030 147004 69562 6181 1618 8635 65250 \
	7691 3644 7735 8547 66659 143508 
 uf 74039 65528 77859 124950 117135 
 am 1055 0 50535 50837 51323 53249 54172 54935 55275 \
	56297 56309 56455 56746 
 am 1071 1 
 am 1127 0 50535 50837 51323 53249 54295 54172 54935 \
	55263 55275 56297 56309 56455 56746 
 am 1152 1 
 am 1206 1 
 am 1267 1 
 am 1362 1 
 am 1400 1 
 am 1585 1 
 am 1618 0 50333 50535 50797 50837 51323 51853 53249 \
	53513 53627 54172 54295 54404 54587 54597 54935 54948 55115 55263 \
	55275 55705 56223 56297 56309 56363 56455 56746 
 am 1712 0 50535 50837 51323 53249 54172 54295 54404 \
	54597 54587 54935 55263 55275 56297 56309 56455 56746 
 am 1714 1 
 am 1742 1 
 am 1843 1 
 am 1856 0 50535 51323 54172 54935 56455 56746 
 am 2068 0 50535 51323 54172 54935 56455 56746 
 am 2069 1 
 am 2136 1 
 am 2444 1 
 am 2468 0 50333 50535 50797 50837 51323 51853 53249 \
	53513 53627 54172 54295 54404 54587 54597 54935 54948 55115 55263 \
	55275 55705 56223 56297 56309 56363 56455 56746 
 am 3070 1 
 am 3084 0 50535 50837 51323 53249 54172 54935 55275 \
	56297 56309 56455 56746 
 am 3287 0 50535 50837 51323 53249 54172 54295 54404 \
	54597 54587 54935 55263 55275 56297 56309 56455 56746 
 am 3644 0 50333 50535 50797 50837 51323 51853 53249 \
	53513 53627 54172 54295 54404 54587 54597 54935 54948 55115 55263 \
	55275 55705 56223 56297 56309 56363 56455 56746 
 am 3852 1 
 am 4036 1 
 am 4303 1 
 am 4681 0 50535 50837 51323 53249 54172 54295 54404 \
	54597 54587 54935 55263 55275 56297 56309 56455 56746 
 am 4719 0 50535 50837 51323 53249 54172 54935 55275 \
	56297 56309 56455 56746 
 am 4768 1 
 am 4933 1 
 am 5353 1 
 am 5532 0 50535 50837 51323 53249 54172 54935 55275 \
	56297 56309 56455 56746 
 am 5739 0 50535 50837 51323 53249 54172 54935 55275 \
	56297 56309 56455 56746 
 am 5787 1 
 am 5895 0 50535 50837 51323 53249 54172 54295 54404 \
	54597 54587 54935 55263 55275 56297 56309 56455 56746 
 am 6160 0 50535 50837 51323 53249 54172 54295 54404 \
	54597 54587 54935 55263 55275 56297 56309 56455 56746 
 am 6181 0 50333 50535 50797 50837 51323 51853 53249 \
	53513 53627 54172 54295 54404 54587 54597 54935 54948 55115 55263 \
	55275 55705 56223 56297 56309 56363 56455 56746 
 am 6575 1 
 am 6821 1 
 am 7301 1 
 am 7621 0 50535 50837 51323 53249 54172 54295 54587 \
	54935 55263 55275 56297 56309 56455 56746 
 am 7691 0 50333 50535 50797 50837 51323 51853 53249 \
	53513 53627 54172 54295 54404 54587 54597 54935 54948 55115 55263 \
	55275 55705 56223 56297 56309 56363 56455 56746 
 am 7735 0 50333 50535 50797 50837 51323 51853 53249 \
	53513 53627 54172 54295 54404 54587 54597 54935 54948 55115 55263 \
	55275 55705 56223 56297 56309 56363 56455 56746 
 am 7879 1 
 am 7911 1 
 am 8030 0 50333 50535 50797 50837 51323 51853 53249 \
	53513 53627 54172 54295 54404 54587 54597 54935 54948 55115 55263 \
	55275 55705 56223 56297 56309 56363 56455 56746 
 am 8547 0 50333 50535 50797 50837 51323 51853 53249 \
	53513 53627 54172 54295 54404 54587 54597 54935 54948 55115 55263 \
	55275 55705 56223 56297 56309 56363 56455 56746 
 am 8635 0 50333 50535 50797 50837 51323 51853 53249 \
	53513 53627 54172 54295 54404 54587 54597 54935 54948 55115 55263 \
	55275 55705 56223 56297 56309 56363 56455 56746 
 am 8695 0 50535 50837 51323 53249 54172 54295 54587 \
	54935 55263 55275 56297 56309 56455 56746 
 am 8831 0 50535 50837 51323 53249 54172 54295 54404 \
	54597 54587 54935 55263 55275 56297 56309 56455 56746 
 am 8951 1 
 am 9516 1 
 am 9549 0 50535 50837 51323 53249 54172 54295 54404 \
	54597 54587 54935 55263 55275 56297 56309 56455 56746 
 am 9714 1 
 am 9835 1 
 am 9896 1 
 am 56814 1 
 am 57266 1 
 am 57294 1 
 am 57477 1 
 am 57496 1 
 am 57539 1 
 am 57686 0 50535 51323 54172 54935 56455 56746 
 am 57826 1 
 am 57870 1 
 am 57885 0 50535 50837 51323 53249 54172 54935 55275 \
	56297 56309 56455 56746 
 am 58073 0 50535 50837 51323 53249 54172 54935 55275 \
	56297 56309 56455 56746 
 am 58270 1 
 am 58315 1 
 am 58349 1 
 am 58493 0 50535 50837 51323 53249 54172 54935 55275 \
	56297 56309 56455 56746 
 am 58643 1 
 am 58716 1 
 am 58736 0 50535 50837 51323 53249 54295 54172 54935 \
	55263 55275 56297 56309 56455 56746 
 am 58755 1 
 am 59101 0 50535 50837 51323 53249 54172 54935 55275 \
	56297 56309 56455 56746 
 am 60621 1 
 am 61096 1 
 am 62492 1 
 am 62497 1 
 am 62878 0 50333 50535 50797 50837 51323 51853 53249 \
	53513 53627 54172 54295 54404 54587 54597 54935 54948 55115 55263 \
	55275 55705 56223 56297 56309 56363 56455 56746 
 am 63667 1 
 am 64121 1 
 am 64596 0 50535 50837 51323 53249 54295 54172 54935 \
	55263 55275 56297 56309 56455 56746 
 am 64812 1 
 am 64982 0 50333 50535 50797 50837 51323 51853 53249 \
	53513 53627 54172 54295 54404 54587 54597 54935 54948 55115 55263 \
	55275 55705 56223 56297 56309 56363 56455 56746 
 am 65250 0 50333 50535 50797 50837 51323 51853 53249 \
	53513 53627 54172 54295 54404 54587 54597 54935 54948 55115 55263 \
	55275 55705 56223 56297 56309 56363 56455 56746 
 am 65369 1 
 am 65374 1 
 am 65403 1 
 am 66084 1 
 am 66105 1 
 am 66185 1 
 am 66303 0 50535 51323 54172 54935 56455 56746 
 am 66659 0 50333 50535 50797 50837 51323 51853 53249 \
	53513 53627 54172 54295 54404 54587 54597 54935 54948 55115 55263 \
	55275 55705 56223 56297 56309 56363 56455 56746 
 am 66688 1 
 am 66791 1 
 am 66799 1 
 am 67471 1 
 am 68095 1 
 am 68249 1 
 am 68708 0 50535 50837 51323 53249 54172 54935 55275 \
	56297 56309 56455 56746 
 am 69593 1 
 am 70102 0 50535 50837 51323 53249 54295 54172 54935 \
	55263 55275 56297 56309 56455 56746 
 am 70123 0 50535 50837 51323 53249 54172 54935 55275 \
	56297 56309 56455 56746 
 am 70266 1 
 am 70370 1 
 am 70883 1 
 am 71068 1 
 am 72124 0 50535 50837 51323 53249 54172 54935 55275 \
	56297 56309 56455 56746 
 am 72149 0 50535 50837 51323 53249 54172 54295 54404 \
	54597 54587 54935 55263 55275 56297 56309 56455 56746 
 am 72727 1 
 am 72824 1 
 am 73102 1 
 am 73104 0 50535 50837 51323 53249 54172 54295 54404 \
	54597 54587 54935 55263 55275 56297 56309 56455 56746 
 am 73890 0 50333 50535 50797 50837 51323 51853 53249 \
	53513 53627 54172 54295 54404 54587 54597 54935 54948 55115 55263 \
	55275 55705 56223 56297 56309 56363 56455 56746 
 am 74441 1 
 am 74490 0 50535 50837 51323 53249 54172 54295 54404 \
	54597 54587 54935 55263 55275 56297 56309 56455 56746 
 am 74578 0 50535 50837 51323 53249 54295 54172 54935 \
	55263 55275 56297 56309 56455 56746 
 am 75926 1 
 am 76037 0 50535 50837 51323 53249 54172 54295 54587 \
	54935 55263 55275 56297 56309 56455 56746 
 am 76425 0 50535 50837 51323 53249 54295 54172 54935 \
	55263 55275 56297 56309 56455 56746 
 am 77895 0 50535 50837 51323 53249 54295 54172 54935 \
	55263 55275 56297 56309 56455 56746 
 am 78217 1 
 am 78462 1 
 am 78701 1 
 am 78832 0 50535 50837 51323 53249 54295 54172 54935 \
	55263 55275 56297 56309 56455 56746 
 am 78835 1 
 am 78890 1 
 am 78954 1 
 am 125522 0 50535 50837 51323 53249 54172 54295 54404 \
	54597 54587 54935 55263 55275 56297 56309 56455 56746 
 am 143508 0 50333 50535 50797 50837 51323 51853 53249 \
	53513 53627 54172 54295 54404 54587 54597 54935 54948 55115 55263 \
	55275 55705 56223 56297 56309 56363 56455 56746 
 am 143761 0 50333 50535 50797 50837 51323 51853 53249 \
	53513 53627 54172 54295 54404 54587 54597 54935 54948 55115 55263 \
	55275 55705 56223 56297 56309 56363 56455 56746 
 am 147004 0 50333 50535 50797 50837 51323 51853 53249 \
	53513 53627 54172 54295 54404 54587 54597 54935 54948 55115 55263 \
	55275 55705 56223 56297 56309 56363 56455 56746 
CO
 li accept zy6 0
 ar 56746 0 0 0 0 0 0 0
 st 1

143761 char 0
na Clara III
il	1 200 \
	54 3
LI
 wh 14583
CH
 lo 54172
 he 100
 lk 3
 lr 924
 sl	610 2 21 0 0 \
	630 2 28 0 0 \
	612 2 28 0 0 \
	641 2 28 1 0 \
	616 2 14 36 0 \
	615 2 21 35 0 \
	614 2 14 18 0 \
	611 2 28 0 0
 mo 7800
 bh 8
 tf 9
 bp 50
 at 188
 df 146
 mi 143
CM
 hs 1
CO
 li fly e
 ar 0 2 14584 0 0 3 14583 0
 cs 2
 wa 2
 st 1
 ue 4
 de 1
 pr 2

62878 char 0
na Miner
il	1 3130
LI
 wh 13971
CH
 lo 54172
 he 100
 lk 3
 lr 24
 sl	610 2 21 10 0 \
	720 2 21 0 0 \
	721 2 14 43 0 \
	616 2 14 48 0 \
	617 2 14 43 0 \
	611 2 28 0 0 \
	722 2 14 37 0 \
	615 2 21 40 0 \
	614 2 14 22 0 \
	612 2 28 1 0
 bh 9
 at 241
 df 149
 mi 191
CO
 li use 616
 ar 0 0 0 0 0 0 0 616
 cs 2
 wa 4
 st 1
 us 616
 ue 5
 de 2
 pr 3

8030 char 0
na Luan Learner
il	1 19529 \
	10 1131 \
	12 480 \
	18 2029 \
	21 3 \
	72 215 \
	73 53 \
	74 474 \
	75 1676 \
	82 127 \
	83 1 \
	98 64 \
	281 17 \
	282 979 \
	60224 1 \
	60942 1 \
	66122 1 \
	74092 1 \
	74243 1 \
	74841 1 \
	75780 1 \
	76183 1 \
	76627 1 \
	78074 1 \
	78834 1 \
	88118 1 \
	141590 1 \
	143448 1
LI
 wh 2468
 hl 147004 69562 6115 6181 
CH
 lo 54172
 he 100
 lk 2
 lr 2
 sl	860 2 35 0 0 \
	862 2 14 2 0 \
	800 2 28 0 0 \
	802 2 14 56 0 \
	801 2 14 5 0 \
	861 2 14 0 0 \
	840 2 35 0 0 \
	820 2 35 0 0 \
	829 2 21 1 0 \
	812 2 21 0 0 \
	827 2 21 5 0 \
	825 2 21 0 0 \
	867 2 21 0 0 \
	866 2 14 0 0 \
	826 2 21 1 0 \
	828 2 21 0 0 \
	833 2 21 0 0 \
	832 2 21 2 0 \
	872 2 21 0 0 \
	848 2 21 0 0 \
	900 2 42 0 0 \
	880 2 42 0 0 \
	908 2 28 0 0 \
	909 2 21 3 0 \
	907 2 21 0 0 \
	881 2 14 1 0 \
	903 2 21 71 0 \
	894 2 21 0 0 \
	805 2 14 0 0 \
	813 2 21 56 0 \
	911 2 21 1 0 \
	906 2 21 0 0 \
	902 2 21 15 0 \
	831 2 28 0 0 \
	823 2 21 0 0 \
	905 2 21 0 0 \
	904 2 21 0 0 \
	610 2 21 0 0 \
	630 2 28 0 0 \
	611 2 28 0 0 \
	887 2 21 2 0 \
	888 2 21 0 0 \
	808 2 21 0 0 \
	871 2 21 0 0 \
	641 2 28 1 0 \
	863 2 14 0 0 \
	864 2 14 0 0 \
	865 2 14 0 0 \
	868 2 21 0 0 \
	892 2 21 1 0 \
	920 2 0 0 0 \
	891 2 21 0 0 \
	889 2 21 0 0 \
	885 2 14 0 0 \
	869 2 14 0 0 \
	922 2 28 54 0 \
	921 2 28 7 0 \
	901 2 28 0 0 \
	893 2 21 0 0 \
	849 2 21 5 0 \
	845 2 21 5 0 \
	612 2 28 1 0 \
	806 2 21 2 0 \
	807 2 21 2 0 \
	814 2 21 0 0 \
	851 2 21 2 0 \
	809 2 21 0 0 \
	811 2 21 1 0 \
	824 2 21 0 0 \
	803 2 14 0 0 \
	804 2 21 0 0 \
	841 2 21 0 0 \
	842 2 14 2 0 \
	821 2 21 0 0 \
	822 2 21 0 0 \
	882 2 14 0 0 \
	883 2 14 0 0 \
	843 2 21 0 0 \
	844 2 21 0 0 \
	846 2 21 2 0 \
	847 2 21 2 0 \
	852 2 21 0 0 \
	884 2 28 0 0 \
	886 2 14 0 0 \
	615 2 21 46 0 \
	614 2 14 29 0 \
	616 2 14 44 0 \
	650 2 28 0 0 \
	653 2 28 0 0 \
	654 2 28 44 0 \
	657 1 0 0 0
 ra 70
 at 194
 df 155
 mi 163
 ct 51323 53249 54295 54172 54597 54587 54935 55263 55275 \
	56297 56309 56455 56746 51323 53249 54295 54172 54597 54587 54935 \
	55263 55275 56297 56309 56455 56746 51323 53249 54295 54172 54597 \
	54587 54935 55263 55275 56297 56309 56455 56746 50535 50837 51323 \
	53249 54295 54172 54404 54587 54597 54935 55263 55275 56297 56309 \
	56455 56746 50535 50837 51323 53249 54295 54172 54404 54587 54597 \
	54935 55263 55275 56297 56309 56455 56746 50535 50837 51323 53249 \
	54295 54172 54404 54587 54597 54935 55263 55275 56297 56309 56455 \
	56746 50333 50535 50797 50837 51323 51853 53249 53513 53627 54172 \
	54295 54404 54587 54597 54935 54948 55115 55263 55275 55705 56223 \
	56297 56309 56363 56455 56746 50333 50535 50797 50837 51323 51665 \
	51853 53249 53513 53627 54172 54295 54404 54587 54597 54935 54948 \
	55115 55263 55275 55705 56223 56297 56309 56363 56455 56746 
CM
 im 1
 ma 49
 ca 63
 rb 1
 hs 1
 kw 1
 vp 8
 pl 4972
 ar 76627
CO
 li use 616
 ar 616 0 0 0 0 0 0 0
 wa -1
 st 1
 ue 5
 po 1
 pr 3

147004 char 0
na Pegasus II
il	1 200 \
	54 9
LI
 wh 8030
CH
 lo 54172
 pl 55263
 he 100
 lk 3
 lr 958
 sl	650 2 28 0 0 \
	654 2 28 113 0 \
	630 2 28 0 0 \
	610 2 21 0 0 \
	641 2 28 5 0 \
	611 2 28 0 0 \
	614 2 14 11 0 \
	615 2 21 13 0 \
	616 2 14 12 0
 bh 3
 bp 50
 at 119
 df 117
 mi 77
CM
 hs 1
CO
 li get 8030 282 2
 ar 8030 282 2 0 0 0 0 0
 st 1
 ue 2
 pr 1

69562 char 0
na Sentry II
il	18 4 \
	131624 1
LI
 wh 8030
CH
 lo 54172
 pl 51323
 he 100
 lk 3
 lr 992
 sl	800 2 28 0 0 \
	806 2 21 1 0 \
	807 2 21 4 0 \
	808 2 21 0 0 \
	809 2 21 0 0 \
	811 2 21 0 0 \
	812 2 21 0 0 \
	813 2 21 6 0 \
	814 2 21 0 0 \
	802 2 14 31 0 \
	805 2 14 0 0 \
	804 2 21 0 0 \
	803 2 14 0 0 \
	801 2 14 0 0 \
	840 2 35 0 0 \
	610 2 21 8 0 \
	900 2 42 0 0 \
	650 2 28 0 0 \
	911 2 21 0 0 \
	654 2 28 60 0 \
	903 2 21 41 0 \
	902 2 21 0 0 \
	904 2 21 0 0 \
	905 2 21 0 0 \
	906 2 21 0 0 \
	907 2 21 0 0 \
	908 2 28 4 0 \
	909 2 21 0 0 \
	901 2 28 0 0 \
	841 2 21 0 0 \
	612 2 28 1 0 \
	842 2 14 0 0 \
	843 2 21 0 0 \
	844 2 21 0 0 \
	845 2 21 0 0 \
	846 2 21 0 0 \
	847 2 21 0 0 \
	848 2 21 0 0 \
	849 2 21 0 0 \
	851 2 21 0 0 \
	852 2 21 0 0 \
	653 2 28 0 0 \
	820 2 0 0 0 \
	821 2 0 0 0 \
	822 2 0 0 0 \
	825 2 0 0 0 \
	826 2 0 0 0 \
	827 2 0 0 0 \
	823 2 0 0 0 \
	824 2 0 0 0 \
	828 2 0 0 0 \
	829 2 0 0 0 \
	833 2 0 0 0 \
	831 2 0 0 0 \
	832 2 0 0 0 \
	880 2 0 0 0 \
	920 2 0 0 0 \
	881 2 0 1 0 \
	882 2 0 0 0 \
	883 2 0 0 0 \
	884 2 0 0 0 \
	885 2 0 0 0 \
	886 2 0 0 0 \
	887 2 0 0 0 \
	888 2 0 0 0 \
	889 2 0 0 0 \
	891 2 0 0 0 \
	892 2 0 0 0 \
	893 2 0 0 0 \
	894 2 0 0 0 \
	922 2 0 0 0 \
	921 2 0 0 0 \
	860 2 0 0 0 \
	863 2 0 0 0 \
	864 2 0 0 0 \
	865 2 0 0 0 \
	866 2 0 0 0 \
	867 2 0 0 0 \
	868 2 0 0 0 \
	869 2 0 0 0 \
	871 2 0 0 0 \
	872 2 0 0 0 \
	861 2 0 0 0 \
	862 2 0 0 0 \
	611 2 28 0 0 \
	616 2 14 3 0 \
	615 2 21 2 0 \
	614 2 14 1 0
 bh 6
 at 93
 df 85
 mi 58
 ct 50535 50837 51323 53249 54295 54172 54597 54587 54935 \
	55263 55275 56297 56309 56455 56746 
CM
 im 1
 ma 1
 ca 161
 kw 1
 ar 131624
CO
 li use 616
 ar 0 0 0 0 0 0 0 616
 cs 2
 wa 2
 st 1
 us 616
 ue 1
 de 5
 pr 3

6181 char 0
na Recruiter
il	1 233 \
	10 6 \
	12 11 \
	76885 1
LI
 wh 8030
CH
 lo 54172
 he 100
 lk 3
 lr 45
 sl	610 2 21 118 0 \
	616 2 14 44 0 \
	617 2 14 12 0 \
	615 2 21 24 0 \
	614 2 14 20 0 \
	612 2 28 1 0 \
	630 2 28 0 0 \
	641 2 28 1 0 \
	670 2 28 0 0 \
	671 2 14 0 0 \
	634 2 14 1 0 \
	672 2 21 0 0 \
	611 2 28 0 0
 bh 9
 at 143
 df 140
 mi 121
CM
 hs 1
CO
 li train 12
 ar 12 0 0 11 0 0 0 0
 cs 2
 wa -1
 st 1
 ue 3
 de 11
 po 1
 pr 3

1618 char 0
na Digger
il	1 920 \
	54 2
LI
 wh 13972
CH
 lo 54172
 he 100
 lk 2
 lr 1
 sl	720 2 21 0 0 \
	721 2 14 70 0 \
	722 2 14 49 0 \
	610 2 21 49 0 \
	616 2 14 154 0 \
	614 2 14 108 0 \
	617 2 14 93 0 \
	723 2 14 64 0 \
	611 2 28 0 0 \
	612 2 28 1 0 \
	630 2 28 0 0 \
	615 2 21 64 0 \
	641 2 28 1 0 \
	670 2 28 0 0 \
	671 2 14 0 0 \
	700 2 21 0 0 \
	702 2 14 0 0 \
	703 2 14 0 0
 at 576
 df 369
 mi 286
CM
 hs 1
CO
 li use 615
 ar 0 0 0 0 0 0 0 615
 cs 2
 wa 3
 st 1
 us 615
 ue 5
 de 3
 pr 3

8635 char 0
na Beast
il	1 200 \
	51 18 \
	53 13
LI
 wh 13973
CH
 lo 54172
 he 100
 lk 2
 lr 1
 sl	650 2 28 0 0 \
	610 2 21 5 0 \
	655 2 14 8 0 \
	654 2 28 239 0 \
	616 2 14 11 0 \
	614 2 14 8 0 \
	611 2 28 0 0 \
	653 2 28 0 0 \
	652 2 28 0 0 \
	612 2 28 1 0 \
	615 2 21 2 0 \
	630 2 28 0 0 \
	641 2 28 1 0 \
	657 2 21 6 0
 at 116
 df 104
 mi 62
CM
 hs 1
 pl 7420
CO
 li make 53
 ar 53 0 0 0 0 0 0 0
 cs 2
 wa 6
 st 1
 ue 2
 de 1
 pr 3

65250 char 0
na Truth
il	1 19 \
	54 18
LI
 wh 13974
CH
 lo 54172
 he 100
 lk 3
 lr 72
 sl	610 2 21 23 0 \
	612 2 28 1 0 \
	614 2 14 75 0 \
	616 2 14 78 0 \
	617 2 14 12 0 \
	630 2 28 0 0 \
	690 2 28 15 0 \
	631 2 14 1 0 \
	615 2 21 80 0 \
	700 2 21 0 0 \
	704 2 14 15 0 \
	702 2 14 7 0 \
	703 2 14 0 0 \
	705 2 14 0 0 \
	691 2 21 0 0 \
	680 2 21 1 0 \
	635 2 28 0 0 \
	670 2 28 0 0 \
	730 2 21 0 0 \
	733 2 14 0 0 \
	692 2 21 2 0 \
	693 2 21 0 0 \
	671 2 14 0 0 \
	639 2 21 0 0 \
	641 2 28 1 0 \
	732 2 14 0 0 \
	731 2 14 0 0 \
	611 2 28 0 0
 at 418
 df 237
 mi 374
CM
 hs 1
MI
 ds Rimmon Musketeer
CO
 li fly bz75
 ar 13975 0 0 0 0 0 0 0
 wa -1
 st 1
 ue 5
 pr 2

7691 char 0
na Defense
il	1 25 \
	54 1 \
	98 1
LI
 wh 13976
CH
 lo 54172
 he 100
 lk 3
 lr 45
 sl	610 2 21 27 0 \
	615 2 21 106 0 \
	616 2 14 92 0 \
	612 2 28 1 0 \
	630 2 28 0 0 \
	641 2 28 1 0 \
	614 2 14 85 0 \
	670 2 28 0 0 \
	671 2 14 0 0 \
	634 2 14 0 0 \
	680 2 21 3 0 \
	682 2 14 98 0 \
	672 2 21 0 0 \
	611 2 28 0 0
 bh 9
 at 459
 df 287
 mi 411
CM
 hs 1
CO
 li use 616
 ar 0 0 0 0 0 0 0 616
 cs 2
 wa 1
 st 1
 us 616
 ue 5
 de 5
 pr 3

3644 char 0
na Wood
il	1 140 \
	72 5 \
	75 21 \
	77 9
ah 77416 
LI
 wh 14073
CH
 lo 54172
 he 100
 lk 2
 lr 1
 sl	610 2 21 47 0 \
	700 2 21 0 0 \
	702 2 14 138 0 \
	703 2 14 178 0 \
	615 2 21 72 0 \
	680 2 21 2 0 \
	617 2 14 176 0 \
	704 2 14 1 0 \
	690 2 28 0 0 \
	611 2 28 0 0 \
	612 2 28 1 0 \
	616 2 14 0 0 \
	630 2 28 0 0 \
	641 2 28 1 0
 bh 9
 at 80
 df 80
 mi 367
CM
 hs 1
CO
 li make 75
 ar 75 0 0 21 0 0 0 0
 cs 2
 wa -1
 st 1
 ue 1
 de 21
 po 1
 pr 3

7735 char 0
na Osprey
il	18 37 \
	51 21 \
	53 12 \
	54 41
LI
 wh 4972
CH
 lo 65250
 he 100
 lk 3
 lr 87
 sl	750 2 35 15 0 \
	751 2 28 17 0 \
	753 2 21 29 0 \
	610 2 21 7 0 \
	650 2 28 0 0 \
	652 2 28 0 0 \
	654 2 28 143 0 \
	653 2 28 0 0 \
	655 2 14 4 0 \
	658 2 21 0 0 \
	659 2 21 0 0 \
	657 2 21 56 0 \
	661 2 21 0 0 \
	612 2 28 1 0 \
	611 2 28 0 0 \
	630 2 28 0 0 \
	752 2 28 9 0 \
	754 2 28 0 0 \
	755 2 28 0 0 \
	756 2 28 0 0 \
	639 2 21 0 0 \
	641 2 28 1 0 \
	900 2 42 0 0 \
	616 2 14 57 0 \
	901 2 28 0 0 \
	904 2 21 0 0 \
	905 2 21 0 0 \
	906 2 21 0 0 \
	907 2 21 0 0 \
	908 2 28 0 0 \
	909 2 21 0 0 \
	911 2 21 0 0 \
	903 2 21 36 0 \
	902 2 21 0 0 \
	656 2 14 0 0 \
	651 2 21 0 0
 bh 3
 ra 70
 at 368
 df 80
 ct 56455 51323 55263 54935 
CM
 im 1
 ma 11
 ca 11
 hs 1
 pl 7441
 vi 13362 56793 56867 57028 57149 57165 57294 57355 57625 57704 \
	57731 57757 57775 57798 57865 57870 58013 58105 58139 58293 58318 \
	58324 58493 58521 58615 58716 58738 58744 58752 58758 59405 85750 \
	98622 
MI
 ds in a grey cloak and falconer's gloves
CO
 li breed 54 54
 ar 54 54 0 0 0 0 0 0
 cs 2
 wa 3
 st 1
 ue 5
 de 3
 pr 3

8547 char 0
na Sword
il	1 28 \
	54 1 \
	280 96 \
	63649 1
ah 65789 
LI
 wh 57686
 hl 66659 
CH
 lo 54172
 he 100
 lk 2
 lr 1
 sl	610 2 21 43 0 \
	616 2 14 22 0 \
	617 2 14 37 0 \
	614 2 14 10 0 \
	650 2 28 0 0 \
	652 2 28 0 0 \
	654 2 28 199 0 \
	653 2 28 0 0 \
	611 2 28 0 0 \
	612 2 28 1 0 \
	690 2 28 0 0 \
	630 2 28 0 0 \
	639 2 21 0 0 \
	641 2 28 0 0 \
	657 2 21 18 0 \
	658 2 21 0 0 \
	661 2 21 0 0
 at 142
 df 112
CO
 li breed 280 280
 ar 280 280 0 0 0 0 0 0
 cs 2
 wa 2
 st 1
 ue 3
 de 11
 pr 3

66659 char 0
na Troilus
il	1 51 \
	54 62 \
	282 91
tl	2 94 85 4 0 0 0 0 \
	2 67373 113 61 0 0 0 0 \
	2 69464 131 114 0 0 0 0 \
	1 69595 32 96 0 0 0 0 \
	2 95 91 7 0 0 0 0
LI
 wh 8547
CH
 lo 54172
 he 100
 lk 3
 lr 758
 sl	650 2 28 0 0 \
	654 2 28 173 0 \
	610 2 21 0 0 \
	655 2 14 0 0 \
	612 2 28 1 0 \
	656 2 14 0 0 \
	614 2 14 0 0 \
	653 2 28 0 0 \
	652 2 28 0 0 \
	690 2 28 0 0 \
	630 2 28 0 0 \
	639 2 21 0 0 \
	641 2 28 1 0 \
	657 2 21 16 0 \
	658 2 21 0 0 \
	611 2 28 0 0
 bh 2
 at 80
 df 80
CM
 hs 1
MI
 ds Rimmon Musketeer
CO
 li breed 282 282
 ar 282 282 0 0 0 0 0 0
 wa 7
 st 1
 ue 3
 pr 3

143508 char 0
na Frans IV
il	1 200 \
	54 3
LI
 wh 14588
CH
 lo 54172
 he 100
 lk 3
 lr 925
 sl	610 2 21 5 0 \
	630 2 28 0 0 \
	612 2 28 0 0 \
	641 2 28 1 0 \
	616 2 14 54 0 \
	615 2 21 56 0 \
	614 2 14 45 0 \
	611 2 28 0 0 \
	617 2 14 0 0
 bh 8
 bp 50
 at 332
 df 210
 mi 293
CM
 hs 1
CO
 li seek
 ar 0 0 0 0 0 0 0 0
 cs 2
 wa 4
 st 1
 ue 5
 de 3
 po 1
 pr 3

