54177 player pl_regular
na Xephyr
il	1 3838
ad 54177 55066 55124 55268 
CH
PL
 fn Mike Brand
 em mbrand@fastlane.net
 np 41
 fs 20
 ft 2
 lt 150
 kn 69 600 601 602 603 610 611 612 615 616 \
	617 630 637 639 641 650 652 653 654 655 656 \
	670 671 680 682 700 702 703 720 721 722 730 \
	731 732 733 800 801 802 803 806 807 809 811 \
	812 814 900 904 905 906 907 908 909 911 2497 \
	3450 7737 15107 15121 15207 15210 15211 15212 15213 15214 15219 \
	15220 15221 15222 15223 15226 15227 15228 15307 15310 15311 15312 \
	15313 15314 15315 15316 15317 15318 15319 15320 15321 15322 15323 \
	15324 15325 15326 15327 15328 15329 15330 15331 15332 15333 15334 \
	15335 15336 15337 15338 15339 15340 15341 15342 15343 15344 15407 \
	15414 15415 15416 15417 15418 15419 15420 15421 15422 15423 15424 \
	15425 15426 15427 15428 15429 15430 15431 15432 15434 15435 15436 \
	15437 15438 15439 15440 15441 15442 15443 15444 15506 15507 15509 \
	15510 15511 15512 15513 15514 15515 15516 15517 15518 15519 15520 \
	15521 15522 15523 15524 15525 15526 15527 15528 15529 15530 15531 \
	15532 15534 15535 15536 15537 15538 15539 15606 15608 15609 15613 \
	15614 15615 15616 15617 15618 15619 15620 15621 15622 15623 15624 \
	15625 15626 15627 15628 15629 15630 15631 15632 15633 15634 15635 \
	15636 15637 15638 15639 15706 15707 15708 15709 15710 15711 15712 \
	15713 15714 15715 15716 15717 15718 15719 15720 15721 15722 15723 \
	15724 15725 15726 15727 15728 15729 15730 15731 15732 15733 15734 \
	15735 15736 15737 15738 15739 15807 15808 15809 15810 15813 15814 \
	15816 15823 15827 15828 15829 15830 15831 15832 15833 15834 15835 \
	15836 15837 15838 15839 15907 15909 15910 15913 15914 15915 15916 \
	15923 15924 15925 15926 15927 15928 16007 16009 16010 16013 16107 \
	16108 16109 16110 16111 16112 16113 16114 16200 16201 16202 16203 \
	16204 16205 16206 16207 16208 16209 16210 16211 16212 16213 16214 \
	16300 16308 16309 16310 16311 16312 16313 16332 16400 16402 16403 \
	16404 16405 16406 16407 16408 16409 16410 16411 16412 16413 16414 \
	16415 16416 16421 16422 16423 16424 16425 16426 16427 16428 16429 \
	16430 16431 16432 16433 16500 16502 16512 16513 16516 16517 16518 \
	16519 16520 16521 16522 16523 16532 16600 16601 16602 16613 16614 \
	16619 16620 16621 16622 16632 16714 16715 16716 16719 16720 16721 \
	16722 16732 16816 16817 16818 16819 16820 16832 16833 16916 16917 \
	16918 16933 17018 17033 17115 17116 17117 17118 17119 17120 17121 \
	17122 17133 17215 17217 17218 17219 17222 17233 17315 17318 17319 \
	17320 17321 17322 17333 17334 17415 17418 17419 17420 17421 17422 \
	17423 17432 17433 17434 17435 17515 17518 17519 17520 17521 17522 \
	17523 17524 17531 17532 17533 17534 17535 17536 17615 17616 17617 \
	17618 17619 17620 17621 17622 17623 17624 17625 17626 17627 17628 \
	17629 17630 17631 17632 17633 17634 17636 17717 17718 17719 17720 \
	17721 17722 17723 17724 17725 17726 17727 17728 17729 17730 17731 \
	17732 17733 17734 17736 17817 17818 17819 17820 17821 17822 17823 \
	17824 17825 17826 17827 17828 17829 17830 17832 17833 17834 17835 \
	17836 17918 17919 17926 17927 17928 17929 17930 17931 17932 17933 \
	17934 17935 18018 18019 18031 18032 18118 18119 18131 18132 20651 \
	21068 21209 21368 22405 22674 23106 23634 25125 25190 25418 25655 \
	27057 27220 27998 28536 28751 29312 30023 30207 31430 31525 31938 \
	32253 32465 32906 33161 33489 33687 33870 34921 35093 35110 35395 \
	36150 37119 37593 37702 37946 38005 38568 38966 39498 40322 40445 \
	41544 41645 42126 42502 42879 43445 45292 45510 45998 46030 46085 \
	46104 46373 46588 47203 48483 48539 48701 48838 49299 49898 56776 \
	56904 56916 56964 57069 57242 57356 57364 57365 57483 57507 57618 \
	57804 58025 58071 58137 58148 58343 58423 58446 58572 58651 58683 \
	58684 58754 59016 59321 59393 59581 59662 59742 59774 59848 60387 \
	61112 62036 62258 63105 63296 63599 63643 63721 63841 64245 64755 \
	64785 64834 65057 65072 65391 65947 66369 66568 67596 67806 68043 \
	68108 68232 68302 69158 69225 69417 70223 70253 70381 70438 71806 \
	72135 72392 72606 72702 74112 74447 74522 74562 74832 75016 75107 \
	75430 75659 76058 76131 76323 76400 76520 77511 77866 78395 
 un 3065 1228 
 uf 7753 73297 74642 77305 70263 
 am 3065 0 4080 
 am 54177 0 55124 55268 4080 
CO
 li accept 0 0 0 0
 ar 0 0 0 0 0 0 0 0
 st 1

3065 char 0
na Lomar
il	1 4458 \
	10 22 \
	13 21 \
	21 22 \
	22 20 \
	72 115 \
	74 283 \
	76 1 \
	78 70 \
	85 305 \
	95 15 \
	66193 53 \
	76847 28 \
	78488 1
LI
 wh 7737
CH
 lo 54177
 he 100
 lk 2
 lr 1
 sl	610 2 21 22 0 \
	700 2 21 0 0 \
	702 2 14 7 0 \
	617 2 14 53 0 \
	680 2 21 2 0 \
	682 2 14 0 0 \
	616 2 14 6 0 \
	611 2 28 0 0 \
	612 2 28 3 0 \
	615 2 21 2 0 \
	703 1 7 0 0
 bh 5
 ra 30
 at 80
 df 80
 mi 50
CM
 pl 61781
CO
 li make 85
 ar 85 0 0 191 0 0 0 0
 st 1
 ue 1
 de 191
 po 1
 pr 3

1228 char 0
na Hanjanis
il	1 5000 \
	54 10 \
	59369 1 \
	73551 1 \
	75067 1 \
	76428 1 \
	95507 1 \
	139418 1
tl	1 62889 898 91 0 0 0 0 \
	2 62889 898 153 0 0 0 0
an 4689 
LI
 wh 57364
CH
 lo 54177
 he 100
 lk 3
 lr 600
 sl	600 2 21 0 0 \
	610 2 21 17 0 \
	617 2 14 0 0 \
	601 2 14 40 0 \
	603 2 14 15 0 \
	730 2 21 0 0 \
	732 2 14 7 0 \
	731 2 14 0 0 \
	680 2 21 1 0 \
	612 2 28 1 0 \
	733 2 14 2 0 \
	630 2 28 0 0
 bh 2
 at 80
 df 80
CO
 li use 733 129418
 ar 129418 0 0 0 0 0 0 733
 wa 14
 us 733
 ue 1
 pr 3

