54214 player pl_regular
na Order of the Crystal Sword
il	1 1775
ad 50739 51812 54112 54347 55066 55792 
CH
PL
 fn Jeff Slayton
 em slayton_j@yahoo.com
 pw paperclip
 np 9
 fs 34
 ft 94
 lt 257
 kn 600 601 602 603 610 611 612 613 614 615 \
	616 617 630 636 637 639 641 650 651 652 653 \
	654 655 656 657 658 659 661 680 682 690 693 \
	700 701 702 703 704 705 720 721 722 723 730 \
	731 732 733 800 801 802 803 804 805 806 807 \
	808 809 811 812 813 814 820 821 822 824 825 \
	826 827 828 829 831 832 833 840 841 842 843 \
	844 845 846 847 848 849 851 852 860 861 862 \
	863 864 867 868 869 871 872 880 881 882 883 \
	884 885 886 887 888 889 891 892 893 894 900 \
	901 902 903 904 905 906 907 908 909 911 920 \
	5110 5215 7042 7338 7976 8124 9776 10634 10635 10636 10637 \
	10731 10732 10733 10734 10737 10738 10828 10829 10830 10831 10838 \
	10839 10840 10925 10926 10927 10928 10929 10930 10931 10932 10940 \
	10941 11019 11021 11022 11023 11024 11025 11026 11027 11028 11029 \
	11032 11033 11041 11042 11119 11120 11121 11122 11123 11124 11125 \
	11126 11127 11128 11129 11133 11134 11135 11136 11137 11138 11142 \
	11218 11219 11220 11221 11222 11223 11224 11225 11226 11227 11228 \
	11229 11238 11242 11243 11244 11315 11316 11317 11318 11319 11320 \
	11321 11322 11323 11324 11325 11326 11327 11328 11338 11344 11412 \
	11413 11414 11415 11416 11417 11418 11419 11420 11421 11422 11423 \
	11424 11425 11426 11427 11428 11438 11439 11440 11441 11442 11444 \
	11445 11446 11509 11510 11511 11512 11513 11514 11515 11516 11517 \
	11518 11519 11520 11521 11522 11523 11524 11525 11526 11527 11528 \
	11529 11530 11531 11532 11542 11546 11605 11606 11607 11608 11609 \
	11610 11611 11612 11613 11614 11615 11616 11617 11618 11619 11620 \
	11621 11622 11623 11624 11625 11626 11627 11628 11632 11642 11646 \
	11703 11704 11705 11706 11707 11708 11709 11710 11712 11713 11714 \
	11715 11716 11718 11722 11723 11724 11725 11726 11727 11728 11732 \
	11742 11746 11803 11804 11805 11806 11807 11808 11809 11810 11813 \
	11814 11815 11818 11822 11823 11824 11825 11826 11827 11828 11832 \
	11833 11834 11835 11836 11839 11840 11841 11842 11846 11903 11904 \
	11905 11906 11907 11908 11909 11910 11913 11918 11919 11920 11922 \
	11923 11924 11925 11926 11927 11928 11936 11939 11946 12003 12004 \
	12005 12006 12007 12008 12009 12010 12011 12012 12013 12020 12021 \
	12022 12023 12024 12025 12026 12027 12028 12029 12036 12037 12039 \
	12045 12046 12103 12104 12105 12106 12107 12108 12109 12110 12121 \
	12122 12123 12124 12125 12126 12127 12128 12137 12138 12139 12143 \
	12144 12145 12203 12204 12205 12206 12207 12208 12209 12210 12239 \
	12242 12243 12303 12304 12305 12341 12342 12439 12440 12441 12539 \
	12639 12739 12839 12939 13039 13139 13140 13141 13142 13143 13144 \
	13145 13146 13147 13148 13149 13150 13151 13251 13351 56990 56999 \
	57081 57262 57280 57451 57600 57749 57931 57932 57955 58127 58712 \
	58741 58751 59070 59171 59885 59993 60325 60470 60579 60627 61005 \
	61016 61237 61259 61414 61455 61973 62267 62544 62548 62581 62646 \
	63137 63197 63329 63550 63757 63986 63998 64135 64269 64325 64389 \
	64914 65375 65597 65722 66035 66112 66181 66220 66490 66653 67046 \
	67164 67459 67489 67859 67876 67925 68025 68176 68945 69085 69153 \
	69385 69550 69586 69654 69724 69730 70011 70214 70493 70494 70683 \
	71047 71808 71842 71981 72542 73314 73611 73663 73700 73826 73845 \
	75112 75415 75822 76210 76328 76480 76484 76644 77118 77171 77198 \
	77277 77697 77945 78051 78187 78368 78455 78825 78912 78919 
 un 70401 70329 62071 65347 68941 67648 67920 71961 74292 \
	68606 
 uf 141094 106060 126278 129694 82372 
 am 7042 0 54112 
 am 62071 0 54112 
 am 65347 0 54112 
 am 67648 0 54112 
 am 67920 0 54112 
 am 68941 0 54112 
 am 70401 0 54112 
 am 70683 0 54112 
 am 71961 0 54112 
 am 74292 0 54112 
CO
 li accept 0 0
 ar 0 0 0 0 0 0 0 0
 st 1

70401 char 0
na Lord Benjamin
il	1 20972 \
	19 14 \
	87 100 \
	95 30
LI
 wh 70683
CH
 lo 54214
 he 100
 lk 3
 lr 41
 sl	600 2 21 0 0 \
	602 2 14 1 0 \
	601 2 14 131 0 \
	610 2 21 0 0 \
	730 2 21 0 0 \
	603 2 14 122 0 \
	733 2 14 0 0 \
	732 2 14 0 0
 bp 50
 at 80
 df 80
CO
 li make 95
 ar 95 0 0 30 0 0 0 0
 st 1
 de 30
 po 1
 pr 3

70329 char 0
na Olson
il	1 10254 \
	76 7 \
	106648 27 \
	140260 94
LI
 wh 11219
CH
 lo 54214
 he 100
 lk 3
 lr 108
 sl	610 2 21 0 0 \
	730 2 21 0 0 \
	731 2 14 0 0 \
	732 2 14 5 0 \
	733 2 14 4 0
 bp 50
 at 80
 df 80
CO
 li move n
 ar 0 1 11219 0 0 8 11319 0
 st 1
 ue 1
 de 8
 pr 2

62071 char 0
na Ufgood
il	1 47512 \
	53 2 \
	82 20 \
	95 3 \
	112859 1
LI
 wh 5215
CH
 lo 54214
 he 100
 lk 2
 lr 1
 sl	900 2 42 0 0 \
	902 2 21 0 0 \
	903 2 21 0 0 \
	909 2 21 0 0 \
	908 2 28 0 0 \
	911 2 21 1 0 \
	907 2 21 0 0 \
	800 2 28 0 0 \
	906 2 21 0 0 \
	804 2 21 0 0 \
	807 2 21 0 0 \
	904 2 21 0 0 \
	805 2 14 0 0 \
	630 2 28 0 0 \
	840 2 35 0 0 \
	880 2 42 0 0 \
	812 2 21 0 0 \
	806 2 21 0 0 \
	813 2 21 3 0 \
	894 2 21 0 0 \
	893 2 21 0 0 \
	888 2 21 0 0 \
	881 2 14 1 0 \
	886 2 14 0 0 \
	801 2 14 0 0 \
	887 2 21 0 0 \
	802 2 14 0 0 \
	892 2 21 0 0 \
	891 2 21 0 0 \
	803 2 14 0 0 \
	841 2 21 0 0 \
	849 2 21 0 0 \
	846 2 21 0 0 \
	901 2 28 0 0 \
	851 2 21 0 0 \
	845 2 21 0 0 \
	808 2 21 0 0 \
	811 2 21 0 0 \
	814 2 21 0 0 \
	809 2 21 0 0 \
	889 2 21 0 0 \
	884 2 28 0 0 \
	885 2 14 0 0 \
	905 2 21 0 0 \
	848 2 21 0 0 \
	852 2 21 0 0 \
	843 2 21 0 0 \
	842 2 14 0 0 \
	847 2 21 0 0 \
	844 2 21 0 0 \
	610 2 21 0 0 \
	611 2 28 0 0 \
	820 2 35 0 0 \
	826 2 21 0 0 \
	822 2 21 0 0 \
	833 2 21 0 0 \
	828 2 21 0 0 \
	824 2 21 0 0 \
	831 2 28 0 0 \
	832 2 21 0 0 \
	821 2 21 0 0 \
	825 0 0 0 0 \
	882 2 14 0 0 \
	827 2 21 0 0 \
	829 0 0 0 0 \
	883 2 14 0 0 \
	920 2 0 0 0
 bp 50
 ra 70
 at 80
 df 80
CM
 im 1
 ma 2
 ca 122
 kw 1
 ar 112859
CO
 li study 826
 ar 826 0 0 0 0 0 0 0
 st 1
 ue 1
 de 7
 po 1
 pr 3

65347 char 0
na Dar
il	1 66240 \
	13 60 \
	20 12 \
	51 17 \
	52 49 \
	53 28 \
	70 10 \
	72 40 \
	74 3 \
	77 10 \
	95 5 \
	98 1
LI
 wh 5215
CH
 lo 54214
 he 100
 lk 3
 lr 54
 sl	650 2 28 0 0 \
	610 2 21 1 0 \
	655 2 14 11 0 \
	656 2 14 13 0 \
	652 2 28 0 0 \
	653 2 28 0 0 \
	661 2 21 0 0 \
	658 2 21 0 0 \
	659 2 21 0 0 \
	657 2 21 27 0 \
	654 2 28 41 0 \
	651 2 21 0 0 \
	611 2 28 0 0 \
	617 2 14 6 0 \
	616 2 14 2 0 \
	615 2 21 5 0
 bp 50
 at 80
 df 80
 mi 50
CO
 li breed 51 51
 ar 51 51 0 0 0 0 0 0
 st 1
 ue 3
 de 6
 pr 3

68941 char 0
na Stanley
il	1 2176 \
	11 10 \
	12 46 \
	20 10 \
	52 2
LI
 wh 57451
CH
 lo 54214
 he 100
 lk 3
 lr 84
 sl	610 2 21 20 0 \
	611 2 28 0 0
 bp 50
 at 80
 df 80
CO
 li train 12 17
 ar 12 17 17 17 0 0 0 0
 st 1
 de 17
 po 1
 pr 3

67648 char 0
na Morgan
il	1 1924 \
	12 48 \
	51 6 \
	65 36 \
	70 44 \
	77 90 \
	79 15 \
	82 1 \
	98 3
LI
 wh 57451
CH
 lo 54214
 he 100
 lk 2
 lr 1
 sl	610 2 21 12 0 \
	700 2 21 0 0 \
	705 2 14 22 0 \
	704 2 14 18 0 \
	611 2 28 0 0 \
	702 2 14 5 0 \
	616 2 14 4 0 \
	720 2 21 0 0
 bp 50
 at 80
 df 80
CO
 li move h91
 ar 57451 7 57451 0 0 3 11523 0
 st 1
 de 3
 pr 2

67920 char 0
na Klem
il	1 5690 \
	10 10 \
	52 3
tl	2 95 5 7 0 0 0 0
LI
 wh 11523
CH
 lo 54214
 he 100
 lk 2
 lr 2
 sl	610 2 21 20 0 \
	700 2 21 0 0 \
	611 2 28 0 0 \
	617 2 14 0 0 \
	616 2 14 7 0 \
	615 2 21 6 0 \
	703 2 14 0 0 \
	702 2 14 3 0 \
	614 2 14 6 0 \
	704 2 14 5 0 \
	705 2 14 5 0 \
	612 2 28 0 0 \
	630 1 7 0 0
 bp 50
 at 109
 df 104
 mi 79
CO
 li bribe z764 1000
 ar 78764 1000 0 0 0 0 0 0
 wa 7
 ue 2
 pr 3

71961 char 0
na Lord Charles
il	1 4164 \
	10 17 \
	12 20 \
	95 9 \
	68712 1
LI
 wh 11523
CH
 lo 54214
 he 100
 lk 3
 lr 40
 sl	680 2 21 5 0 \
	610 2 21 2 0 \
	682 2 14 23 0 \
	613 2 14 0 0 \
	617 2 14 0 0 \
	615 2 21 0 0 \
	700 2 21 0 0 \
	703 2 14 0 0 \
	704 2 14 0 0 \
	701 2 14 0 0 \
	702 2 14 0 0 \
	705 2 14 0 0 \
	611 2 28 0 0 \
	612 2 28 0 0
 bp 50
 at 80
 df 80
 mi 50
CO
 li collect 10 0 0
 ar 10 0 0 17 0 0 0 0
 st 1
 de 17
 po 1
 pr 3

74292 char 0
na Lord Henry
il	1 10702 \
	53 1 \
	60041 1 \
	67773 1 \
	72972 1 \
	76606 1 \
	78854 1 \
	81277 1 \
	94540 1 \
	102907 1 \
	128733 1 \
	141994 1
tl	2 95 8 7 0 0 0 0
LI
 wh 58741
CH
 lo 54214
 he 100
 lk 2
 lr 1
 sl	860 2 35 0 0 \
	800 2 28 0 0 \
	862 2 14 43 0 \
	861 2 14 0 0 \
	802 2 14 24 0 \
	801 2 14 0 0 \
	872 2 21 0 0 \
	863 2 14 0 0 \
	813 2 21 2 0 \
	869 2 14 0 0 \
	690 2 28 0 0 \
	814 2 21 0 0 \
	693 2 21 3 0 \
	811 2 21 0 0 \
	868 2 21 0 0 \
	803 2 14 0 0 \
	807 2 21 0 0 \
	805 2 14 0 0 \
	804 2 21 0 0 \
	809 2 21 0 0 \
	812 2 21 0 0 \
	808 2 21 0 0 \
	806 2 21 0 0 \
	871 2 21 0 0 \
	864 2 14 7 0 \
	630 2 28 0 0 \
	639 2 21 0 0 \
	637 2 21 0 0 \
	636 2 14 0 0 \
	641 2 28 1 0 \
	867 2 21 4 0 \
	880 2 42 0 0
 bp 50
 at 80
 df 80
CM
 im 1
 ma 25
 ca 25
 hs 1
CO
 li sell 94 15 4
 ar 94 15 4 0 0 0 0 0
 st 1
 ue 1
 pr 1

68606 char 0
na Zeke
il	1 2687 \
	11 8 \
	12 14 \
	20 41 \
	52 7 \
	53 6 \
	98 11
LI
 wh 9776
 hl 102364 108975 79616 120212 
CH
 lo 54214
 he 100
 lk 3
 lr 8
 sl	610 2 21 0 0 \
	614 2 14 0 0 \
	616 2 14 0 0 \
	611 2 28 0 0 \
	650 2 28 0 0 \
	654 2 28 26 0 \
	661 0 0 0 0 \
	658 0 0 0 0 \
	657 2 21 4 0 \
	720 2 21 0 0 \
	680 2 21 2 0 \
	721 2 14 9 0 \
	723 2 14 1 0 \
	722 2 14 5 0 \
	617 2 14 1 0
 bp 50
 at 80
 df 80
CO
 li repair
 ar 0 0 0 1 22 0 0 0
 st 1
 ue 1
 de 7
 po 1
 pr 3

