54295 player pl_regular
na Xibalba
il	1 1150 \
	77 35
an 54295 
CH
PL
 fn Joyce Green
 em DixieKenne@aol.com,danielf@shoalhaven.net.au
 ve DixieKenne@aol.com
 pw tikal
 np 3
 ft 38
 so 1
 lt 260
 kn 69 600 601 602 603 610 611 612 613 614 \
	615 616 617 630 631 632 633 634 635 639 641 \
	650 651 652 653 654 655 656 657 658 659 661 \
	670 671 672 680 681 682 690 691 692 693 695 \
	700 702 703 705 720 721 722 723 730 731 750 \
	751 752 753 754 755 756 800 801 802 803 804 \
	805 806 807 808 809 811 812 813 814 820 821 \
	822 823 824 825 826 827 828 829 831 832 833 \
	840 841 842 843 844 845 846 847 848 849 851 \
	852 860 861 862 863 864 865 866 867 868 869 \
	871 872 880 881 882 883 884 885 886 887 888 \
	889 891 892 893 894 900 901 902 903 904 905 \
	906 907 908 909 911 920 921 922 2578 2857 3287 \
	6160 9055 9353 9549 13362 13447 13448 13449 13450 13451 13462 \
	13547 13548 13549 13550 13551 13552 13553 13554 13555 13556 13557 \
	13558 13562 13565 13647 13648 13649 13650 13651 13658 13659 13660 \
	13661 13662 13663 13664 13665 13747 13748 13759 13760 13761 13762 \
	13765 13766 13847 13848 13859 13861 13862 13866 13948 13949 13950 \
	13951 13959 13961 13962 13966 14039 14050 14059 14061 14062 14066 \
	14139 14150 14155 14156 14157 14158 14159 14160 14161 14162 14163 \
	14164 14165 14166 14167 14168 14169 14170 14171 14172 14173 14174 \
	14239 14250 14253 14254 14255 14256 14257 14258 14259 14260 14261 \
	14262 14263 14264 14265 14266 14267 14268 14269 14270 14271 14274 \
	14339 14350 14351 14353 14354 14357 14360 14361 14362 14363 14364 \
	14365 14366 14367 14368 14369 14370 14371 14372 14373 14374 14439 \
	14451 14452 14453 14454 14455 14456 14457 14459 14460 14461 14462 \
	14463 14464 14465 14466 14467 14468 14469 14470 14471 14474 14539 \
	14544 14545 14546 14547 14548 14549 14550 14551 14552 14553 14554 \
	14555 14556 14557 14558 14559 14560 14561 14562 14564 14565 14566 \
	14567 14568 14569 14570 14571 14572 14574 14639 14640 14641 14642 \
	14643 14644 14645 14646 14647 14648 14651 14652 14656 14657 14658 \
	14659 14660 14661 14662 14663 14664 14665 14666 14667 14668 14669 \
	14670 14672 14739 14745 14748 14751 14753 14754 14755 14756 14757 \
	14758 14759 14760 14761 14762 14765 14766 14767 14768 14770 14771 \
	14772 14773 14839 14845 14848 14851 14852 14853 14854 14855 14856 \
	14857 14858 14859 14860 14861 14862 14863 14864 14865 14866 14867 \
	14868 14869 14870 14871 14872 14873 14939 14945 14946 14947 14948 \
	14949 14950 14951 14952 14953 14954 14955 14956 14957 14958 14959 \
	14960 14961 14962 14963 14964 14965 14966 14967 14968 14969 14970 \
	14971 14972 15039 15044 15045 15046 15047 15048 15049 15050 15051 \
	15052 15053 15054 15055 15056 15057 15058 15059 15060 15061 15063 \
	15064 15065 15066 15068 15069 15070 15071 15139 15144 15145 15146 \
	15147 15148 15149 15150 15151 15152 15153 15154 15155 15156 15157 \
	15158 15159 15160 15161 15162 15163 15164 15166 15167 15168 15169 \
	15170 15171 15239 15244 15245 15246 15247 15248 15249 15250 15251 \
	15252 15253 15254 15255 15256 15257 15258 15259 15260 15261 15262 \
	15263 15267 15268 15269 15270 15271 15339 15340 15341 15344 15345 \
	15346 15347 15348 15349 15350 15351 15352 15353 15354 15355 15356 \
	15357 15358 15359 15360 15361 15362 15363 15364 15365 15366 15367 \
	15368 15369 15370 15371 15441 15444 15445 15446 15447 15448 15449 \
	15450 15451 15452 15453 15454 15455 15456 15457 15458 15459 15460 \
	15461 15462 15465 15466 15469 15470 15471 15541 15544 15545 15546 \
	15547 15548 15549 15550 15551 15552 15553 15554 15555 15556 15557 \
	15558 15559 15560 15561 15562 15563 15565 15566 15567 15569 15641 \
	15647 15648 15649 15650 15651 15652 15653 15654 15655 15656 15657 \
	15658 15659 15660 15661 15663 15665 15666 15668 15669 15741 15747 \
	15751 15752 15753 15754 15755 15756 15757 15758 15759 15760 15761 \
	15762 15763 15765 15766 15767 15768 15769 15841 15847 15851 15853 \
	15854 15855 15856 15857 15858 15859 15860 15861 15941 15942 15943 \
	15944 15945 15946 15947 15951 15952 15953 15954 15955 15956 15957 \
	15958 15959 15960 15961 16054 16056 16057 16058 16059 16060 16154 \
	16157 16158 16159 16254 16257 16258 16259 16354 16356 16357 16358 \
	16359 16360 16454 16455 16456 16457 16458 16459 16460 16554 16555 \
	16556 16557 16558 16559 16560 16653 16654 16655 16656 16657 16658 \
	16659 16660 16750 16751 16752 16753 16754 16755 16756 16757 16758 \
	16759 16760 16845 16846 16847 16848 16849 16850 16851 16852 16853 \
	16854 16856 16857 16860 16861 16862 16945 16946 16947 16948 16949 \
	16950 16951 16952 16953 16954 16956 16957 16958 16959 16960 16961 \
	16962 16963 16964 20851 21240 22538 23204 23390 23736 25517 25623 \
	26112 26145 26600 26776 26814 27322 27467 27795 28642 28924 28963 \
	29547 29978 30853 32091 32430 32464 32935 33258 33847 34462 34658 \
	34946 35145 35683 36144 36551 36901 37606 37633 40397 41040 42471 \
	43028 44171 44498 45065 45086 46168 46215 46431 46705 46839 47230 \
	47913 48035 48231 48680 49058 49375 49477 56867 56949 57046 57190 \
	57266 57294 57345 57352 57355 57539 57544 57568 57625 57679 57686 \
	57757 57798 57826 57870 57874 57933 58006 58056 58073 58200 58216 \
	58323 58335 58338 58424 58493 58516 58521 58575 58622 58687 58758 \
	59101 59858 61085 61096 62259 62708 63354 64013 64050 64798 64882 \
	65432 65516 66083 66105 66113 66303 67418 68280 71645 71908 72149 \
	72588 72824 72898 73586 74145 74437 75162 76485 77080 77884 77970 \
	78042 78554 78928 
 un 66421 75283 116517 148591 99618 84409 75800 67395 75883 \
	7681 9661 75033 6634 70920 
 uf 74859 71815 106851 130128 149192 
 am 1071 1 
 am 1127 0 50535 50837 51323 53249 54295 54172 54935 \
	55263 55275 56297 56309 56455 56746 
 am 1152 1 
 am 1206 1 
 am 1267 1 
 am 1362 1 
 am 1400 1 
 am 1585 1 
 am 1685 0 50535 50837 51323 53249 54295 54172 54935 \
	55263 55275 56297 56309 56455 56746 
 am 1712 0 50535 50837 51323 53249 54172 54295 54404 \
	54597 54587 54935 55263 55275 56297 56309 56455 56746 
 am 1714 1 
 am 1742 1 
 am 1843 1 
 am 1856 0 50535 50837 51323 53249 54295 54172 54935 \
	55263 55275 56297 56309 56455 56746 
 am 2068 0 50535 50837 51323 53249 54295 54172 54935 \
	55263 55275 56297 56309 56455 56746 
 am 2069 1 
 am 2136 1 
 am 2391 0 50535 50837 51323 53249 54295 54172 54935 \
	55263 55275 56297 56309 56455 56746 
 am 2444 1 
 am 2468 0 50535 50837 51323 53249 54172 54295 54404 \
	54597 54587 54935 55263 55275 56297 56309 56455 56746 
 am 2509 0 50535 50837 51323 53249 54295 54172 54935 \
	55263 55275 56297 56309 56455 56746 
 am 3070 1 
 am 3084 0 50535 50837 51323 53249 54295 54172 54935 \
	55263 55275 56297 56309 56455 56746 
 am 3287 0 50535 50837 51323 53249 54172 54295 54404 \
	54597 54587 54935 55263 55275 56297 56309 56455 56746 
 am 3852 1 
 am 3869 0 50535 50837 51323 53249 54295 54172 54935 \
	55263 55275 56297 56309 56455 56746 
 am 4036 1 
 am 4303 1 
 am 4399 0 50535 50837 51323 53249 54295 54172 54935 \
	55263 55275 56297 56309 56455 56746 
 am 4681 0 50535 50837 51323 53249 54172 54295 54404 \
	54597 54587 54935 55263 55275 56297 56309 56455 56746 
 am 4768 1 
 am 4933 1 
 am 5353 1 
 am 5532 0 50535 50837 51323 53249 54295 54172 54935 \
	55263 55275 56297 56309 56455 56746 
 am 5739 0 50535 50837 51323 53249 54295 54172 54935 \
	55263 55275 56297 56309 56455 56746 
 am 5787 1 
 am 5895 0 50535 50837 51323 53249 54172 54295 54404 \
	54597 54587 54935 55263 55275 56297 56309 56455 56746 
 am 6134 0 50535 50837 51323 53249 54295 54172 54935 \
	55263 55275 56297 56309 56455 56746 
 am 6138 0 50535 50837 51323 53249 54295 54172 54935 \
	55263 55275 56297 56309 56455 56746 
 am 6160 0 50535 50837 51323 53249 54172 54295 54404 \
	54597 54587 54935 55263 55275 56297 56309 56455 56746 
 am 6247 0 50535 50837 51323 53249 54295 54172 54935 \
	55263 55275 56297 56309 56455 56746 
 am 6575 1 
 am 6634 0 50535 50837 51323 53249 54172 54295 54587 \
	54935 55263 55275 56297 56309 56455 56746 
 am 6821 1 
 am 6852 0 50535 50837 51323 53249 54295 54172 54935 \
	55263 55275 56297 56309 56455 56746 
 am 7301 1 
 am 7681 0 50535 50837 51323 53249 54172 54295 54587 \
	54935 55263 55275 56297 56309 56455 56746 
 am 7699 0 50535 50837 51323 53249 54295 54172 54935 \
	55263 55275 56297 56309 56455 56746 
 am 7769 0 50535 50837 51323 53249 54295 54172 54935 \
	55263 55275 56297 56309 56455 56746 
 am 7879 1 
 am 7911 1 
 am 8130 0 50535 50837 51323 53249 54295 54172 54935 \
	55263 55275 56297 56309 56455 56746 
 am 8831 0 50535 50837 51323 53249 54172 54295 54404 \
	54597 54587 54935 55263 55275 56297 56309 56455 56746 
 am 8951 1 
 am 9022 0 50535 50837 51323 53249 54295 54172 54935 \
	55263 55275 56297 56309 56455 56746 
 am 9310 0 50535 50837 51323 53249 54295 54172 54935 \
	55263 55275 56297 56309 56455 56746 
 am 9353 1 
 am 9516 1 
 am 9549 0 50535 50837 51323 53249 54172 54295 54404 \
	54597 54587 54935 55263 55275 56297 56309 56455 56746 
 am 9661 0 50535 50837 51323 53249 54172 54295 54404 \
	54587 54935 55263 55275 56297 56309 56455 56746 
 am 9714 1 
 am 9835 1 
 am 9896 1 
 am 56814 1 
 am 57165 0 50535 50837 51323 53249 54295 54172 54935 \
	55263 55275 56297 56309 56455 56746 
 am 57266 1 
 am 57294 1 
 am 57477 1 
 am 57496 1 
 am 57539 1 
 am 57686 0 50535 50837 51323 53249 54295 54172 54935 \
	55263 55275 56297 56309 56455 56746 
 am 57731 0 50535 50837 51323 53249 54295 54172 54935 \
	55263 55275 56297 56309 56455 56746 
 am 57798 0 50535 50837 51323 53249 54295 54172 54935 \
	55263 55275 56297 56309 56455 56746 
 am 57826 1 
 am 57870 1 
 am 57885 0 50535 50837 51323 53249 54295 54172 54935 \
	55263 55275 56297 56309 56455 56746 
 am 58006 0 50535 50837 51323 53249 54295 54172 54935 \
	55263 55275 56297 56309 56455 56746 
 am 58073 0 50535 50837 51323 53249 54295 54172 54935 \
	55263 55275 56297 56309 56455 56746 
 am 58270 1 
 am 58315 1 
 am 58323 0 50535 50837 51323 53249 54295 54172 54935 \
	55263 55275 56297 56309 56455 56746 
 am 58349 1 
 am 58493 0 50535 50837 51323 53249 54295 54172 54935 \
	55263 55275 56297 56309 56455 56746 
 am 58615 0 50535 50837 51323 53249 54295 54172 54935 \
	55263 55275 56297 56309 56455 56746 
 am 58643 1 
 am 58716 1 
 am 58755 1 
 am 59101 0 50535 50837 51323 53249 54295 54172 54935 \
	55263 55275 56297 56309 56455 56746 
 am 59516 0 50535 50837 51323 53249 54295 54172 54935 \
	55263 55275 56297 56309 56455 56746 
 am 59552 0 50535 50837 51323 53249 54295 54172 54935 \
	55263 55275 56297 56309 56455 56746 
 am 60621 1 
 am 61044 0 50535 50837 51323 53249 54172 54295 54587 \
	54935 55263 55275 56297 56309 56455 56746 
 am 61096 1 
 am 62345 0 50535 50837 51323 53249 54295 54172 54935 \
	55263 55275 56297 56309 56455 56746 
 am 62449 0 50535 50837 51323 53249 54295 54172 54935 \
	55263 55275 56297 56309 56455 56746 
 am 62492 1 
 am 62497 1 
 am 62796 0 50535 50837 51323 53249 54295 54172 54935 \
	55263 55275 56297 56309 56455 56746 
 am 63602 0 50535 50837 51323 53249 54295 54172 54935 \
	55263 55275 56297 56309 56455 56746 
 am 63667 1 
 am 64121 1 
 am 64596 0 50535 50837 51323 53249 54295 54172 54935 \
	55263 55275 56297 56309 56455 56746 
 am 64812 1 
 am 64882 0 50535 50837 51323 53249 54295 54172 54935 \
	55263 55275 56297 56309 56455 56746 
 am 65369 1 
 am 65374 1 
 am 65403 1 
 am 65432 1 
 am 66083 0 50535 50837 51323 53249 54295 54172 54935 \
	55263 55275 56297 56309 56455 56746 
 am 66084 1 
 am 66105 1 
 am 66185 1 
 am 66262 0 50535 50837 51323 53249 54295 54172 54935 \
	55263 55275 56297 56309 56455 56746 
 am 66303 0 50535 50837 51323 53249 54295 54172 54935 \
	55263 55275 56297 56309 56455 56746 
 am 66688 1 
 am 66791 1 
 am 66799 1 
 am 67471 1 
 am 68095 1 
 am 68249 1 
 am 68708 0 50535 50837 51323 53249 54295 54172 54935 \
	55263 55275 56297 56309 56455 56746 
 am 69593 1 
 am 70102 0 50535 50837 51323 53249 54295 54172 54935 \
	55263 55275 56297 56309 56455 56746 
 am 70123 0 50535 50837 51323 53249 54295 54172 54935 \
	55263 55275 56297 56309 56455 56746 
 am 70255 0 50535 50837 51323 53249 54295 54172 54935 \
	55263 55275 56297 56309 56455 56746 
 am 70266 1 
 am 70370 1 
 am 70385 0 50535 50837 51323 53249 54295 54172 54935 \
	55263 55275 56297 56309 56455 56746 
 am 70583 0 50535 50837 51323 53249 54172 54295 54587 \
	54935 55263 55275 56297 56309 56455 56746 
 am 70782 0 50535 50837 51323 53249 54295 54172 54935 \
	55263 55275 56297 56309 56455 56746 
 am 70883 1 
 am 71068 1 
 am 71147 0 50535 50837 51323 53249 54295 54172 54935 \
	55263 55275 56297 56309 56455 56746 
 am 71882 0 50535 50837 51323 53249 54295 54172 54935 \
	55263 55275 56297 56309 56455 56746 
 am 72081 0 50535 50837 51323 53249 54295 54172 54935 \
	55263 55275 56297 56309 56455 56746 
 am 72124 0 50535 50837 51323 53249 54295 54172 54935 \
	55263 55275 56297 56309 56455 56746 
 am 72149 0 50535 50837 51323 53249 54172 54295 54404 \
	54597 54587 54935 55263 55275 56297 56309 56455 56746 
 am 72380 0 50535 50837 51323 53249 54295 54172 54935 \
	55263 55275 56297 56309 56455 56746 
 am 72727 1 
 am 72824 1 
 am 73102 1 
 am 73104 0 50535 50837 51323 53249 54172 54295 54404 \
	54597 54587 54935 55263 55275 56297 56309 56455 56746 
 am 73454 0 50535 50837 51323 53249 54295 54172 54935 \
	55263 55275 56297 56309 56455 56746 
 am 74237 0 50535 50837 51323 53249 54295 54172 54935 \
	55263 55275 56297 56309 56455 56746 
 am 74441 1 
 am 74490 0 50535 50837 51323 53249 54172 54295 54404 \
	54597 54587 54935 55263 55275 56297 56309 56455 56746 
 am 74578 0 50535 50837 51323 53249 54295 54172 54935 \
	55263 55275 56297 56309 56455 56746 
 am 74786 0 50535 50837 51323 53249 54295 54172 54935 \
	55263 55275 56297 56309 56455 56746 
 am 75033 0 50535 50837 51323 53249 54172 54295 54587 \
	54935 55263 55275 56297 56309 56455 56746 
 am 75800 0 50535 50837 51323 53249 54172 54295 54587 \
	54935 55263 55275 56297 56309 56455 56746 
 am 75883 0 50535 50837 51323 53249 54172 54295 54587 \
	54935 55263 55275 56297 56309 56455 56746 
 am 75926 1 
 am 76425 0 50535 50837 51323 53249 54295 54172 54935 \
	55263 55275 56297 56309 56455 56746 
 am 77285 0 50535 50837 51323 53249 54295 54172 54935 \
	55263 55275 56297 56309 56455 56746 
 am 77698 0 50535 50837 51323 53249 54295 54172 54935 \
	55263 55275 56297 56309 56455 56746 
 am 77895 0 50535 50837 51323 53249 54295 54172 54935 \
	55263 55275 56297 56309 56455 56746 
 am 78217 1 
 am 78462 1 
 am 78554 0 50535 50837 51323 53249 54295 54172 54935 \
	55263 55275 56297 56309 56455 56746 
 am 78701 1 
 am 78832 0 50535 50837 51323 53249 54295 54172 54935 \
	55263 55275 56297 56309 56455 56746 
 am 78835 1 
 am 78890 1 
 am 78954 1 
 am 125522 0 50535 50837 51323 53249 54172 54295 54404 \
	54597 54587 54935 55263 55275 56297 56309 56455 56746 
CO
 li accept zy6 0
 ar 56746 0 0 0 0 0 0 0
 st 1

66421 char 0
na Holybull
il	54 16 \
	84 2 \
	98 2
LI
 wh 4972
 hl 140541 
CH
 lo 75033
 he 100
 lk 2
 lr 1
 sl	610 2 21 6 0 \
	680 2 21 0 0 \
	614 2 14 8 0 \
	616 2 14 3 0 \
	650 2 28 0 0 \
	652 2 28 0 0 \
	653 2 28 0 0 \
	655 2 14 1 0 \
	656 2 14 2 0 \
	612 2 28 1 0 \
	651 2 21 1 0 \
	613 2 14 0 0 \
	654 2 28 102 0 \
	600 2 21 0 0 \
	900 2 42 0 0 \
	658 2 21 0 0 \
	659 2 21 0 0 \
	657 2 21 0 0 \
	908 2 28 5 0 \
	661 2 21 4 0 \
	911 2 21 1 0 \
	909 2 21 1 0 \
	630 2 28 0 0 \
	904 2 21 0 0 \
	905 2 21 0 0 \
	641 2 28 1 0 \
	902 2 21 1 0 \
	901 2 28 0 0 \
	903 2 21 1 0 \
	906 2 21 0 0 \
	907 2 21 0 0 \
	860 2 0 0 0 \
	862 2 0 0 0 \
	863 2 0 0 0 \
	864 2 0 0 0 \
	865 2 0 0 0 \
	866 2 0 0 0 \
	867 2 0 0 0 \
	868 2 0 0 0 \
	869 2 0 0 0 \
	871 2 0 0 0 \
	872 2 0 0 0 \
	861 2 0 0 0 \
	820 2 0 0 0 \
	821 2 0 0 0 \
	822 2 0 0 0 \
	823 2 0 0 0 \
	825 2 0 0 0 \
	826 2 0 0 0 \
	827 2 0 0 0 \
	828 2 0 0 0 \
	829 2 0 0 0 \
	831 2 0 0 0 \
	832 2 0 0 0 \
	833 2 0 0 0 \
	824 2 0 0 0 \
	601 2 14 0 0 \
	602 2 14 0 0 \
	800 2 28 0 0 \
	802 2 14 5 0 \
	801 2 14 0 0 \
	803 2 14 0 0 \
	806 2 21 0 0 \
	807 2 21 0 0 \
	808 2 21 0 0 \
	809 2 21 0 0 \
	811 2 21 0 0 \
	812 2 21 0 0 \
	813 2 21 0 0 \
	814 2 21 0 0 \
	804 2 21 0 0 \
	880 2 0 0 0 \
	920 2 0 0 0 \
	881 2 0 0 0 \
	882 2 0 0 0 \
	884 2 0 0 0 \
	885 2 0 0 0 \
	886 2 0 0 0 \
	887 2 0 0 0 \
	888 2 0 0 0 \
	889 2 0 0 0 \
	891 2 0 0 0 \
	892 2 0 0 0 \
	893 2 0 0 0 \
	894 2 0 0 0 \
	883 2 0 0 0 \
	922 2 0 0 0 \
	921 2 0 0 0 \
	805 2 14 0 0 \
	611 2 28 0 0 \
	840 2 35 0 0 \
	841 2 21 0 0 \
	842 2 14 0 0 \
	843 2 21 0 0 \
	844 2 21 0 0 \
	845 2 21 0 0 \
	846 2 21 0 0 \
	847 1 14 0 0 \
	848 1 0 0 0 \
	849 1 0 0 0 \
	851 1 0 0 0 \
	852 1 0 0 0
 at 105
 df 110
 ct 50333 50535 50797 50837 51323 51665 51853 53249 53513 \
	53627 54172 54295 54404 54587 54597 54935 54948 55115 55263 55275 \
	55705 56223 56297 56309 56363 56455 56746 50333 50535 50797 50837 \
	51323 51665 51853 53249 53513 53627 54172 54295 54404 54587 54597 \
	54935 54948 55115 55263 55275 55705 56223 56297 56309 56363 56455 \
	56746 50333 50535 50797 50837 51323 51665 51853 53249 53513 53627 \
	54172 54295 54404 54587 54597 54935 54948 55115 55263 55275 55705 \
	56223 56297 56309 56363 56455 56746 50333 50535 50797 50837 51323 \
	51665 51853 53249 53513 53627 54172 54295 54404 54587 54597 54935 \
	54948 55115 55263 55275 55705 56223 56297 56309 56363 56455 56746 
CM
 im 1
 ma 74
 ca 74
 hs 1
 kw 1
CO
 li breed 54 54
 ar 54 54 0 0 0 0 0 0
 cs 2
 wa 2
 st 1
 ue 1
 de 4
 pr 3

75283 char 0
na Wacah Chan II
il	1 230 \
	54 28
tl	2 95 77 7 0 0 0 0
LI
 wh 4972
 hl 116517 148591 99618 84409 
CH
 lo 54295
 pl 51323
 he 100
 lk 3
 lr 961
 sl	650 2 28 0 0 \
	654 2 28 79 0 \
	610 2 21 0 0 \
	652 2 28 0 0 \
	614 2 14 4 0 \
	653 2 28 0 0 \
	630 2 28 0 0 \
	631 2 14 0 0 \
	639 2 21 0 0 \
	641 2 28 2 0 \
	655 2 14 0 0 \
	656 2 14 0 0 \
	651 2 21 0 0 \
	612 2 28 8 0 \
	611 2 28 0 0 \
	615 2 21 0 0
 at 80
 df 96
 mi 50
 ct 50333 50535 50797 50837 51323 51665 51853 53249 53513 \
	53627 54172 54295 54404 54587 54597 54935 54948 55115 55263 55275 \
	55705 56223 56297 56309 56363 56455 56746 50333 50535 50797 50837 \
	51323 51665 51853 53249 53513 53627 54172 54295 54404 54587 54597 \
	54935 54948 55115 55263 55275 55705 56223 56297 56309 56363 56455 \
	56746 50333 50535 50797 50837 51323 51665 51853 53249 53513 53627 \
	54172 54295 54404 54587 54597 54935 54948 55115 55263 55275 55705 \
	56223 56297 56309 56363 56455 56746 50333 50535 50797 50837 51323 \
	51665 51853 53249 53513 53627 54172 54295 54404 54587 54597 54935 \
	54948 55115 55263 55275 55705 56223 56297 56309 56363 56455 56746 \
	50333 50535 50797 50837 51323 51665 51853 53249 53513 53627 54172 \
	54295 54404 54587 54597 54935 54948 55115 55263 55275 55705 56223 \
	56297 56309 56363 56455 56746 50333 50535 50797 50837 51323 51665 \
	51853 53249 53513 53627 54172 54295 54404 54587 54597 54935 54948 \
	55115 55263 55275 55705 56223 56297 56309 56363 56455 56746 50333 \
	50535 50797 50837 51323 51665 51853 53249 53513 53627 54172 54295 \
	54404 54587 54597 54935 54948 55115 55263 55275 55705 56223 56297 \
	56309 56363 56455 56746 50333 50535 50797 50837 51323 51665 51853 \
	53249 53513 53627 54172 54295 54404 54587 54597 54935 54948 55115 \
	55263 55275 55705 56223 56297 56309 56363 56455 56746 50333 50535 \
	50797 50837 51323 51665 51853 53249 53513 53627 54172 54295 54404 \
	54587 54597 54935 54948 55115 55263 55275 55705 56223 56297 56309 \
	56363 56455 56746 50333 50535 50797 50837 51323 51665 51853 53249 \
	53513 53627 54172 54295 54404 54587 54597 54935 54948 55115 55263 \
	55275 55705 56223 56297 56309 56363 56455 56746 
CM
 hs 1
CO
 li breed 54 54
 ar 54 54 0 0 0 0 0 0
 st 1
 ue 2
 de 6
 pr 3

116517 char 0
na Buck X
il	54 1
LI
 wh 75283
CH
 lo 54295
 pl 55263
 he 100
 lk 3
 lr 995
 sl	650 2 28 0 0 \
	654 2 28 89 0 \
	653 2 28 0 0 \
	610 2 21 0 0 \
	611 2 28 0 0
 bh 3
 bp 50
 at 80
 df 80
CO
 li breed 54 54
 ar 54 54 0 0 0 0 0 0
 cs 2
 wa 5
 st 1
 de 1
 pr 3

148591 char 0
na Dragon X
il	54 2
LI
 wh 75283
CH
 lo 54295
 pl 56455
 he 100
 lk 3
 lr 993
 sl	610 2 21 0 0 \
	650 2 28 0 0 \
	654 2 28 45 0 \
	611 2 28 0 0
 bp 50
 at 80
 df 80
CO
 li breed 54 54
 ar 54 54 0 0 0 0 0 0
 cs 2
 wa 2
 st 1
 de 4
 pr 3

99618 char 0
na Dragon XI
il	1 76 \
	54 2
LI
 wh 75283
CH
 lo 54295
 pl 56455
 he 100
 lk 3
 lr 993
 sl	610 2 21 0 0 \
	650 2 28 0 0 \
	654 2 28 37 0 \
	611 2 28 0 0
 bp 50
 at 80
 df 80
CO
 li breed 54 54
 ar 54 54 0 0 0 0 0 0
 cs 2
 wa 4
 st 1
 de 2
 pr 3

84409 char 0
na Dragon XII
il	1 100 \
	54 3
LI
 wh 75283
CH
 lo 54295
 pl 56455
 he 100
 lk 3
 lr 991
 sl	610 2 21 0 0 \
	650 2 28 0 0 \
	654 2 28 46 0 \
	611 2 28 0 0
 bp 50
 at 80
 df 80
CO
 li give v283 54 0
 ar 75283 54 0 0 0 0 0 0
 st 1
 pr 1

75800 char 0
na Prexinus
tl	2 95 100 7 0 0 0 0 \
	2 94 93 4 0 0 0 0
LI
 wh 3475
CH
 lo 75883
 he 100
 lk 3
 lr 85
 sl	610 2 21 44 0 \
	614 2 14 35 0 \
	616 2 14 16 0 \
	612 2 28 2 0 \
	630 2 28 0 0 \
	631 2 14 14 0 \
	690 2 28 0 0 \
	615 2 21 49 0 \
	617 2 14 9 0 \
	691 2 21 5 0 \
	634 2 14 3 0 \
	632 2 14 3 0 \
	635 2 28 0 0 \
	633 2 14 4 0 \
	692 2 21 5 0 \
	693 2 21 5 0 \
	639 2 21 0 0 \
	641 2 28 1 0 \
	670 2 28 0 0 \
	680 2 21 0 0 \
	682 2 14 14 0 \
	671 2 14 0 0 \
	611 2 28 0 0
 pr 1
 bh 3
 at 109
 df 187
 mi 274
CM
 hs 1
MI
 ds Rimmon Musketeer
CO
 li give 3475 t269 1
 ar 3475 74269 1 0 0 0 0 0
 st 1
 ue 5
 pr 1

67395 char 0
na Zipacna
tl	2 94 57 4 0 0 0 0
LI
 wh 3475
CH
 lo 54295
 he 100
 lk 3
 lr 21
 sl	610 2 21 24 0 \
	614 2 14 28 0 \
	680 2 21 1 0 \
	611 2 28 0 0 \
	612 2 28 0 0 \
	615 2 21 10 0 \
	681 2 14 0 0 \
	682 2 14 0 0 \
	617 2 14 0 0 \
	616 2 14 5 0
 pr 1
 bh 3
 bp 50
 at 113
 df 292
 mi 71
CM
 vp 1
 pl 4972
CO
 li give 3475 54 0
 ar 3475 54 0 0 0 0 0 0
 st 1
 ue 4
 pr 1

75883 char 0
na Lightheart
il	54 1
tl	2 94 79 4 0 0 0 0 \
	2 95 100 7 0 0 0 0
LI
 wh 15350
CH
 lo 54295
 he 100
 lk 3
 lr 759
 sl	690 2 28 0 0 \
	610 2 21 55 0 \
	614 2 14 31 0 \
	720 2 21 0 0 \
	722 2 14 16 0 \
	721 2 14 15 0 \
	612 2 28 1 0 \
	617 2 14 6 0 \
	615 2 21 14 0 \
	680 2 21 1 0 \
	682 2 14 21 0 \
	616 2 14 14 0 \
	692 2 21 1 0 \
	670 2 28 0 0 \
	630 2 28 0 0 \
	639 2 21 0 0 \
	641 2 28 1 0 \
	611 2 28 0 0 \
	631 2 14 1 0 \
	671 2 14 1 0
 bh 3
 at 126
 df 192
 mi 114
CM
 hs 1
MI
 ds Rimmon Musketeer
CO
 li seek
 ar 0 0 0 0 0 0 0 0
 st 1
 ue 4
 de 7
 po 1
 pr 3

7681 char 0
na Quetzalcoatl
il	54 2 \
	70950 1
tl	2 94 50 4 0 0 0 0 \
	2 95 95 7 0 0 0 0
LI
 wh 15351
CH
 lo 54295
 pl 51323
 he 100
 lk 3
 lr 957
 sl	610 2 21 21 0 \
	630 2 28 0 0 \
	616 2 14 8 0 \
	615 2 21 18 0 \
	612 2 28 1 0 \
	641 2 28 1 0 \
	634 2 14 0 0 \
	617 2 14 1 0 \
	670 2 28 0 0 \
	671 2 14 0 0 \
	672 2 21 0 0 \
	631 2 14 14 0 \
	614 2 14 11 0 \
	613 2 14 0 0 \
	632 2 14 0 0 \
	633 2 14 0 0 \
	635 2 28 0 0 \
	680 2 21 0 0 \
	681 2 14 0 0 \
	682 2 14 0 0 \
	611 2 28 0 0
 bh 3
 at 118
 df 171
 mi 136
CM
 hs 1
MI
 ds Wearing crest of Horse Rampant
CO
 li explore
 ar 0 0 0 0 0 0 0 0
 cs 2
 wa 4
 st 1
 ue 2
 de 3
 pr 3

9661 char 0
na Falcon
il	10 626 \
	11 178 \
	12 383 \
	16 187 \
	20 35 \
	76 6 \
	94 26 \
	98 1 \
	282 192 \
	295 5
an 69541 
LI
 wh 72149
 hl 75033 6634 
CH
 lo 75800
 he 100
 lk 2
 lr 1
 sl	750 2 35 1 0 \
	752 2 28 10 0 \
	751 2 28 12 0 \
	755 2 28 0 0 \
	753 2 21 24 0 \
	756 2 28 2 0 \
	754 2 28 0 0 \
	650 2 28 0 0 \
	657 2 21 9 0 \
	655 2 14 0 0 \
	661 2 21 9 0 \
	654 2 28 167 0 \
	658 2 21 1 0 \
	652 2 28 0 0 \
	653 2 28 0 0 \
	610 2 21 20 0 \
	612 2 28 1 0 \
	900 2 42 0 0 \
	902 2 21 0 0 \
	904 2 21 0 0 \
	905 2 21 0 0 \
	906 2 21 0 0 \
	907 2 21 0 0 \
	908 2 28 0 0 \
	909 2 21 1 0 \
	911 2 21 0 0 \
	903 2 21 0 0 \
	901 2 28 0 0 \
	630 2 28 0 0 \
	611 2 28 0 0 \
	614 2 14 11 0
 ra 70
 at 80
 df 133
 ct 50333 50535 50797 50837 51323 51853 53249 53513 53627 \
	54172 54295 54404 54587 54597 54935 54948 55115 55263 55275 55705 \
	56223 56297 56309 56363 56455 56746 50333 50535 50797 50837 51323 \
	51853 53249 53513 53627 54172 54295 54404 54587 54597 54935 54948 \
	55115 55263 55275 55705 56223 56297 56309 56363 56455 56746 50333 \
	50535 50797 50837 51323 51853 53249 53513 53627 54172 54295 54404 \
	54587 54597 54935 54948 55115 55263 55275 55705 56223 56297 56309 \
	56363 56455 56746 50333 50535 50797 50837 51323 51853 53249 53513 \
	53627 54172 54295 54404 54587 54597 54935 54948 55115 55263 55275 \
	55705 56223 56297 56309 56363 56455 56746 50333 50535 50797 50837 \
	51323 51665 51853 53249 53513 53627 54172 54295 54404 54587 54597 \
	54935 54948 55115 55263 55275 55705 56223 56297 56309 56363 56455 \
	56746 50333 50535 50797 50837 51323 51665 51853 53249 53513 53627 \
	54172 54295 54404 54587 54597 54935 54948 55115 55263 55275 55705 \
	56223 56297 56309 56363 56455 56746 50333 50535 50797 50837 51323 \
	51665 51853 53249 53513 53627 54172 54295 54404 54587 54597 54935 \
	54948 55115 55263 55275 55705 56223 56297 56309 56363 56455 56746 \
	50333 50535 50797 50837 51323 51665 51853 53249 53513 53627 54172 \
	54295 54404 54587 54597 54935 54948 55115 55263 55275 55705 56223 \
	56297 56309 56363 56455 56746 50333 50535 50797 50837 51323 51665 \
	51853 53249 53513 53627 54172 54295 54404 54587 54597 54935 54948 \
	55115 55263 55275 55705 56223 56297 56309 56363 56455 56746 50333 \
	50535 50797 50837 51323 51665 51853 53249 53513 53627 54172 54295 \
	54404 54587 54597 54935 54948 55115 55263 55275 55705 56223 56297 \
	56309 56363 56455 56746 50333 50535 50797 50837 51323 51665 51853 \
	53249 53513 53627 54172 54295 54404 54587 54597 54935 54948 55115 \
	55263 55275 55705 56223 56297 56309 56363 56455 56746 50333 50535 \
	50797 50837 51323 51665 51853 53249 53513 53627 54172 54295 54404 \
	54587 54597 54935 54948 55115 55263 55275 55705 56223 56297 56309 \
	56363 56455 56746 50333 50535 50797 50837 51323 51665 51853 53249 \
	53513 53627 54172 54295 54404 54587 54597 54935 54948 55115 55263 \
	55275 55705 56223 56297 56309 56363 56455 56746 50333 50535 50797 \
	50837 51323 51665 51853 53249 53513 53627 54172 54295 54404 54587 \
	54597 54935 54948 55115 55263 55275 55705 56223 56297 56309 56363 \
	56455 56746 50333 50535 50797 50837 51323 51665 51853 53249 53513 \
	53627 54172 54295 54404 54587 54597 54935 54948 55115 55263 55275 \
	55705 56223 56297 56309 56363 56455 56746 50333 50535 50797 50837 \
	51323 51665 51853 53249 53513 53627 54172 54295 54404 54587 54597 \
	54935 54948 55115 55263 55275 55705 56223 56297 56309 56363 56455 \
	56746 50333 50535 50797 50837 51323 51665 51853 53249 53513 53627 \
	54172 54295 54404 54587 54597 54935 54948 55115 55263 55275 55705 \
	56223 56297 56309 56363 56455 56746 50333 50535 50797 50837 51323 \
	51665 51853 53249 53513 53627 54172 54295 54404 54587 54597 54935 \
	54948 55115 55263 55275 55705 56223 56297 56309 56363 56455 56746 \
	50333 50535 50797 50837 51323 51665 51853 53249 53513 53627 54172 \
	54295 54404 54587 54597 54935 54948 55115 55263 55275 55705 56223 \
	56297 56309 56363 56455 56746 50333 50535 50797 50837 51323 51665 \
	51853 53249 53513 53627 54172 54295 54404 54587 54597 54935 54948 \
	55115 55263 55275 55705 56223 56297 56309 56363 56455 56746 50333 \
	50535 50797 50837 51323 51665 51853 53249 53513 53627 54172 54295 \
	54404 54587 54597 54935 54948 55115 55263 55275 55705 56223 56297 \
	56309 56363 56455 56746 50333 50535 50797 50837 51323 51665 51853 \
	53249 53513 53627 54172 54295 54404 54587 54597 54935 54948 55115 \
	55263 55275 55705 56223 56297 56309 56363 56455 56746 50333 50535 \
	50797 50837 51323 51665 51853 53249 53513 53627 54172 54295 54404 \
	54587 54597 54935 54948 55115 55263 55275 55705 56223 56297 56309 \
	56363 56455 56746 50333 50535 50797 50837 51323 51665 51853 53249 \
	53513 53627 54172 54295 54404 54587 54597 54935 54948 55115 55263 \
	55275 55705 56223 56297 56309 56363 56455 56746 50333 50535 50797 \
	50837 51323 51665 51853 53249 53513 53627 54172 54295 54404 54587 \
	54597 54935 54948 55115 55263 55275 55705 56223 56297 56309 56363 \
	56455 56746 
CM
 im 1
 ma 11
 ca 12
 pr 1
 vp 2
 pl 4972
 vi 57046 57154 57266 57352 57477 57516 57646 57826 57885 58270 \
	58323 58349 58643 
MI
 ds in a grey cloak and falconer's gloves
CO
 li breed 282 282
 ar 282 282 0 0 0 0 0 0
 wa 7
 st 1
 ue 2
 pr 3

75033 char 0
na Equo
il	1 5639 \
	21 101 \
	22 34 \
	54 3 \
	282 6 \
	288 2 \
	60570 1 \
	67258 1 \
	95046 1 \
	109345 1 \
	144200 1
LI
 wh 9661
CH
 lo 75800
 he 100
 lk 2
 lr 2
 sl	800 2 28 0 0 \
	802 2 14 44 0 \
	801 2 14 3 0 \
	803 2 14 0 0 \
	804 2 21 0 0 \
	805 2 14 0 0 \
	610 2 21 2 0 \
	614 2 14 13 0 \
	612 2 28 1 0 \
	809 2 21 0 0 \
	808 2 21 7 0 \
	812 2 21 0 0 \
	811 2 21 0 0 \
	806 2 21 12 0 \
	813 2 21 26 0 \
	814 2 21 0 0 \
	630 2 28 0 0 \
	617 2 14 0 0 \
	641 2 28 1 0 \
	807 2 21 2 0 \
	900 2 42 0 0 \
	902 2 21 1 0 \
	903 2 21 18 0 \
	690 2 28 0 0 \
	904 2 21 0 0 \
	905 2 21 1 0 \
	906 2 21 0 0 \
	907 2 21 1 0 \
	908 2 28 8 0 \
	909 2 21 3 0 \
	911 2 21 0 0 \
	639 2 21 0 0 \
	695 2 21 0 0 \
	901 2 28 0 0 \
	615 2 21 4 0 \
	693 2 21 0 0 \
	840 2 0 0 0 \
	841 2 0 1 0 \
	842 2 0 3 0 \
	843 2 0 0 0 \
	844 2 0 0 0 \
	845 2 0 0 0 \
	846 2 0 0 0 \
	847 2 0 1 0 \
	848 2 0 0 0 \
	849 2 0 0 0 \
	851 2 0 0 0 \
	852 2 0 0 0 \
	692 2 21 2 0 \
	650 2 28 0 0 \
	653 2 28 0 0 \
	860 2 0 0 0 \
	861 2 0 0 0 \
	862 2 0 4 0 \
	863 2 0 0 0 \
	864 2 0 0 0 \
	865 2 0 0 0 \
	866 2 0 0 0 \
	867 2 0 0 0 \
	868 2 0 0 0 \
	869 2 0 0 0 \
	871 2 0 0 0 \
	872 2 0 0 0 \
	652 2 28 0 0 \
	880 2 0 0 0 \
	920 2 0 0 0 \
	881 2 0 1 0 \
	882 2 0 0 0 \
	883 2 0 0 0 \
	884 2 0 0 0 \
	885 2 0 0 0 \
	886 2 0 0 0 \
	887 2 0 0 0 \
	888 2 0 0 0 \
	889 2 0 0 0 \
	891 2 0 0 0 \
	892 2 0 0 0 \
	893 2 0 0 0 \
	894 2 0 0 0 \
	922 2 0 8 0 \
	921 2 0 3 0 \
	611 2 28 0 0 \
	654 2 28 40 0 \
	651 2 21 0 0 \
	820 2 0 0 0 \
	821 2 0 0 0 \
	822 2 0 0 0 \
	823 2 0 0 0 \
	826 2 0 0 0 \
	828 2 0 0 0 \
	829 2 0 0 0 \
	831 2 0 0 0 \
	832 2 0 0 0 \
	833 2 0 0 0 \
	824 2 0 0 0 \
	827 2 0 0 0 \
	825 2 0 0 0 \
	655 2 14 0 0 \
	656 2 14 0 0 \
	631 2 14 0 0
 bh 3
 ra 70
 at 80
 df 149
 mi 66
CM
 im 1
 ma 5
 ca 111
 hs 1
 kw 1
 pl 67277
 ar 67258
MI
 ds Rimmon Musketeer
CO
 li trance
 ar 0 0 0 0 0 0 0 0
 cs 2
 wa 3
 st 1
 ue 2
 de 25
 pr 3

6634 char 0
na Yaxchilan
il	10 4 \
	12 6 \
	54 3 \
	98 2
tl	2 70120 44 72 0 0 0 0 \
	2 94 23 4 0 0 0 0
an 4339 77145 80362 81857 
LI
 wh 9661
CH
 lo 54295
 he 100
 lk 3
 lr 811
 sl	630 2 28 0 0 \
	610 2 21 41 0 \
	614 2 14 24 0 \
	631 2 14 7 0 \
	720 2 21 0 0 \
	721 2 14 8 0 \
	722 2 14 14 0 \
	615 2 21 20 0 \
	617 2 14 31 0 \
	612 2 28 1 0 \
	616 2 14 10 0 \
	613 2 14 0 0 \
	723 2 14 0 0 \
	680 2 21 2 0 \
	682 2 14 11 0 \
	681 2 14 0 0 \
	632 2 14 0 0 \
	633 2 14 0 0 \
	700 2 21 0 0 \
	702 2 14 20 0 \
	641 2 28 1 0 \
	670 2 28 0 0 \
	671 2 14 2 0 \
	672 2 21 0 0 \
	639 2 21 0 0
 bh 3
 at 112
 df 173
 mi 115
CM
 hs 1
CO
 li train 12 10
 ar 12 10 10 6 0 0 0 0
 cs 2
 wa -1
 st 1
 ue 4
 de 6
 po 1
 pr 3

70920 char 0
na Xabalanque
il	1 653 \
	54 1
tl	2 94 31 4 0 0 0 0
LI
 wh 15452
CH
 lo 54295
 he 100
 lk 3
 lr 40
 sl	610 2 21 22 0 \
	680 2 21 0 0 \
	614 2 14 10 0 \
	617 2 14 4 0 \
	611 2 28 0 0 \
	615 2 21 6 0 \
	612 2 28 2 0
 bh 3
 at 80
 df 138
 mi 76
CM
 vp 1
CO
 li seek
 ar 0 0 0 0 0 0 0 0
 cs 2
 wa 5
 st 1
 ue 2
 de 2
 po 1
 pr 3

