54339 player pl_regular
na Heathers
il	1 4782 \
	78 100
ad 52578 53013 54339 54527 55565 55827 
CH
PL
 fn Jim Kinney
 em spsjpk@panther.gsu.edu, map@oldbro.com
 ve spsjpk@panther.gsu.edu
 pw buttercup
 np 7
 ft 38
 so 1
 lt 260
 kn 69 600 601 602 603 610 611 612 613 614 \
	615 616 617 630 636 637 639 641 650 651 652 \
	653 654 655 656 657 658 659 661 670 671 672 \
	680 682 690 691 692 693 694 695 697 700 702 \
	703 704 720 721 722 730 732 733 800 801 802 \
	803 804 805 806 807 808 809 811 812 813 814 \
	820 821 822 823 824 825 826 827 829 831 832 \
	833 840 841 842 843 844 845 846 847 848 849 \
	851 852 860 861 862 863 864 865 866 867 868 \
	869 871 872 880 881 900 901 902 903 904 905 \
	906 907 908 909 911 2295 4268 4284 4680 7170 8468 \
	9886 12293 12393 16778 16779 16780 16781 16782 16878 16881 16882 \
	16967 16968 16978 16979 16980 16981 16982 17067 17068 17078 17079 \
	17080 17081 17082 17107 17108 17109 17110 17111 17167 17168 17174 \
	17175 17176 17177 17178 17179 17180 17204 17206 17207 17209 17210 \
	17211 17267 17268 17269 17270 17271 17272 17273 17274 17276 17277 \
	17278 17279 17304 17307 17308 17309 17365 17366 17367 17368 17369 \
	17370 17373 17376 17377 17378 17379 17404 17407 17409 17464 17465 \
	17466 17467 17468 17469 17471 17472 17473 17476 17477 17478 17479 \
	17480 17481 17482 17492 17493 17494 17500 17501 17502 17503 17504 \
	17505 17506 17507 17508 17509 17510 17511 17512 17513 17514 17515 \
	17563 17564 17565 17566 17567 17568 17569 17570 17571 17572 17573 \
	17574 17575 17576 17577 17578 17579 17580 17582 17583 17584 17585 \
	17586 17587 17588 17589 17590 17591 17592 17593 17594 17595 17596 \
	17597 17598 17599 17600 17601 17602 17603 17604 17607 17608 17609 \
	17610 17611 17615 17662 17663 17664 17665 17666 17667 17668 17669 \
	17670 17671 17672 17673 17674 17675 17676 17677 17678 17679 17680 \
	17686 17689 17690 17691 17692 17693 17694 17695 17696 17697 17698 \
	17699 17711 17712 17713 17714 17715 17762 17763 17764 17765 17766 \
	17767 17768 17769 17770 17771 17772 17773 17774 17775 17776 17777 \
	17778 17779 17780 17785 17786 17791 17792 17793 17796 17798 17862 \
	17863 17864 17865 17866 17867 17868 17869 17870 17871 17872 17873 \
	17874 17875 17876 17877 17878 17879 17880 17881 17882 17883 17884 \
	17885 17886 17890 17891 17892 17893 17898 17962 17963 17964 17965 \
	17966 17967 17968 17969 17970 17971 17972 17973 17974 17975 17976 \
	17977 17978 17979 17980 17981 17982 17983 17984 17985 17986 17989 \
	17990 17992 17993 17997 17998 18062 18063 18064 18065 18066 18067 \
	18068 18069 18070 18071 18072 18073 18074 18075 18076 18077 18078 \
	18079 18080 18081 18082 18083 18084 18086 18088 18089 18090 18091 \
	18092 18093 18094 18095 18096 18097 18162 18163 18164 18165 18167 \
	18168 18169 18170 18171 18172 18173 18174 18175 18176 18177 18178 \
	18179 18180 18181 18182 18183 18184 18185 18186 18188 18189 18193 \
	18265 18266 18267 18269 18270 18271 18272 18273 18274 18275 18276 \
	18277 18278 18279 18280 18281 18282 18283 18284 18285 18286 18287 \
	18288 18289 18290 18291 18292 18293 18363 18364 18365 18370 18371 \
	18372 18373 18374 18375 18376 18377 18378 18379 18380 18381 18382 \
	18383 18384 18385 18386 18389 18390 18463 18464 18465 18466 18467 \
	18468 18469 18470 18471 18472 18473 18474 18475 18476 18477 18478 \
	18479 18480 18485 18486 18487 18488 18490 18491 18492 18493 18564 \
	18567 18569 18570 18571 18572 18573 18574 18575 18576 18577 18578 \
	18579 18580 18581 18582 18583 18584 18585 18586 18587 18588 18589 \
	18593 18656 18657 18658 18659 18660 18661 18662 18663 18664 18667 \
	18668 18669 18670 18671 18672 18673 18674 18675 18676 18677 18678 \
	18679 18680 18681 18689 18690 18691 18692 18693 18756 18764 18765 \
	18766 18767 18768 18769 18770 18771 18772 18773 18774 18775 18776 \
	18777 18778 18779 18780 18781 18789 18790 18793 18855 18856 18872 \
	18873 18874 18875 18876 18878 18880 18881 18954 18955 18972 18978 \
	18979 18980 19054 19072 19078 19153 19154 19172 19253 19272 19353 \
	19372 19451 19452 19453 19454 19455 19456 19457 19458 19459 19460 \
	19461 19462 19463 19464 19465 19466 19467 19468 19469 19470 19471 \
	19472 19553 20142 20495 20547 20739 20776 21225 21430 21811 23288 \
	23653 23795 24100 24398 24911 24923 24949 25063 25166 25372 25563 \
	26330 26584 26586 26750 26920 26988 27666 27897 28090 28136 28150 \
	28479 28486 28792 28968 29117 31052 31093 31398 31470 32514 32560 \
	32686 32867 33629 33877 34214 34279 36049 36277 36970 37311 37494 \
	37893 38109 38206 38375 38753 38761 39242 39467 39587 40343 40890 \
	41944 42791 43065 43234 43357 43697 44060 44907 44998 45127 45230 \
	45682 45726 46190 46398 46464 46482 46640 46857 47737 47832 47928 \
	48181 49357 49484 56761 56768 56777 56780 56889 56959 57001 57006 \
	57012 57030 57133 57153 57177 57189 57195 57204 57216 57295 57326 \
	57430 57503 57602 57609 57849 57943 57957 57978 58112 58119 58251 \
	58307 58380 58547 58573 58592 58666 58676 58693 58705 58730 59043 \
	59176 59229 59565 60290 60314 60650 60921 60980 61201 61643 61843 \
	61954 62201 62442 62478 62535 62651 62690 63139 63309 63952 64290 \
	64313 64576 64610 65147 65785 65822 65909 66087 66133 66203 66845 \
	66925 66937 66989 67289 67400 67518 67865 67893 68155 68382 68474 \
	68573 68743 69090 69230 69636 70041 70205 70264 70312 70666 70685 \
	70697 70712 70802 70971 71014 71301 71506 71898 72455 72624 72766 \
	72940 73004 73435 73609 73951 73972 75095 75419 75927 76249 76285 \
	76416 76451 76639 76704 76718 77108 77345 77652 77946 78001 78084 \
	78238 78454 78703 78892 83838 94051 114222 117538 122868 125112 125132 \
	130020 146209 
 un 149903 77933 2343 8178 93448 92453 5515 5124 2879 \
	4240 5055 78150 4333 3630 2141 97750 8292 
 uf 3563 78908 63976 88358 83355 
 am 2141 0 53013 54339 55565 
 am 2295 0 53013 54339 55565 
 am 2879 0 53013 54339 55565 
 am 3630 0 53013 54339 55565 
 am 4063 0 53013 54339 55565 
 am 4240 0 53013 54339 55565 
 am 4268 0 54339 53013 55565 
 am 4333 0 53013 54339 55565 
 am 4678 0 53013 54339 55565 
 am 4680 0 53013 54339 55565 
 am 4857 0 53013 54339 55565 
 am 5055 0 53013 54339 55565 
 am 5124 0 53013 54339 55565 
 am 5515 0 53013 54339 55565 
 am 6081 0 53013 54339 55565 
 am 7025 0 53013 54339 55565 
 am 7170 0 54339 53013 55565 
 am 7481 0 53013 54339 55565 
 am 7633 0 53013 54339 55565 
 am 8049 0 53013 54339 55565 
 am 8178 0 53013 54339 55565 
 am 8292 0 53013 54339 55565 
 am 8468 0 53013 54339 55565 
 am 8956 0 53013 54339 55565 
 am 59043 0 53013 54339 55565 
 am 59517 0 53013 54339 55565 
 am 59797 0 53013 54339 55565 
 am 60314 0 54339 53013 55565 
 am 60480 0 53013 54339 55565 
 am 60980 0 53013 54339 55565 
 am 61201 0 54339 53013 55565 
 am 62457 0 53013 54339 55565 
 am 64610 0 53013 54339 55565 
 am 65758 0 53013 54339 55565 
 am 67400 0 53013 54339 55565 
 am 68155 0 53013 54339 55565 
 am 68474 0 53013 54339 55565 
 am 68573 0 53013 54339 55565 
 am 69090 0 53013 54339 55565 
 am 69825 0 53013 54339 55565 
 am 70199 0 53013 54339 55565 
 am 70205 0 53013 54339 55565 
 am 70264 0 53013 54339 55565 
 am 70312 0 53013 54339 55565 
 am 70666 0 53013 54339 55565 
 am 71506 0 53013 54339 55565 
 am 71974 0 53013 54339 55565 
 am 75419 0 53013 54339 55565 
 am 76535 0 53013 54339 55565 
 am 77789 0 53013 54339 55565 
 am 78150 0 53013 54339 55565 
 am 78454 0 53013 54339 55565 
 am 83838 0 53013 54339 55565 
 am 93448 0 53013 54339 55565 
 am 93802 0 53013 54339 55565 
 am 146209 0 53013 54339 55565 
 am 149903 0 53013 54339 55565 
CO
 li accept zh8 0 
 ar 56578 0 0 0 0 0 0 0
 st 1

149903 char ni
il	1 785 \
	54 5 \
	98 2
ah 1582 2562 2592 2804 2989 3225 3259 3304 3643 \
	3876 3920 4339 5134 5175 5301 6019 6356 6810 6895 7196 \
	7489 7834 8001 8289 8314 9311 9494 9574 9578 9580 9625 \
	9711 9814 9820 9910 9918 59309 59476 59537 60193 60545 61233 \
	63117 63468 64265 64514 65758 65817 66219 66305 66992 67570 68848 \
	69718 72654 73549 74254 75165 75303 75504 75846 76258 77738 78748 \
	93448 93570 118284 134554 149217 
LI
 wh 12393
CH
 ni 32
 lo 54339
 he -1
 lk 4
 mo 7796
 at 60
 df 60
CM
 ot 61626
MI
 ca r
CO
 li move s
 ar 0 3 12493 0 0 15 12393 0
 cs 2
 wa 10
 st 1
 de 5
 pr 2

77933 char 0
na Runt
il	1 431 \
	54 2
tl	2 94 820 4 0 0 0 0 \
	2 95 924 7 0 0 0 0
an 4678 53013 54339 55565 
LI
 wh 12393
CH
 lo 54339
 he 100
 lk 3
 lr 57
 sl	610 2 21 25 0 \
	630 2 28 0 0 \
	641 2 28 1 0 \
	612 2 28 1 0 \
	670 2 28 0 0 \
	671 2 14 0 0 \
	672 2 21 4 0 \
	637 0 0 0 0 \
	636 0 0 0 0 \
	611 2 28 0 0 \
	880 1 28 0 0
 mo 7796
 bh 5
 at 80
 df 80
CM
 hs 1
CO
 li move s
 ar 0 3 12493 0 0 15 12393 0
 cs 2
 wa 10
 st 1
 ue 1
 de 5
 pr 2

2343 char 0
na L. T. Dirt
il	1 1739 \
	54 18
tl	2 95 82 7 0 0 0 0
an 53013 54339 55565 
LI
 wh 17598
CH
 lo 54339
 he 100
 lk 3
 lr 31
 sl	610 2 21 59 0 \
	612 2 28 1 0 \
	630 2 28 0 0 \
	641 2 28 1 0 \
	611 2 28 0 0
 mo 7798
 bh 9
 at 80
 df 80
CM
 hs 1
CO
 li fly n
 ar 0 1 17498 0 0 4 17598 0
 cs 2
 wa 1
 st 1
 ue 1
 de 3
 pr 2

8178 char 0
na Hea
il	1 3209 \
	19 8 \
	54 3 \
	98 1 \
	97399 1
tl	2 95 13 7 0 0 0 0 \
	2 74757 453 92 0 0 0 0 \
	2 94719 999 83 0 0 0 0 \
	2 94 954 4 0 0 0 0 \
	2 99623 50 85 0 0 0 0
LI
 wh 58666
CH
 lo 54339
 he 100
 lk 3
 lr 61
 sl	680 2 21 1 0 \
	682 2 14 20 0 \
	610 2 21 52 0 \
	612 2 28 1 0 \
	615 2 21 2 0 \
	617 2 14 26 0 \
	600 2 21 0 0 \
	601 2 14 102 0 \
	616 2 14 10 0 \
	611 2 28 0 0 \
	602 2 14 0 0 \
	730 2 21 0 0 \
	732 2 14 1 0 \
	733 2 14 0 0 \
	700 1 14 0 0
 bh 5
 at 80
 df 80
 mi 50
CM
 vp 4
CO
 li study 700
 ar 700 0 0 0 0 0 0 0
 st 1
 ue 1
 de 7
 po 1
 pr 3

93448 char 0
na Bedford
il	1 11686 \
	19 8 \
	261 2 \
	107747 34
tl	1 107747 217 65 0 0 0 0 \
	2 107747 251 126 0 0 0 0 \
	2 95 957 7 0 0 0 0 \
	1 99623 949 35 0 0 0 0 \
	2 99623 899 85 0 0 0 0
LI
 wh 58666
CH
 lo 54339
 pl 54524
 he 100
 lk 3
 lr 58
 sl	610 2 21 1 0 \
	612 2 28 1 0 \
	600 2 21 0 0 \
	601 2 14 44 0 \
	611 2 28 0 0 \
	630 2 28 0 0 \
	730 2 21 0 0 \
	733 2 14 0 0 \
	732 2 14 0 0
 bh 5
 at 80
 df 80
CM
 vp 3
CO
 li study 732
 ar 732 0 0 0 0 0 0 0
 wa 7
 ue 1
 po 1
 pr 3

92453 char ni
na Ashnak the Free
il	1 20847 \
	271 1 \
	280 57 \
	282 44
LI
 wh 76639
CH
 ni 287
 lo 54339
 he -1
 lk 4
 bh 9
 ra 70
 at 60
 df 60
CM
 ot 67840
MI
 ca r
CO
 li seek
 ar 0 0 0 0 0 0 0 0
 cs 2
 wa 5
 st 1
 de 2
 po 1
 pr 3

5515 char 0
na Heather
il	1 1760 \
	10 10 \
	12 14 \
	20 26 \
	54 14 \
	74 16 \
	79 6 \
	98 6
tl	2 95 914 7 0 0 0 0
LI
 wh 18275
CH
 lo 54339
 he 100
 lk 2
 lr 1
 sl	610 2 21 72 0 \
	700 2 21 0 0 \
	680 2 21 7 0 \
	682 2 14 36 0 \
	690 2 28 0 0 \
	611 2 28 0 0 \
	691 2 21 0 0 \
	704 2 14 0 0 \
	702 2 14 31 0 \
	617 2 14 93 0 \
	612 2 28 1 0 \
	616 2 14 51 0 \
	615 2 21 6 0
 bh 5
 at 80
 df 80
 mi 116
CM
 vp 2
 pl 5124
CO
 li make 74
 ar 74 0 0 16 0 0 0 0
 cs 2
 wa -1
 st 1
 ue 2
 de 16
 po 1
 pr 3

5124 char 0
na Jason
il	1 18700 \
	55 2 \
	95 1
tl	2 72513 679 138 0 0 0 0 \
	1 74757 414 20 0 0 0 0 \
	1 94719 309 30 0 0 0 0
LI
 wh 67400
 hl 2879 3550 
CH
 lo 54339
 he 100
 lk 2
 lr 1
 sl	610 2 21 61 0 \
	680 2 21 6 0 \
	612 2 28 1 0 \
	613 2 14 9 0 \
	611 2 28 0 0 \
	616 2 14 45 0 \
	617 2 14 76 0 \
	700 2 21 0 0 \
	702 2 14 0 0 \
	630 2 28 0 0 \
	650 2 28 0 0 \
	654 2 28 80 0
 bh 5
 ra 40
 at 80
 df 80
CM
 vp 4
 pl 8473
CO
 li breed 55 55
 ar 55 55 0 0 0 0 0 0
 cs 2
 wa 7
 st 1
 ue 2
 de 6
 pr 3

2879 char 0
na Heather
il	1 12481 \
	10 15 \
	12 57 \
	54 17 \
	55 555 \
	74 12 \
	76 12 \
	79 57 \
	84 3 \
	95 6 \
	271 3 \
	279 5 \
	280 1 \
	282 443 \
	291 1 \
	59648 1 \
	61560 1 \
	61626 1 \
	62396 1 \
	62651 1 \
	63460 1 \
	67840 1 \
	68517 1 \
	68613 1 \
	69357 1
tl	2 87 9999 2 0 0 0 0 \
	2 95 881 7 0 0 0 0
ah 1222 1582 2562 2592 2804 2989 3225 3259 3304 \
	3643 3876 3920 4339 5134 5175 5301 6019 6356 6810 6895 \
	7196 7489 7834 8001 8289 8314 9311 9574 9578 9580 9625 \
	9711 9814 9820 9910 9918 59309 59476 59537 60193 60545 61233 \
	63468 64265 64514 65758 65817 66305 66992 67570 68848 69636 69735 \
	71426 71949 72654 73549 74254 75165 75303 75504 75846 76258 78748 \
	93570 118284 134554 149217 
LI
 wh 5124
 hl 2738 4240 5055 78150 4333 
CH
 lo 54339
 he 100
 lk 2
 lr 2
 sl	610 2 21 44 0 \
	800 2 28 0 0 \
	802 2 14 9 0 \
	600 2 21 0 0 \
	602 2 14 2 0 \
	601 2 14 37 0 \
	630 2 28 0 0 \
	612 2 28 1 0 \
	641 2 28 1 0 \
	900 2 42 0 0 \
	911 2 21 1 0 \
	806 2 21 4 0 \
	903 2 21 20 0 \
	805 2 14 0 0 \
	804 2 21 0 0 \
	801 2 14 0 0 \
	909 2 21 0 0 \
	908 2 28 1 0 \
	905 2 21 0 0 \
	904 2 21 0 0 \
	803 2 14 0 0 \
	902 2 21 1 0 \
	840 2 35 0 0 \
	852 2 21 0 0 \
	841 2 21 2 0 \
	846 2 21 12 0 \
	848 2 21 0 0 \
	849 2 21 19 0 \
	844 2 21 4 0 \
	851 2 21 3 0 \
	807 2 21 0 0 \
	845 2 21 7 0 \
	650 2 28 0 0 \
	653 2 28 0 0 \
	843 2 21 1 0 \
	654 2 28 61 0 \
	611 2 28 0 0 \
	813 2 21 12 0 \
	842 2 14 0 0 \
	847 2 21 0 0 \
	906 2 21 0 0 \
	907 2 21 0 0 \
	809 2 21 0 0 \
	811 2 21 0 0 \
	808 2 21 0 0 \
	814 2 21 0 0 \
	812 2 21 0 0 \
	652 2 28 0 0 \
	901 2 28 0 0 \
	860 2 35 0 0 \
	869 2 14 0 0 \
	863 2 14 0 0 \
	862 2 14 0 0 \
	861 2 14 0 0 \
	864 2 14 0 0 \
	871 2 21 0 0 \
	865 2 14 0 0 \
	866 2 14 0 0 \
	867 2 21 0 0 \
	872 2 21 0 0 \
	868 2 21 0 0 \
	880 2 42 0 0 \
	820 2 35 0 0 \
	821 2 21 0 0 \
	822 2 21 0 0 \
	670 2 0 0 0 \
	639 2 0 0 0 \
	672 2 0 0 0 \
	671 2 0 0 0 \
	881 2 14 0 0 \
	823 2 21 0 0 \
	824 2 21 0 0 \
	827 2 21 0 0 \
	826 1 0 0 0 \
	825 1 0 0 0 \
	831 1 0 0 0 \
	829 1 0 0 0 \
	832 1 0 0 0 \
	833 1 0 0 0
 ra 70
 at 80
 df 80
CM
 im 1
 ma 57
 ca 31
 rb 1
 hs 1
 kw 1
 vp 8
 pl 7761
CO
 li breed 54 54
 ar 54 54 0 0 0 0 0 0
 cs 2
 wa 2
 st 1
 ue 2
 de 4
 pr 3

4240 char 0
na Plebe 2
il	1 3641 \
	10 1 \
	12 1 \
	54 5 \
	55 2 \
	69 1 \
	282 62 \
	286 1 \
	59559 1 \
	61638 1 \
	68674 1 \
	69799 1 \
	73404 1 \
	87807 1
tl	2 95 46 7 0 0 0 0
ah 1222 2592 59476 66219 67472 68848 69718 77738 93570 \
	105202 114222 
LI
 wh 2879
CH
 lo 54339
 he 100
 lk 3
 lr 91
 sl	610 2 21 20 0 \
	650 2 28 0 0 \
	652 2 28 0 0 \
	654 2 28 137 0 \
	658 0 0 0 0 \
	657 2 21 26 0 \
	659 1 7 0 0 \
	661 2 21 2 0 \
	655 2 14 28 0 \
	612 2 28 1 0 \
	653 2 28 0 0 \
	611 2 28 0 0
 at 80
 df 80
CM
 vp 4
CO
 li breed 55 55
 ar 55 55 0 0 0 0 0 0
 cs 2
 wa 7
 st 1
 ue 1
 de 6
 pr 3

5055 char 0
na Initiate 1
il	1 746 \
	55 2 \
	70979 1
tl	2 95 993 7 0 0 0 0
LI
 wh 2879
CH
 lo 54339
 he 100
 lk 3
 lr 94
 sl	610 2 21 26 0 \
	612 2 28 1 0 \
	650 2 28 0 0 \
	652 2 28 0 0 \
	654 2 28 121 0 \
	653 2 28 0 0 \
	651 2 21 4 0 \
	617 2 14 16 0 \
	659 2 21 0 0 \
	657 2 21 6 0 \
	611 2 28 0 0
 bh 6
 at 80
 df 80
CM
 vp 2
CO
 li breed 55 55
 ar 55 55 0 0 0 0 0 0
 cs 2
 wa 7
 st 1
 ue 2
 de 6
 pr 3

78150 char 0
na Sir Bahlor
il	1 631 \
	52 1 \
	54 1 \
	55 2 \
	61419 1
ah 63117 
LI
 wh 2879
CH
 lo 54339
 pl 56542
 he 100
 lk 3
 lr 102
 sl	650 2 28 0 0 \
	610 2 21 16 0 \
	656 2 14 9 0 \
	655 2 14 10 0 \
	652 2 28 0 0 \
	654 2 28 132 0 \
	653 2 28 0 0 \
	630 2 28 0 0 \
	641 2 28 1 0 \
	612 2 28 1 0 \
	611 2 28 0 0
 bh 5
 at 80
 df 80
CM
 hs 1
 vp 4
 pl 4333
MI
 ds Former Knight of the Crown
CO
 li breed 55 55
 ar 55 55 0 0 0 0 0 0
 cs 2
 wa 7
 st 1
 ue 1
 de 6
 pr 3

4333 char 0
na Heather
il	55 2 \
	117538 1
tl	2 95 659 7 0 0 0 0 \
	2 87 697 2 0 0 0 0 \
	2 99 1 132 0 0 0 0
ah 1582 2562 2804 2989 3225 3259 3304 3643 3876 \
	3920 4339 5134 5175 5301 6019 6356 6810 6895 7196 7489 \
	7834 8001 8289 8542 9311 9574 9578 9580 9625 9711 9814 \
	9820 9910 9918 59309 59537 60193 60545 61233 63468 64265 64514 \
	65758 65817 66305 66992 67570 72654 73549 74254 75165 75303 75504 \
	75846 76258 78748 105202 114222 118284 134554 149217 
LI
 wh 2879
CH
 lo 54339
 he 100
 lk 2
 lr 2
 sl	700 2 21 0 0 \
	610 2 21 35 0 \
	600 2 21 0 0 \
	601 2 14 17 0 \
	602 2 14 2 0 \
	690 2 28 36 0 \
	603 2 14 3 0 \
	693 2 21 19 0 \
	691 2 21 3 0 \
	704 2 14 20 0 \
	630 2 28 0 0 \
	702 2 14 35 0 \
	680 2 21 2 0 \
	694 2 21 0 0 \
	697 2 28 0 0 \
	639 2 21 0 0 \
	695 2 21 21 0 \
	637 2 21 0 0 \
	641 2 28 1 0 \
	611 2 28 0 0 \
	617 2 14 18 0 \
	612 2 28 1 0 \
	692 2 21 0 0 \
	650 2 28 0 0 \
	654 2 28 74 0
 bh 5
 at 80
 df 80
CM
 hs 1
 vp 3
 pl 7761
CO
 li breed 55 55
 ar 55 55 0 0 0 0 0 0
 cs 2
 wa 7
 st 1
 ue 1
 de 6
 pr 3

3630 char 0
na Gofer
il	1 804 \
	11 32 \
	15 8 \
	52 2 \
	74 10 \
	76 3 \
	79 4
tl	2 95 9968 7 0 0 0 0
ah 63117 
LI
 wh 68474
CH
 lo 54339
 he 100
 lk 3
 lr 813
 sl	610 2 21 24 0 \
	630 2 28 0 0 \
	720 2 21 0 0 \
	721 2 14 143 0 \
	722 2 14 41 0 \
	611 2 28 0 0 \
	612 2 28 1 0 \
	617 2 14 46 0 \
	616 2 14 13 0 \
	641 2 28 1 0 \
	639 2 21 0 0 \
	680 2 21 5 0
 bh 5
 at 80
 df 80
CM
 hs 1
 vp 1
CO
 li make 74
 ar 74 0 0 4 0 0 0 0
 cs 2
 wa -1
 st 1
 ue 5
 de 4
 po 1
 pr 3

2141 char 0
na Veronica
il	1 413 \
	11 5 \
	72 15 \
	61282 1 \
	66325 1 \
	70183 1 \
	75000 1 \
	111041 1
tl	2 95 831 7 0 0 0 0 \
	1 72513 658 35 0 0 0 0 \
	2 94719 349 83 0 0 0 0
LI
 wh 65822
CH
 lo 54339
 he 100
 lk 3
 lr 92
 sl	610 2 21 57 0 \
	700 2 21 0 0 \
	680 2 21 0 0 \
	702 2 14 69 0 \
	690 2 28 2 0 \
	693 2 21 15 0 \
	704 2 14 14 0 \
	691 2 21 2 0 \
	612 2 28 1 0 \
	630 2 28 0 0 \
	636 0 0 0 0 \
	641 2 28 1 0 \
	639 2 21 0 0 \
	703 2 14 67 0 \
	617 2 14 42 0 \
	615 2 21 36 0 \
	611 2 28 0 0
 at 80
 df 80
 mi 374
CM
 hs 1
 vp 1
CO
 li use 615
 ar 0 0 0 0 0 0 0 615
 cs 2
 wa 3
 st 1
 us 615
 ue 5
 de 3
 pr 3

97750 char ni
na Savage Heather
il	52 1 \
	282 52 \
	76610 1
ah 1582 2562 2592 2804 2989 3225 3259 3304 3643 \
	3920 4339 5134 5175 5301 6019 6356 6810 6895 7196 7489 \
	7834 8001 8289 9311 9574 9580 9625 9711 9814 9820 9910 \
	9918 59309 59476 60193 60545 61233 64265 64514 65758 65817 66219 \
	66305 66992 67570 68848 69718 72654 74254 75165 75303 75504 75846 \
	77738 93570 118284 134554 149217 
LI
 wh 18374
CH
 ni 32
 lo 54339
 he -1
 lk 4
 bh 9
 at 60
 df 60
CM
 vp 3
 ot 62651
MI
 ca r
CO
 li move e
 ar 0 2 18374 0 0 9 18373 0
 st 1
 de 9
 pr 2

8292 char 0
na Pest Exterminator
il	1 82632 \
	19 8 \
	76 6 \
	72673 26 \
	122847 43
tl	2 95 926 7 0 0 0 0 \
	1 72303 411 90 0 0 0 0 \
	2 72303 411 155 0 0 0 0 \
	1 72673 479 16 0 0 0 0 \
	1 122847 139 24 0 0 0 0 \
	2 72673 557 103 0 0 0 0 \
	2 122847 268 84 0 0 0 0
LI
 wh 7956
CH
 lo 54339
 he 100
 lk 2
 lr 1
 sl	610 2 21 73 0 \
	617 2 14 98 0 \
	615 2 21 10 0 \
	611 2 28 0 0 \
	612 2 28 1 0 \
	630 2 28 0 0 \
	614 2 14 3 0 \
	600 2 21 0 0 \
	601 2 14 60 0 \
	641 2 28 1 0 \
	616 2 14 24 0
 at 80
 df 103
 mi 50
CM
 hs 1
 pl 7761
CO
 li stack garrison
 ar 7956 0 0 0 0 0 0 0
 st 1
 ue 1
 pr 1

