54347 player pl_regular
na The Normans
il	1 200
ad 50739 51812 54112 54214 54347 55066 55792 56175 
CH
PL
 fn Jason Lasnetski
 em N0rmans@aol.com
 pw scooter
 np 1
 ft 7
 so 1
 lt 260
 kn 69 600 601 602 603 610 611 612 613 614 \
	615 616 617 630 631 632 633 634 636 637 639 \
	641 650 651 652 653 654 655 656 657 670 671 \
	680 681 682 700 701 702 703 704 705 720 721 \
	722 723 730 731 732 733 750 751 752 753 754 \
	755 756 800 801 802 803 804 805 806 807 808 \
	809 811 812 813 814 840 841 842 843 844 845 \
	846 847 848 849 851 852 860 861 862 863 864 \
	865 866 867 868 869 871 872 880 881 882 883 \
	884 885 886 887 888 889 891 892 893 894 900 \
	901 902 903 904 905 906 907 908 909 911 920 \
	921 922 1124 1699 2067 2092 2334 3137 4314 4719 5665 \
	5783 7042 7910 7976 8124 9414 10338 10431 10432 10433 10434 \
	10435 10436 10437 10438 10530 10533 10534 10538 10539 10629 10630 \
	10631 10632 10633 10634 10635 10636 10637 10639 10725 10726 10727 \
	10728 10729 10730 10737 10738 10739 10823 10824 10825 10826 10827 \
	10828 10829 10830 10838 10839 10840 10921 10922 10923 10924 10925 \
	10926 10927 10928 10940 10941 11019 11020 11021 11022 11023 11024 \
	11025 11040 11041 11042 11119 11120 11121 11122 11123 11124 11125 \
	11126 11127 11128 11129 11140 11142 11219 11220 11221 11222 11227 \
	11229 11240 11241 11242 11243 11244 11319 11327 11329 11333 11339 \
	11340 11344 11345 11346 11347 11419 11420 11421 11422 11423 11424 \
	11427 11429 11430 11431 11432 11433 11439 11440 11444 11445 11512 \
	11513 11514 11515 11516 11517 11518 11519 11524 11525 11526 11527 \
	11528 11529 11530 11531 11532 11533 11534 11539 11540 11541 11545 \
	11612 11614 11615 11616 11617 11618 11619 11620 11621 11622 11623 \
	11624 11625 11626 11627 11628 11629 11630 11631 11632 11633 11634 \
	11635 11636 11637 11638 11639 11641 11645 11709 11710 11711 11712 \
	11726 11727 11728 11729 11730 11732 11733 11734 11739 11740 11741 \
	11742 11743 11744 11745 11807 11808 11809 11825 11826 11827 11828 \
	11829 11830 11831 11832 11833 11834 11835 11836 11839 11841 11844 \
	11845 11906 11907 11925 11926 11928 11929 11930 11931 11936 11937 \
	11939 11940 11941 11942 11944 11945 12005 12006 12008 12009 12010 \
	12011 12012 12013 12014 12015 12016 12017 12018 12019 12020 12021 \
	12022 12023 12024 12025 12026 12027 12028 12029 12030 12031 12032 \
	12033 12034 12035 12036 12037 12038 12039 12040 12041 12042 12043 \
	12044 12045 12104 12105 12108 12126 12127 12128 12129 12130 12131 \
	12132 12133 12134 12135 12136 12137 12138 12139 12140 12142 12143 \
	12144 12203 12204 12205 12206 12207 12208 12227 12228 12229 12230 \
	12231 12232 12233 12236 12237 12239 12242 12243 12244 12303 12304 \
	12327 12328 12329 12330 12331 12332 12333 12334 12335 12336 12337 \
	12338 12339 12340 12341 12342 12343 12415 12416 12417 12418 12427 \
	12430 12431 12432 12433 12434 12435 12436 12437 12438 12439 12440 \
	12441 12442 12515 12518 12527 12533 12534 12535 12536 12538 12539 \
	12540 12541 12615 12618 12625 12627 12636 12637 12638 12639 12640 \
	12641 12715 12718 12724 12725 12727 12736 12737 12738 12739 12740 \
	12741 12815 12818 12823 12824 12825 12827 12838 12839 12915 12918 \
	12921 12922 12923 12924 12925 12927 12938 12939 13015 13017 13018 \
	13020 13021 13022 13023 13024 13025 13027 13038 13039 13115 13116 \
	13117 13118 13119 13120 13121 13122 13123 13124 13125 13127 13137 \
	13138 13139 13140 13141 13142 13143 13144 13145 13146 13147 13148 \
	13149 13150 13151 13215 13216 13217 13218 13219 13220 13221 13222 \
	13223 13224 13225 13227 13232 13233 13234 13235 13236 13237 13238 \
	13239 13240 13241 13242 13243 13244 13245 13246 13247 13248 13249 \
	13250 13251 13315 13316 13317 13318 13319 13320 13321 13322 13323 \
	13324 13325 13326 13327 13332 13333 13334 13335 13336 13337 13338 \
	13339 13340 13342 13343 13344 13345 13346 13347 13348 13351 13416 \
	13417 13418 13419 13420 13421 13422 13423 13424 13425 13430 13431 \
	13432 13433 13434 13435 13436 13437 13440 13441 13442 13444 13445 \
	13446 13447 13448 13449 13450 13451 13511 13512 13513 13514 13515 \
	13516 13517 13518 13519 13520 13521 13522 13523 13524 13525 13527 \
	13528 13529 13530 13531 13532 13533 13534 13535 13536 13544 13545 \
	13547 13611 13612 13613 13615 13616 13617 13618 13619 13620 13621 \
	13622 13623 13624 13625 13626 13627 13628 13630 13631 13632 13633 \
	13634 13645 13646 13647 13711 13712 13713 13714 13715 13716 13717 \
	13718 13719 13720 13721 13722 13723 13724 13725 13728 13729 13730 \
	13731 13814 13815 13816 13817 13818 13819 13820 13821 13822 13823 \
	13824 13825 13826 13827 13828 13829 13914 13915 13916 13917 13918 \
	13919 13920 13921 13922 13923 13924 13925 13926 13927 13928 13986 \
	13987 13988 13989 13990 13991 13992 14016 14017 14018 14020 14021 \
	14022 14023 14024 14025 14026 14027 14086 14092 14093 14118 14120 \
	14121 14123 14124 14125 14184 14185 14186 14193 14218 14219 14220 \
	14221 14222 14223 14224 14284 14293 14318 14321 14322 14323 14324 \
	14384 14385 14393 14418 14419 14420 14421 14422 14423 14424 14425 \
	14426 14485 14492 14493 14518 14519 14520 14521 14522 14523 14524 \
	14525 14585 14592 14618 14620 14621 14622 14623 14624 14685 14692 \
	14716 14717 14718 14721 14723 14724 14725 14726 14785 14786 14792 \
	14816 14817 14818 14819 14820 14821 14822 14823 14824 14825 14826 \
	14886 14887 14888 14889 14890 14891 14892 14919 14920 14921 14922 \
	14923 14924 14925 14926 15021 15022 15023 15024 15026 15124 15125 \
	15126 17892 17893 17894 17895 17992 17994 17995 18092 18093 18094 \
	18192 18193 18288 18289 18290 18291 18292 18388 18390 18391 18488 \
	18489 18490 18588 18589 18688 18689 18785 18786 18787 18788 18789 \
	18885 18985 19071 19085 19171 19172 19173 19174 19175 19176 19177 \
	19178 19179 19180 19181 19182 19183 19184 19185 20098 20295 20864 \
	21133 21333 21346 21548 21803 21885 22161 22967 23260 24197 24602 \
	24679 25910 26091 26747 27844 28028 28921 29321 29652 32139 32940 \
	33532 35455 35888 35972 36732 37947 38359 38823 39386 39401 39404 \
	39421 40157 40352 41194 41197 41608 42408 42911 44511 44583 44887 \
	44936 45041 45051 46565 46791 46988 47273 47458 47632 47732 47894 \
	48461 48677 49191 56801 56857 56872 56908 56937 56958 56990 57019 \
	57081 57088 57140 57249 57262 57494 57540 57572 57730 57749 57904 \
	57950 58057 58225 58269 58374 58426 58523 58575 58706 58712 58741 \
	58751 59048 59088 59286 59567 59587 60325 60370 60579 60827 60910 \
	61845 62112 62267 62432 62542 62561 62585 62754 62795 63035 63057 \
	63131 63140 63373 63729 63742 64178 64583 64697 64867 65592 65751 \
	66271 66321 66372 66819 67083 67240 67489 67598 67784 67890 67937 \
	68025 68062 69449 70076 70204 70605 70624 70654 70807 71393 71572 \
	71853 71938 72404 72864 73272 73280 73545 73584 73890 74180 74205 \
	74829 75273 75596 75603 76028 76105 76123 76208 76328 76567 76607 \
	76644 76936 77036 77038 77702 78110 78360 78507 78641 78768 112736 \
	131270 147677 
 un 5884 89213 89665 117728 1006 97190 8721 1562 7743 \
	4075 85702 135373 
 uf 128025 140935 135073 87363 148937 
 am 1006 0 51812 50739 55066 55792 54112 54214 
 am 1143 0 51812 50739 55066 55792 54112 54214 
 am 1562 0 51812 50739 55066 55792 54112 54214 
 am 2221 0 50739 55066 51812 55792 54112 54214 56175 
 am 2334 0 50739 55066 51812 55792 54112 54214 56175 
 am 3137 0 50739 55066 51812 55792 54112 54214 56175 
 am 4075 0 51812 50739 55066 55792 54112 54214 
 am 4719 0 50739 55066 51812 55792 54112 54214 56175 
 am 5665 0 50739 55066 51812 55792 54112 54214 56175 
 am 5789 0 51812 50739 55066 55792 54112 54214 
 am 5884 0 51812 50739 55066 55792 54112 54214 
 am 7407 0 51812 50739 55066 55792 54112 54214 
 am 7743 0 51812 50739 55066 55792 54112 54214 
 am 7910 0 51812 50739 55066 55792 54112 54214 
 am 8721 0 51812 50739 55066 55792 54112 54214 
 am 8857 0 51812 50739 55066 55792 54112 54214 
 am 54347 0 54112 51812 
 am 67890 0 50739 55066 51812 55792 54112 54214 56175 
CO
 li accept 0 0
 ar 0 0 0 0 0 0 0 0
 st 1

5884 char 0
na Captain Quest
il	1 6757 \
	11 2 \
	12 41 \
	19 8 \
	69 1 \
	87 96 \
	261 1 \
	62542 1 \
	63929 1 \
	68432 1 \
	72088 1 \
	130232 1
tl	2 87 683 2 0 0 0 0
LI
 wh 3137
CH
 lo 54347
 he 100
 lk 2
 lr 1
 sl	680 2 21 9 0 \
	700 2 21 0 0 \
	702 2 14 30 0 \
	703 2 14 21 0 \
	682 2 14 14 0 \
	701 2 14 0 0 \
	704 2 14 0 0 \
	600 2 21 0 0 \
	602 2 14 3 0 \
	601 2 14 90 0 \
	603 2 14 6 0 \
	730 2 21 0 0 \
	610 2 21 7 0 \
	611 2 28 0 0 \
	612 2 28 0 0 \
	732 2 14 0 0
 bp 50
 at 80
 df 80
MI
 ds Confederation Captain
CO
 li sail w
 ar 0 0 0 0 0 0 0 0
 wa -1
 st 1
 pr 4

89213 char 0
na Lieutenant Quest
il	1 4828 \
	11 5 \
	19 8 \
	54 9 \
	69 2 \
	261 1 \
	66819 1 \
	112736 1
LI
 wh 5783
CH
 lo 54347
 he 100
 lk 2
 lr 1
 sl	610 2 21 13 0 \
	611 2 28 0 0 \
	612 2 28 2 0 \
	616 2 14 2 0 \
	614 2 14 0 0 \
	600 2 21 0 0 \
	601 2 14 3 0 \
	730 2 21 0 0
 at 91
 df 80
MI
 ds Confederation Captain
CO
 li repair
 ar 0 0 0 0 17 0 0 0
 st 1
 ue 1
 de 4
 po 1
 pr 3

89665 char 0
na Gateboy
il	1 1380 \
	52 2 \
	98605 1
tl	2 94 991 4 0 0 0 0 \
	2 95 983 7 0 0 0 0
LI
 wh 7042
CH
 lo 54347
 he 100
 lk 2
 lr 1
 sl	800 2 28 0 0 \
	610 2 21 0 0 \
	802 2 14 6 0 \
	860 2 35 0 0 \
	862 2 14 25 0 \
	861 2 14 0 0 \
	869 2 14 0 0 \
	864 2 14 0 0 \
	872 2 21 1 0 \
	867 2 21 0 0 \
	865 2 14 0 0 \
	866 2 14 0 0 \
	868 2 21 0 0 \
	871 2 21 0 0 \
	863 2 14 1 0 \
	880 2 42 0 0 \
	881 2 14 1 0 \
	920 2 0 0 0 \
	922 2 28 0 0 \
	921 2 28 0 0 \
	611 2 28 0 0 \
	630 2 28 0 0 \
	641 2 28 1 0 \
	637 0 0 0 0 \
	639 0 0 0 0 \
	636 0 0 0 0
 bh 9
 bp 50
 at 80
 df 80
CM
 im 1
 ma 18
 ca 20
 hs 1
 ar 98605
MI
 ds Confederation Gate Mapper
CO
 li research 630
 ar 630 0 0 0 0 0 0 0
 wa 7
 ue 1
 pr 3

117728 char 0
na Acolyte of The Hand
il	1 538 \
	54 5
LI
 wh 11614
CH
 lo 54347
 he 100
 lk 2
 lr 1
 sl	750 2 35 0 0 \
	751 2 28 8 0 \
	755 2 28 0 0 \
	756 2 28 5 0 \
	753 2 21 8 0 \
	754 2 28 0 0 \
	752 2 28 1 0 \
	630 2 28 0 0 \
	639 2 21 0 0 \
	636 2 14 0 0 \
	641 2 28 2 0 \
	637 2 21 0 0 \
	631 2 14 0 0 \
	632 2 14 0 0 \
	633 2 14 0 0 \
	634 2 14 0 0
 bp 50
 at 80
 df 80
CM
 hs 1
 vp 15
 vi 2829 9814 14407 14508 58288 61845 73707 
CO
 li fly w
 ar 0 0 0 0 0 0 0 0
 wa -1
 st 1
 ue 1
 pr 2

1006 char 0
na Warwick Trader
il	1 10429 \
	69 1 \
	96757 1 \
	108082 2 \
	121371 1
tl	2 95 980 7 0 0 0 0
LI
 wh 76607
CH
 lo 54347
 he 100
 lk 2
 lr 1
 sl	730 2 21 0 0 \
	732 2 14 11 0 \
	733 2 14 11 0 \
	610 2 21 3 0 \
	731 2 14 0 0 \
	612 2 28 0 0 \
	630 2 28 0 0 \
	800 2 28 0 0 \
	802 2 14 7 0 \
	801 2 14 0 0 \
	880 2 42 0 0 \
	881 2 14 1 0 \
	803 2 14 0 0 \
	804 2 21 0 0 \
	814 2 21 0 0 \
	812 2 21 0 0 \
	809 2 21 0 0 \
	806 2 21 6 0 \
	811 0 0 0 0 \
	920 2 0 0 0 \
	922 2 28 5 0 \
	921 2 28 0 0 \
	611 2 28 0 0 \
	631 2 14 0 0 \
	670 2 28 0 0 \
	671 2 14 0 0 \
	639 2 21 0 0 \
	637 0 0 0 0 \
	636 0 0 0 0 \
	641 1 21 0 0
 bh 9
 bp 50
 at 80
 df 80
CM
 im 1
 ma 4
 ca 114
 ar 121371
CO
 li research 670
 ar 670 0 0 0 0 0 0 0
 cs 2
 wa 5
 st 1
 ue 2
 de 2
 pr 3

97190 char 0
na Hades Explorer
il	1 50 \
	52 2
LI
 wh 57904
CH
 lo 54347
 he 100
 lk 3
 lr 97
 sl	610 2 21 0 0 \
	611 2 28 0 0
 bh 9
 bp 50
 at 80
 df 80
CO
 li study 611
 ar 611 0 0 0 0 0 0 0
 st 1
 de 7
 po 1
 pr 3

8721 char 0
na Magnus
il	1 3100 \
	52 2 \
	285 47 \
	59448 1
LI
 wh 11633
CH
 lo 54347
 he 100
 lk 2
 lr 1
 sl	730 2 21 0 0 \
	900 2 42 0 0 \
	903 2 21 32 0 \
	840 2 35 0 0 \
	841 2 21 42 0 \
	902 2 21 0 0 \
	847 2 21 4 0 \
	909 2 21 0 0 \
	800 2 28 0 0 \
	843 2 21 0 0 \
	905 2 21 1 0 \
	801 2 14 14 0 \
	802 2 14 12 0 \
	904 2 21 0 0 \
	803 2 14 8 0 \
	842 2 14 14 0 \
	906 2 21 0 0 \
	907 2 21 1 0 \
	848 2 21 0 0 \
	846 2 21 0 0 \
	805 2 14 0 0 \
	844 2 21 3 0 \
	852 2 21 0 0 \
	610 2 21 0 0 \
	908 2 28 0 0 \
	845 2 21 3 0 \
	849 2 21 4 0 \
	911 2 21 0 0 \
	851 2 21 0 0 \
	804 2 21 0 0 \
	880 2 42 0 0 \
	881 2 14 1 0 \
	892 2 21 0 0 \
	891 2 21 0 0 \
	884 2 28 0 0 \
	893 2 21 0 0 \
	901 2 28 0 0 \
	886 2 14 0 0 \
	814 2 21 0 0 \
	808 2 21 3 0 \
	807 2 21 0 0 \
	813 2 21 19 0 \
	812 2 21 0 0 \
	811 2 21 2 0 \
	809 2 21 2 0 \
	882 2 14 0 0 \
	883 2 14 0 0 \
	920 2 0 0 0 \
	922 2 28 15 0 \
	889 2 21 1 0 \
	921 2 28 4 0 \
	885 2 14 0 0 \
	887 2 21 3 0 \
	888 2 21 5 0 \
	612 2 28 1 0 \
	806 2 21 13 0 \
	894 2 21 0 0 \
	630 2 28 0 0 \
	615 2 21 0 0 \
	641 2 28 1 0 \
	637 2 21 0 0 \
	636 2 14 0 0 \
	639 2 21 0 0 \
	731 2 14 0 0 \
	611 2 28 0 0
 bh 9
 ra 70
 at 80
 df 80
 mi 50
CM
 im 1
 ma 9
 ca 60
 hs 1
 vp 1
 ar 59448
CO
 li trance
 ar 0 0 0 0 0 0 0 0
 cs 2
 wa 7
 st 1
 ue 3
 de 21
 pr 3

1562 char 0
na Mine Builder
il	1 3350 \
	11 44 \
	20 27 \
	73 36 \
	74 35 \
	76 3 \
	79 18 \
	82 1 \
	98 4
LI
 wh 11734
CH
 lo 54347
 he 100
 lk 2
 lr 2
 sl	610 2 21 66 0 \
	617 2 14 56 0 \
	615 2 21 25 0 \
	614 2 14 1 0 \
	612 2 28 1 0 \
	616 2 14 31 0 \
	611 2 28 0 0 \
	613 2 14 0 0 \
	720 2 21 0 0 \
	721 2 14 55 0 \
	722 2 14 23 0 \
	600 2 21 0 0 \
	601 2 14 0 0 \
	602 2 14 0 0 \
	603 2 14 0 0 \
	700 2 21 0 0 \
	702 2 14 4 0 \
	723 2 14 26 0 \
	701 2 14 0 0 \
	703 2 14 0 0 \
	704 2 14 0 0 \
	705 2 14 0 0
 bh 5
 at 118
 df 83
 mi 242
CM
 vp 1
CO
 li make 73
 ar 73 0 0 16 0 0 0 0
 cs 2
 wa -1
 st 1
 ue 4
 de 16
 po 1
 pr 3

7743 char 0
na Hades Explorer
il	1 2464 \
	54 2 \
	66936 1
LI
 wh 42408
CH
 lo 54347
 he 100
 lk 2
 lr 1
 sl	630 2 28 0 0 \
	631 2 14 4 0 \
	610 2 21 33 0 \
	600 2 21 0 0 \
	601 2 14 34 0 \
	730 2 21 0 0 \
	732 2 14 0 0 \
	733 2 14 0 0 \
	603 2 14 2 0 \
	602 2 14 1 0 \
	612 2 28 0 0 \
	617 2 14 2 0 \
	616 2 14 2 0 \
	731 2 14 0 0 \
	641 2 28 1 0
 bp 50
 at 80
 df 80
CM
 hs 1
CO
 li move s594
 ar 0 0 0 0 0 0 0 0
 wa -1
 ue 1
 pr 2

4075 char 0
na Ugmot the Beast
il	1 2284 \
	52 2 \
	95 5 \
	282 65 \
	60709 1 \
	67120 1
an 96047 
LI
 wh 46791
 hl 85702 135373 60990 
CH
 lo 54347
 he 100
 lk 2
 lr 1
 sl	610 2 21 29 0 \
	615 2 21 67 0 \
	617 2 14 24 0 \
	614 2 14 11 0 \
	616 2 14 7 0 \
	612 2 28 1 0 \
	611 2 28 0 0 \
	680 2 21 6 0 \
	682 2 14 9 0 \
	630 2 28 0 0 \
	650 2 28 0 0 \
	652 2 28 0 0 \
	653 2 28 0 0 \
	651 2 21 0 0 \
	654 2 28 30 0 \
	655 2 14 0 0 \
	656 2 14 0 0 \
	637 0 0 0 0 \
	636 0 0 0 0 \
	639 0 0 0 0 \
	641 1 14 0 0
 bh 1
 at 115
 df 135
 mi 331
CO
 li breed 282 282
 ar 282 282 0 0 0 0 0 0
 cs 2
 wa 5
 st 1
 ue 2
 de 1
 pr 3

85702 char 0
na Eldric Slimfinger
il	1 598 \
	52 1 \
	282 79 \
	124877 1
LI
 wh 4075
CH
 lo 54347
 he 100
 lk 3
 lr 58
 sl	610 2 21 0 0 \
	612 2 28 0 0 \
	611 2 28 0 0 \
	650 2 28 0 0 \
	654 2 28 31 0 \
	653 2 28 0 0 \
	652 1 7 0 0
 bh 5
 bp 50
 at 80
 df 80
CO
 li breed 282 282
 ar 282 282 0 0 0 0 0 0
 cs 2
 wa 5
 st 1
 de 1
 pr 3

135373 char 0
na Lizard Man
il	1 251 \
	52 2 \
	282 82
tl	2 94 983 4 0 0 0 0
LI
 wh 4075
CH
 lo 54347
 he 100
 lk 2
 lr 1
 sl	610 2 21 0 0 \
	611 2 28 0 0 \
	612 2 28 0 0 \
	600 2 21 0 0 \
	601 2 14 0 0 \
	602 2 14 0 0 \
	603 2 14 0 0 \
	650 2 28 0 0 \
	654 2 28 30 0 \
	653 2 28 0 0
 bp 50
 at 80
 df 80
MI
 ds Confederation Marine
CO
 li breed 282 282
 ar 282 282 0 0 0 0 0 0
 cs 2
 wa 5
 st 1
 de 1
 pr 3

