54392 player pl_regular
na Trinity
il	1 4214
CH
PL
 fn German Citron
 em tlhoff@earthlink.net
 ve Terry Hoffman tlhoff@earthlink.net
 pw screed
 np 13
 ft 2
 so 1
 lt 260
 kn 69 600 601 610 611 612 613 614 615 616 \
	617 630 631 632 633 635 636 637 639 641 650 \
	652 653 654 655 656 657 658 659 661 670 671 \
	680 682 690 691 693 695 696 700 701 702 703 \
	704 705 720 721 722 723 730 731 732 733 750 \
	751 753 754 755 756 800 801 802 803 804 805 \
	806 807 808 809 811 812 813 814 820 821 822 \
	823 824 825 826 827 828 829 831 832 833 840 \
	841 842 843 844 845 846 847 848 849 851 852 \
	860 861 862 880 881 882 883 884 885 886 887 \
	888 889 891 892 893 894 900 901 902 903 904 \
	905 906 907 908 909 911 920 921 922 1083 1381 \
	1635 2179 3467 4083 4320 5253 5431 5740 6152 6619 6805 \
	8056 8940 9000 13914 13915 13916 14016 14017 14018 14118 14218 \
	14219 14220 14221 14222 14223 14224 14318 14324 14331 14332 14333 \
	14334 14418 14421 14422 14423 14424 14429 14430 14431 14432 14518 \
	14521 14522 14523 14524 14527 14528 14529 14530 14531 14610 14611 \
	14612 14613 14614 14615 14616 14617 14621 14624 14626 14627 14630 \
	14631 14710 14721 14724 14725 14726 14731 14732 14733 14734 14810 \
	14821 14824 14834 14910 14921 14924 14934 14935 14936 14937 14938 \
	15010 15021 15024 15034 15106 15107 15108 15109 15110 15121 15124 \
	15125 15126 15127 15128 15131 15132 15133 15134 15206 15221 15224 \
	15228 15229 15230 15231 15232 15233 15234 15235 15306 15321 15323 \
	15324 15325 15326 15327 15328 15329 15330 15331 15332 15334 15406 \
	15421 15422 15423 15424 15425 15426 15427 15428 15429 15430 15431 \
	15432 15433 15434 15506 15514 15521 15522 15523 15524 15525 15526 \
	15527 15528 15529 15530 15531 15534 15606 15614 15615 15616 15617 \
	15618 15621 15622 15623 15624 15625 15626 15628 15631 15634 15706 \
	15714 15718 15719 15720 15721 15722 15723 15724 15728 15731 15732 \
	15733 15734 15806 15814 15821 15822 15823 15824 15827 15828 15829 \
	15830 15831 15832 15833 15906 15914 15915 15916 15917 15918 15919 \
	15920 15921 15922 15923 15924 15925 15926 15927 15928 15929 15930 \
	15931 16006 16019 16020 16021 16022 16023 16024 16025 16026 16027 \
	16028 16029 16030 16031 16106 16121 16122 16123 16124 16125 16126 \
	16127 16128 16129 16130 16206 16217 16218 16219 16220 16221 16222 \
	16223 16224 16225 16226 16227 16228 16306 16320 16321 16322 16323 \
	16324 16325 16326 16327 16406 16419 16420 16421 16424 16425 16426 \
	16427 16506 16518 16519 16520 16521 16522 16523 16524 16525 16526 \
	16527 16606 16620 16621 16625 16627 16706 16719 16720 16721 16725 \
	16727 16806 16807 16808 16809 16810 16811 16812 16813 16814 16815 \
	16816 16817 16818 16819 16820 16825 16826 16827 16828 16829 16830 \
	16831 16832 16833 16834 16835 16836 16874 16901 16902 16903 16904 \
	16905 16906 16907 16908 16909 16910 16911 16912 16913 16914 16915 \
	16916 16917 16918 16919 16920 16925 16926 16927 16928 16929 16930 \
	16931 16932 16973 16974 17001 17007 17018 17020 17032 17050 17068 \
	17069 17070 17071 17072 17073 17074 17100 17101 17102 17103 17104 \
	17105 17106 17107 17118 17119 17120 17132 17133 17134 17135 17149 \
	17150 17151 17152 17153 17154 17155 17156 17157 17158 17159 17160 \
	17161 17162 17163 17164 17165 17166 17167 17168 17200 17201 17206 \
	17207 17235 17249 17255 17256 17257 17258 17259 17260 17261 17262 \
	17263 17264 17265 17300 17301 17307 17335 17336 17337 17338 17349 \
	17352 17353 17354 17355 17362 17393 17394 17395 17396 17400 17401 \
	17407 17438 17439 17440 17449 17452 17455 17462 17494 17495 17497 \
	17499 17500 17506 17507 17540 17541 17542 17543 17547 17548 17549 \
	17550 17551 17552 17553 17554 17555 17562 17594 17597 17598 17599 \
	17603 17604 17605 17606 17607 17608 17609 17610 17611 17643 17644 \
	17645 17646 17647 17648 17649 17650 17651 17652 17662 17694 17696 \
	17697 17704 17705 17706 17707 17708 17709 17710 17711 17745 17746 \
	17749 17750 17751 17752 17753 17754 17755 17756 17757 17758 17759 \
	17760 17761 17762 17794 17795 17796 17797 17845 17846 17847 17848 \
	17849 17850 17851 17852 17853 17854 17860 17946 17947 17948 17949 \
	17950 17951 17954 17955 18046 18048 18049 18050 18051 18052 18053 \
	18054 18055 18146 18149 18150 18151 18152 18153 18154 18155 18246 \
	18249 18251 18252 18253 18254 18255 18346 18349 18350 18351 18352 \
	18353 18354 18355 18446 18447 18449 18450 18451 18452 18453 18454 \
	18455 18546 18547 18549 18550 18551 18552 18553 18554 18555 18646 \
	18647 18648 18649 18652 18653 18654 18655 18746 18747 18748 18749 \
	18750 18751 18752 18753 18754 18755 18757 18758 18759 18760 18784 \
	18785 18786 18787 18846 18847 18848 18849 18850 18851 18852 18853 \
	18854 18855 18856 18857 18858 18859 18860 18861 18883 18884 18885 \
	18944 18945 18946 18947 18948 18949 18951 18952 18953 18954 18955 \
	18956 18957 18958 18960 18961 18981 18982 18983 19046 19047 19048 \
	19049 19050 19051 19052 19053 19054 19055 19056 19057 19058 19059 \
	19060 19061 19062 19063 19064 19081 19146 19147 19148 19149 19150 \
	19151 19152 19153 19154 19155 19156 19157 19158 19159 19160 19161 \
	19162 19163 19164 19165 19166 19167 19168 19169 19170 19171 19172 \
	19173 19174 19175 19176 19177 19178 19179 19180 19181 19246 19247 \
	19248 19249 19250 19251 19252 19253 19254 19255 19256 19257 19259 \
	19260 19348 19349 19350 19351 19352 19353 19354 19355 19356 19357 \
	19359 19360 19442 19443 19444 19445 19446 19447 19448 19449 19450 \
	19451 19452 19453 19454 19455 19457 19458 19459 19541 19542 19543 \
	19544 19545 19546 19547 19548 19549 19550 19551 19552 19553 19554 \
	19555 19556 19557 19644 19645 19651 19652 19653 19654 19655 19656 \
	19657 19744 19756 19757 21367 24343 24499 24729 24807 25114 27277 \
	30823 31642 32459 35422 35660 36016 36449 37148 38048 38067 39529 \
	39963 40705 41200 42977 44962 45933 47223 49877 56929 56958 56964 \
	57061 57140 57192 57224 57371 57435 57540 57571 57618 57729 57747 \
	57851 58025 58052 58054 58057 58070 58072 58208 58300 58352 58372 \
	58413 58431 58465 58547 58587 58601 58609 58713 59376 60052 60675 \
	61111 61577 62094 62241 62320 63183 63522 63564 63896 64191 64321 \
	64404 65434 65986 66570 67667 68036 68542 68856 69052 70098 70170 \
	70434 70444 70657 70775 71385 71463 71747 71800 71802 71884 71988 \
	72027 72471 72917 73014 73050 73265 73300 73593 73827 74318 74814 \
	75492 75782 75821 75864 76034 76221 76303 76702 76711 76756 77139 \
	77541 77602 77953 78000 78625 78696 78970 148588 
 un 2747 1056 9596 4846 8320 6212 2325 7090 2396 
 uf 6277 1485 8861 7734 61187 
 am 1056 0 52586 
 am 2325 0 52586 
 am 2396 0 52586 
 am 2747 0 52586 
 am 4846 0 52586 
 am 6212 0 52586 
 am 7090 0 52586 
 am 8056 0 52586 
 am 8320 0 52586 
 am 8586 0 52586 
 am 9596 0 52586 
 am 65862 0 52586 
CO
 li accept jy6 0
 ar 52586 0 0 0 0 0 0 0
 st 1

2747 char 0
na Rosie
il	54 8 \
	59117 1 \
	60466 1 \
	60539 1 \
	60743 1 \
	61231 1 \
	62060 1 \
	63402 1 \
	64774 1 \
	65915 1 \
	67496 1 \
	67549 1 \
	67564 1 \
	68422 1 \
	68424 1 \
	68637 1 \
	69431 1 \
	70055 1 \
	71331 1 \
	71473 1 \
	71494 1 \
	71804 1 \
	71965 1 \
	75116 1 \
	76370 1 \
	76831 1 \
	78637 1 \
	78945 1 \
	81861 1 \
	82548 1 \
	84441 1 \
	87422 1 \
	89061 1 \
	124264 1 \
	132675 1 \
	142022 1 \
	144074 1 \
	144402 1 \
	144480 1 \
	149077 1
tl	2 95 9980 7 0 0 0 0
LI
 wh 73050
 hl 1056 9596 4846 8320 6212 2325 7090 
CH
 lo 54392
 he 100
 lk 3
 lr 819
 sl	610 2 21 13 0 \
	650 2 28 0 0 \
	654 2 28 74 0 \
	611 2 28 0 0 \
	612 2 28 2 0 \
	653 2 28 0 0 \
	652 2 28 0 0 \
	655 2 14 16 0 \
	657 2 21 12 0
 bh 5
 at 80
 df 80
CM
 vp 3
CO
 li give 4238 54 0 6
 ar 4238 54 0 6 0 0 0 0
 ue 3
 pr 1

1056 char 0
na Katherine
il	64725 1 \
	65015 1
tl	2 94 9990 4 0 0 0 0 \
	2 95 9983 7 0 0 0 0
LI
 wh 2747
CH
 lo 54392
 he 100
 lk 2
 lr 1
 sl	630 2 28 0 0 \
	631 2 14 12 0 \
	730 2 21 0 0 \
	732 2 14 3 0 \
	733 2 14 1 0 \
	610 2 21 16 0 \
	612 2 28 1 0 \
	635 2 28 0 0 \
	611 2 28 0 0 \
	650 2 28 0 0 \
	655 2 14 15 0 \
	656 2 14 22 0 \
	654 2 28 100 0 \
	653 2 28 0 0 \
	652 2 28 0 0 \
	657 2 21 15 0 \
	731 2 14 0 0 \
	900 2 42 0 0 \
	911 2 21 0 0 \
	905 2 21 0 0 \
	906 2 21 0 0
 at 80
 df 80
CM
 im 1
 ma 4
 ca 4
 vp 3
CO
 li seek 1117
 ar 1117 0 0 0 0 0 0 0
 cs 2
 wa 5
 st 1
 ue 4
 de 2
 po 1
 pr 3

9596 char 0
na Skorch
il	61624 1 \
	70141 1 \
	131366 1
tl	2 95 6 7 0 0 0 0 \
	2 94 9974 4 0 0 0 0
an 54392 
LI
 wh 2747
CH
 lo 54392
 he 100
 lk 2
 lr 1
 sl	800 2 28 0 0 \
	802 2 14 35 0 \
	803 2 14 8 0 \
	804 2 21 0 0 \
	801 2 14 7 0 \
	805 2 14 0 0 \
	880 2 42 0 0 \
	881 2 14 1 0 \
	882 2 14 0 0 \
	883 2 14 0 0 \
	610 2 21 2 0 \
	612 2 28 1 0 \
	894 2 21 2 0 \
	892 2 21 4 0 \
	889 2 21 2 0 \
	630 2 28 0 0 \
	632 2 14 0 0 \
	633 2 14 0 0 \
	887 2 21 0 0 \
	893 2 21 0 0 \
	885 2 14 0 0 \
	888 2 21 2 0 \
	812 2 21 0 0 \
	808 2 21 1 0 \
	884 2 28 0 0 \
	813 2 21 28 0 \
	811 2 21 1 0 \
	806 2 21 2 0 \
	814 2 21 0 0 \
	809 2 21 1 0 \
	641 2 28 1 0 \
	807 2 21 0 0 \
	900 2 42 0 0 \
	901 2 28 0 0 \
	905 2 21 0 0 \
	906 2 21 0 0 \
	907 2 21 0 0 \
	909 2 21 0 0 \
	904 2 21 0 0 \
	911 2 21 0 0 \
	886 2 14 0 0 \
	903 2 21 0 0 \
	891 2 21 0 0 \
	902 2 21 3 0 \
	908 2 28 0 0 \
	611 2 28 0 0 \
	820 2 35 0 0 \
	826 2 21 0 0 \
	831 2 28 0 0 \
	821 2 21 0 0 \
	833 2 21 0 0 \
	827 2 21 0 0 \
	832 2 21 0 0 \
	822 2 21 0 0 \
	829 2 21 0 0 \
	824 2 21 0 0 \
	825 2 21 1 0 \
	700 2 21 0 0 \
	704 2 14 0 0 \
	823 2 21 0 0 \
	920 2 0 0 0 \
	921 2 28 0 0 \
	922 2 28 17 0 \
	840 2 35 0 0 \
	841 2 21 3 0 \
	845 2 21 0 0 \
	849 2 21 0 0 \
	842 2 14 0 0 \
	846 2 21 0 0 \
	847 2 21 0 0 \
	844 2 21 0 0 \
	828 2 21 0 0 \
	852 2 21 0 0 \
	843 2 21 0 0 \
	851 2 21 0 0 \
	860 2 35 0 0 \
	861 2 14 0 0 \
	848 2 21 0 0 \
	600 1 0 0 0 \
	862 2 14 0 0
 bh 9
 at 80
 df 80
CM
 im 1
 ma 19
 ca 123
 hs 1
 kw 1
 ar 61624
CO
 li use 813
 ar 0 0 0 0 0 0 0 813
 cs 2
 wa 2
 st 1
 us 813
 ue 4
 de 4
 pr 3

4846 char 0
na Samson
tl	2 94 9989 4 0 0 0 0 \
	2 95 9888 7 0 0 0 0
ah 6789 8056 
LI
 wh 2747
CH
 lo 54392
 he 100
 lk 2
 lr 1
 sl	610 2 21 44 0 \
	615 2 21 54 0 \
	617 2 14 31 0 \
	613 2 14 4 0 \
	612 2 28 1 0 \
	611 2 28 0 0 \
	630 2 28 0 0 \
	641 2 28 2 0 \
	616 2 14 16 0
 bh 3
 at 80
 df 80
 mi 290
CM
 hs 1
 vp 3
CO
 li seek 1117
 ar 1117 0 0 0 0 0 0 0
 cs 2
 wa 5
 st 1
 ue 4
 de 2
 po 1
 pr 3

8320 char 0
na Fletch
tl	2 95 9879 7 0 0 0 0 \
	1 70898 44 45 0 0 0 0
ah 1117 
LI
 wh 2747
CH
 lo 54392
 he 100
 lk 2
 lr 1
 sl	680 2 21 3 0 \
	682 2 14 34 0 \
	610 2 21 13 0 \
	615 2 21 29 0 \
	700 2 21 0 0 \
	611 2 28 0 0 \
	702 2 14 15 0 \
	630 2 28 0 0 \
	612 2 28 1 0 \
	641 2 28 1 0 \
	730 2 21 0 0 \
	732 2 14 0 0 \
	733 2 14 0 0 \
	600 2 21 0 0 \
	601 2 14 31 0 \
	617 2 14 0 0
 bh 9
 at 80
 df 80
 mi 243
CM
 hs 1
CO
 li seek 1117
 ar 1117 0 0 0 0 0 0 0
 cs 2
 wa 5
 st 1
 ue 4
 de 2
 po 1
 pr 3

6212 char 0
na Ash
tl	2 94 10000 4 0 0 0 0 \
	2 95 9907 7 0 0 0 0 \
	1 52 1 135 0 0 0 0
LI
 wh 2747
CH
 lo 54392
 he 100
 lk 3
 lr 814
 sl	610 2 21 14 0 \
	720 2 21 0 0 \
	722 2 14 38 0 \
	612 2 28 1 0 \
	721 2 14 18 0 \
	700 2 21 0 0 \
	702 2 14 22 0 \
	701 2 14 4 0 \
	616 2 14 16 0 \
	611 2 28 0 0 \
	680 2 21 6 0 \
	682 2 14 2 0 \
	630 2 28 0 0 \
	641 2 28 1 0 \
	639 2 21 0 0 \
	636 2 14 0 0 \
	637 2 21 0 0 \
	617 2 14 16 0 \
	614 2 14 4 0 \
	703 2 14 39 0
 bh 4
 at 186
 df 100
CM
 hs 1
CO
 li seek 1117
 ar 1117 0 0 0 0 0 0 0
 cs 2
 wa 5
 st 1
 ue 5
 de 2
 po 1
 pr 3

2325 char 0
na Ramtha
il	70415 1 \
	73594 1 \
	73909 1 \
	74552 1 \
	74710 1 \
	75398 1 \
	138752 1
tl	2 94 9974 4 0 0 0 0
LI
 wh 2747
CH
 lo 54392
 he 100
 lk 2
 lr 1
 sl	650 2 28 0 0 \
	610 2 21 20 0 \
	655 2 14 33 0 \
	656 2 14 27 0 \
	612 2 28 1 0 \
	652 2 28 0 0 \
	653 2 28 0 0 \
	654 2 28 82 0 \
	611 2 28 0 0 \
	661 2 21 2 0 \
	658 2 21 0 0 \
	657 2 21 43 0 \
	659 2 21 0 0 \
	690 2 28 2 0 \
	695 2 21 1 0 \
	616 2 14 4 0 \
	617 2 14 1 0 \
	600 2 21 0 0 \
	601 2 14 5 0
 at 80
 df 80
CO
 li seek 1117
 ar 1117 0 0 0 0 0 0 0
 cs 2
 wa 5
 st 1
 ue 1
 de 2
 po 1
 pr 3

7090 char 0
na Gus
il	1 4550 \
	95 12
tl	2 95 63 7 0 0 0 0
LI
 wh 2747
CH
 lo 54392
 he 100
 lk 3
 lr 822
 sl	680 2 21 4 0 \
	682 2 14 18 0 \
	610 2 21 44 0 \
	630 2 28 0 0 \
	612 2 28 1 0 \
	611 2 28 0 0 \
	616 2 14 20 0 \
	641 2 28 2 0 \
	617 2 14 14 0 \
	615 2 21 7 0 \
	700 2 21 0 0 \
	702 2 14 0 0 \
	703 2 14 0 0 \
	670 2 28 0 0 \
	671 2 14 0 0
 at 235
 df 80
 mi 80
CM
 hs 1
CO
 li seek 1117
 ar 1117 0 0 0 0 0 0 0
 cs 2
 wa 5
 st 1
 ue 3
 de 2
 po 1
 pr 3

2396 char 0
na Baelrath
il	1 1900 \
	69861 1 \
	70561 1 \
	70571 1 \
	78805 1
LI
 wh 73050
CH
 lo 54392
 he 100
 lk 2
 lr 1
 sl	720 2 21 0 0 \
	722 2 14 47 0 \
	721 2 14 11 0 \
	610 2 21 18 0 \
	616 2 14 37 0 \
	617 2 14 24 0 \
	612 2 28 1 0 \
	611 2 28 0 0 \
	613 2 14 5 0 \
	723 2 14 11 0 \
	614 2 14 19 0 \
	690 2 28 0 0 \
	630 2 28 0 0 \
	693 2 21 8 0 \
	696 2 14 0 0 \
	641 2 28 2 0 \
	691 2 21 0 0 \
	700 2 21 0 0 \
	703 2 14 1 0 \
	750 2 35 2 0 \
	751 2 28 1 0 \
	755 1 0 0 0 \
	754 2 28 1 0 \
	753 2 21 1 0 \
	756 2 28 22 0 \
	702 2 14 2 0
 at 175
 df 130
CM
 pr 1
 vp 3
CO
 li use 756 8216
 ar 756 8216 0 0 0 0 0 0
 wa -1
 st 1
 ue 4
 po 1
 pr 3

