54404 player pl_regular
na The Beastly Boys
il	1 25
CH
PL
 fn Phil Davenport
 em ewgunderson@hotmail.com,gds@statoil.com
 ve phil@evolutioncreative.freewire.co.uk
 pw troll~kin
 ft 121
 so 1
 lt 260
 kn 610 611 612 613 614 615 616 617 630 632 \
	633 635 639 641 650 652 653 654 670 671 672 \
	680 682 690 700 702 703 704 705 720 721 722 \
	730 731 732 733 800 801 802 803 804 805 806 \
	807 808 809 811 812 813 814 820 821 822 823 \
	824 825 826 827 828 829 831 832 833 840 841 \
	842 843 844 845 846 847 848 849 851 852 860 \
	880 881 882 883 900 902 903 904 905 906 907 \
	908 909 911 1192 1712 2468 6160 10962 10963 11062 11063 \
	11162 11163 11262 11263 11362 11363 11367 11368 11462 11463 11467 \
	11468 11562 11563 11567 11568 11662 11663 11667 11668 11762 11763 \
	11767 11768 11769 11770 11771 11772 11862 11863 11867 11872 11959 \
	11960 11961 11962 11963 11964 11965 11966 11967 11968 11969 11972 \
	12059 12062 12063 12067 12069 12072 12147 12148 12149 12150 12151 \
	12152 12153 12154 12155 12156 12157 12158 12159 12160 12161 12162 \
	12163 12164 12165 12166 12167 12169 12172 12247 12269 12272 12347 \
	12369 12372 12447 12469 12472 12547 12569 12572 12647 12669 12672 \
	12747 12769 12772 12847 12869 12872 12947 12969 12970 12971 12972 \
	13028 13047 13069 13070 13128 13147 13169 13170 13225 13226 13227 \
	13228 13247 13269 13270 13324 13325 13328 13347 13368 13369 13370 \
	13417 13418 13419 13420 13421 13422 13423 13424 13425 13426 13427 \
	13428 13429 13447 13451 13468 13470 13510 13511 13512 13513 13514 \
	13515 13516 13517 13518 13519 13520 13521 13522 13529 13539 13540 \
	13541 13542 13543 13544 13545 13546 13547 13551 13552 13553 13554 \
	13555 13568 13570 13610 13611 13612 13613 13614 13615 13616 13617 \
	13618 13619 13620 13621 13622 13629 13639 13647 13651 13655 13668 \
	13670 13710 13711 13712 13713 13729 13734 13735 13736 13737 13738 \
	13739 13747 13751 13755 13768 13769 13770 13771 13772 13773 13810 \
	13829 13830 13831 13832 13833 13834 13835 13836 13837 13838 13839 \
	13840 13841 13842 13843 13844 13845 13846 13847 13848 13849 13850 \
	13851 13852 13853 13854 13855 13856 13857 13858 13859 13860 13861 \
	13862 13863 13864 13865 13870 13872 13873 13910 13951 13955 13961 \
	13963 13965 13970 13972 13973 13974 14010 14051 14055 14061 14063 \
	14065 14070 14071 14072 14073 14074 14102 14103 14104 14105 14106 \
	14107 14108 14109 14110 14151 14152 14153 14154 14155 14156 14157 \
	14158 14159 14160 14161 14163 14165 14170 14171 14172 14173 14174 \
	14202 14203 14204 14205 14206 14207 14208 14209 14210 14261 14263 \
	14265 14268 14269 14270 14271 14272 14273 14274 14275 14304 14307 \
	14308 14361 14362 14363 14365 14368 14369 14370 14371 14372 14373 \
	14374 14375 14404 14407 14408 14461 14462 14463 14464 14465 14466 \
	14467 14468 14469 14470 14471 14472 14473 14474 14475 14504 14505 \
	14506 14507 14508 14561 14562 14563 14564 14565 14566 14567 14568 \
	14569 14570 14571 14572 14573 14574 14575 14608 14661 14662 14663 \
	14664 14665 14668 14669 14670 14672 14673 14708 14762 14763 14764 \
	14768 14769 14770 14771 14772 14773 14863 14864 14865 14866 14867 \
	14868 14869 14870 14963 14964 14965 14968 14970 15063 15064 15065 \
	15068 15070 15163 15164 15165 15166 15167 15168 15169 15170 15263 \
	15264 15265 15354 15355 15356 15357 15358 15359 15360 15361 15362 \
	15363 15364 15365 15366 15454 15461 15462 15463 15464 15465 15466 \
	15554 15562 15563 15564 15565 15566 15662 15663 15664 15665 15666 \
	15667 15668 15765 15766 15768 15865 15866 22538 25353 26112 40286 \
	56872 56908 57081 57294 57368 57397 57426 57496 57516 57570 57576 \
	57598 57826 58200 58269 58270 58288 58325 58349 58427 58493 58521 \
	58541 58608 58621 58643 58707 58736 58755 59101 59764 60097 60595 \
	61055 61580 61955 62191 63394 63667 64920 65170 65432 66609 66799 \
	67150 69255 69295 69334 70168 70304 70379 71646 71712 73184 73473 \
	73665 73850 75025 75647 75751 77433 78042 78701 
 un 120508 142244 115498 137528 138620 80250 73216 139812 133306 \
	98450 
 uf 110889 142210 125234 120159 88453 
 am 1712 0 50333 50535 50797 50837 51323 51665 51853 \
	53249 53513 53627 54172 54295 54404 54597 54587 54935 54948 55115 \
	56033 55263 55275 55705 56223 56297 56309 56363 56455 56746 
 am 2468 0 50333 50535 50797 50837 51323 51665 51853 \
	53249 53513 53627 54172 54295 54404 54597 54587 54935 54948 55115 \
	55263 55275 55705 56223 56297 56309 56363 56455 56746 
 am 3287 0 50333 50535 50797 50837 51323 51665 51853 \
	53249 53513 53627 54172 54295 54404 54597 54587 54935 54948 55115 \
	55263 55275 55705 56223 56297 56309 56363 56455 56746 
 am 4681 0 50333 50535 50797 50837 51323 51665 51853 \
	53249 53513 53627 54172 54295 54404 54597 54587 54935 54948 55115 \
	55263 55275 55705 56223 56297 56309 56363 56455 56746 
 am 5895 0 50333 50535 50797 50837 51323 51665 51853 \
	53249 53513 53627 54172 54295 54404 54597 54587 54935 54948 55115 \
	55263 55275 55705 56223 56297 56309 56363 56455 56746 
 am 6160 0 50333 50535 50797 50837 51323 51665 51853 \
	53249 53513 53627 54172 54295 54404 54597 54587 54935 54948 55115 \
	55263 55275 55705 56223 56297 56309 56363 56455 56746 
 am 8831 0 50333 50535 50797 50837 51323 51665 51853 \
	53249 53513 53627 54172 54295 54404 54597 54587 54935 54948 55115 \
	55263 55275 55705 56223 56297 56309 56363 56455 56746 
 am 9549 0 50333 50535 50797 50837 51323 51665 51853 \
	53249 53513 53627 54172 54295 54404 54597 54587 54935 54948 55115 \
	55263 55275 55705 56223 56297 56309 56363 56455 56746 
 am 54404 0 54587 
 am 54587 0 54404 
 am 69334 0 50333 50535 50797 50837 51323 51665 51853 \
	53249 53513 53627 54172 54295 54404 54597 54587 54935 54948 55115 \
	56033 55263 55275 55705 56223 56297 56309 56363 56455 56746 
 am 72149 0 50333 50535 50797 50837 51323 51665 51853 \
	53249 53513 53627 54172 54295 54404 54597 54587 54935 54948 55115 \
	55263 55275 55705 56223 56297 56309 56363 56455 56746 
 am 73104 0 50333 50535 50797 50837 51323 51665 51853 \
	53249 53513 53627 54172 54295 54404 54597 54587 54935 54948 55115 \
	55263 55275 55705 56223 56297 56309 56363 56455 56746 
 am 74490 0 50333 50535 50797 50837 51323 51665 51853 \
	53249 53513 53627 54172 54295 54404 54597 54587 54935 54948 55115 \
	55263 55275 55705 56223 56297 56309 56363 56455 56746 
 am 75428 0 50333 50535 50797 50837 51323 51665 51853 \
	53249 53513 53627 54172 54295 54404 54597 54587 54935 54948 55115 \
	55263 55275 55705 56223 56297 56309 56363 56455 56746 
 am 80250 0 115498 137528 
 am 90013 0 148236 
 am 93850 0 115498 137528 
 am 115498 0 50333 50535 50797 50837 51323 51665 51853 \
	53249 53513 53627 54172 54295 54404 54597 54587 54935 54948 55115 \
	56033 55263 55275 55705 56223 56297 56309 56363 56455 56746 
 am 125522 0 50333 50535 50797 50837 51323 51665 51853 \
	53249 53513 53627 54172 54295 54404 54597 54587 54935 54948 55115 \
	55263 55275 55705 56223 56297 56309 56363 56455 56746 
 am 126116 0 137528 80250 
 am 139812 0 148236 148236 
 am 142244 0 54404 
 am 148236 0 50333 50535 50797 50837 51323 51665 51853 \
	53249 53513 53627 54172 54295 54404 54597 54587 54935 54948 55115 \
	56033 55263 55275 55705 56223 56297 56309 56363 56455 56746 
CO
 li accept zy6 0
 ar 56746 0 0 0 0 0 0 0
 st 1

120508 char 0
na Xhai Tian'shi
il	1 502 \
	54 1
ah 65789 
LI
 wh 57294
CH
 lo 54404
 he 100
 lk 2
 lr 2
 sl	610 2 21 16 0 \
	615 2 21 19 0 \
	612 2 28 2 0 \
	630 2 28 0 0 \
	730 2 21 0 0 \
	611 2 28 0 0 \
	680 2 21 0 0 \
	617 2 14 0 0 \
	613 2 14 2 0 \
	616 2 14 0 0 \
	614 2 14 5 0 \
	641 2 28 1 0 \
	820 2 35 0 0 \
	900 2 42 0 0 \
	904 2 21 0 0 \
	905 2 21 0 0 \
	906 2 21 0 0 \
	907 2 21 0 0 \
	908 2 28 0 0 \
	909 2 21 0 0 \
	911 2 21 1 0 \
	825 2 21 0 0 \
	826 2 21 0 0 \
	827 2 21 0 0 \
	828 2 21 0 0 \
	829 2 21 0 0 \
	831 2 28 0 0 \
	832 2 21 0 0 \
	833 2 21 0 0 \
	903 2 21 18 0 \
	902 2 21 0 0 \
	800 2 28 0 0 \
	801 2 14 1 0 \
	806 2 21 0 0 \
	807 2 21 0 0 \
	808 2 21 0 0 \
	809 2 21 0 0 \
	811 2 21 0 0 \
	812 2 21 0 0 \
	813 2 21 15 0 \
	814 2 21 0 0 \
	802 2 14 1 0 \
	803 2 14 0 0 \
	804 2 21 0 0 \
	805 2 14 0 0 \
	821 2 21 0 0 \
	822 2 21 0 0 \
	823 2 21 0 0 \
	840 2 35 0 0 \
	824 2 21 0 0 \
	841 2 21 0 0 \
	842 2 14 0 0 \
	843 2 21 0 0 \
	844 2 21 0 0 \
	845 2 21 0 0 \
	846 2 21 0 0 \
	847 2 21 0 0 \
	848 2 21 0 0 \
	849 2 21 0 0 \
	851 2 21 0 0 \
	852 2 21 0 0 \
	860 2 35 0 0 \
	880 1 35 0 0
 bh 9
 ra 70
 at 80
 df 105
 mi 157
CM
 im 1
 ma 50
 ca 42
 hs 1
 kw 1
 vp 3
 pl 88755
CO
 li use 615
 ar 0 0 0 0 0 0 0 615
 cs 2
 wa 3
 st 1
 us 615
 ue 3
 de 3
 pr 3

142244 char 0
na The Jolly Fat Man
il	1 30 \
	54 3 \
	75 130 \
	77 44
LI
 wh 9283
CH
 lo 54404
 he 100
 lk 1
 lr 50
 sl	630 2 28 0 0 \
	680 2 21 1 0 \
	720 2 21 0 0 \
	610 2 21 22 0 \
	700 2 21 0 0 \
	611 2 28 0 0 \
	703 2 14 24 0 \
	702 2 14 30 0 \
	721 2 14 12 0 \
	617 2 14 34 0 \
	722 2 14 9 0 \
	615 2 21 0 0
 bp 50
 at 80
 df 80
 mi 50
MI
 ds Ho Ho Ho
CO
 li make 75 0
 ar 75 0 0 26 0 0 0 0
 cs 2
 wa -1
 st 1
 ue 2
 de 26
 po 1
 pr 3

115498 char 0
na Hanabal
il	1 1650 \
	54 7 \
	282 7 \
	285 4
ad 148236 
ah 65789 77242 
LI
 wh 1712
 hl 88755 80250 73216 148645 
CH
 lo 54404
 he 100
 lk 2
 lr 1
 sl	610 2 21 3 0 \
	615 2 21 3 0 \
	616 2 14 0 0 \
	650 2 28 0 0 \
	630 2 28 0 0 \
	654 2 28 103 0 \
	611 2 28 0 0 \
	612 2 28 1 0 \
	653 2 28 0 0 \
	641 2 28 0 0 \
	652 2 28 0 0 \
	617 2 14 0 0
 bh 2
 ra 40
 at 80
 df 80
 mi 68
 ct 88755 
CM
 pl 4972
MI
 ds Riding the Fifth Elephant
CO
 li breed 54 54
 ar 54 54 0 0 0 0 0 0
 cs 2
 wa 1
 st 1
 ue 1
 de 5
 pr 3

137528 char 0
na Ryan McPfaffenberger
il	54 8 \
	55 4 \
	282 5 \
	285 6
ah 65789 
LI
 wh 88755
CH
 lo 54404
 he 100
 lk 2
 lr 1
 sl	610 2 21 0 0 \
	614 2 14 4 0 \
	650 2 28 0 0 \
	630 2 28 0 0 \
	654 2 28 106 0 \
	611 2 28 0 0 \
	612 2 28 1 0 \
	653 2 28 0 0 \
	641 2 28 1 0 \
	615 2 21 0 0
 bh 2
 at 80
 df 106
 mi 50
 ct 88755 88755 
CM
 hs 1
CO
 li breed 282 282
 ar 282 282 0 0 0 0 0 0
 wa 7
 st 1
 ue 1
 pr 3

138620 char 0
na Big Vern
il	1 100 \
	55 9 \
	282 8 \
	285 4
ah 65789 
LI
 wh 88755
CH
 lo 54404
 he 100
 lk 2
 lr 1
 sl	610 2 21 5 0 \
	615 2 21 6 0 \
	650 2 28 0 0 \
	630 2 28 0 0 \
	654 2 28 102 0 \
	611 2 28 0 0 \
	653 2 28 0 0 \
	641 2 28 1 0 \
	612 2 28 1 0
 bh 3
 at 80
 df 80
 mi 102
 ct 88755 88755 
CM
 hs 1
MI
 ds They'll never take me alive
CO
 li breed 282 282
 ar 282 282 0 0 0 0 0 0
 cs 2
 wa 2
 st 1
 ue 2
 de 4
 pr 3

80250 char 0
na Marcus Wolf
il	1 73 \
	54 6
LI
 wh 115498
CH
 lo 54404
 he 100
 lk 3
 lr 34
 sl	610 2 21 41 0 \
	615 2 21 8 0 \
	612 2 28 1 0 \
	617 2 14 9 0 \
	611 2 28 0 0 \
	880 2 42 0 0 \
	881 2 14 0 0 \
	616 2 14 8 0 \
	882 2 14 0 0 \
	883 2 14 0 0 \
	650 2 28 0 0 \
	654 2 28 4 0
 bh 5
 at 93
 df 80
 mi 61
CM
 im 1
 ma 4
 ca 4
CO
 li breed 54 54
 ar 54 54 0 0 0 0 0 0
 cs 2
 wa 6
 st 1
 ue 2
 de 1
 pr 3

73216 char 0
na I'm a lumberjack and I'm ok
il	1 245 \
	54 6
LI
 wh 115498
CH
 lo 54404
 pl 100
 he 100
 lk 3
 lr 66
 sl	700 2 21 0 0 \
	703 2 14 7 0 \
	610 2 21 24 0 \
	617 2 14 8 0 \
	616 2 14 7 0 \
	702 2 14 6 0 \
	690 2 28 0 0 \
	615 2 21 14 0 \
	704 2 14 0 0 \
	611 2 28 0 0 \
	630 2 28 0 0 \
	650 2 28 0 0 \
	654 2 28 4 0
 bp 50
 at 102
 df 80
 mi 123
MI
 di 3
CO
 li breed 54 54
 ar 54 54 0 0 0 0 0 0
 cs 2
 wa 6
 st 1
 ue 3
 de 1
 pr 3

139812 char 0
na Hatchet Harry
il	1 247 \
	54 8 \
	282 10 \
	60986 1
LI
 wh 148236
CH
 lo 54404
 he 100
 lk 2
 lr 1
 sl	610 2 21 5 0 \
	615 2 21 5 0 \
	617 2 14 6 0 \
	630 2 28 0 0 \
	650 2 28 0 0 \
	654 2 28 80 0 \
	611 2 28 0 0 \
	652 2 28 0 0 \
	641 2 28 1 0 \
	653 2 28 0 0 \
	680 1 14 0 0
 bh 9
 bp 50
 at 80
 df 80
 mi 95
CM
 hs 1
MI
 ds Norv'n Monkey
CO
 li give 148236 54 0 6
 ar 148236 54 0 6 0 0 0 0
 st 1
 ue 1
 pr 1

133306 char 0
na Dr. Jeckle
il	1 100 \
	54 3
LI
 wh 148236
CH
 lo 54404
 he 100
 lk 2
 lr 1
 sl	610 2 21 48 0 \
	615 2 21 11 0 \
	613 2 14 5 0 \
	630 2 28 0 0 \
	611 2 28 0 0 \
	700 2 21 0 0 \
	702 2 14 61 0 \
	703 2 14 2 0 \
	617 2 14 52 0 \
	641 2 28 1 0 \
	612 2 28 1 0 \
	635 2 28 0 0 \
	705 2 14 0 0 \
	704 2 14 0 0 \
	680 2 21 0 0 \
	650 2 28 0 0 \
	654 1 14 0 0
 at 80
 df 80
 mi 123
CM
 hs 1
CO
 li seek
 ar 0 0 0 0 0 0 0 0
 cs 2
 wa 5
 st 1
 ue 2
 de 2
 po 1
 pr 3

98450 char 0
na Mr. Hyde
il	1 484 \
	10 8 \
	54 26 \
	70545 1 \
	88014 1
LI
 wh 57397
CH
 lo 54404
 he 100
 lk 3
 lr 14
 sl	610 2 21 43 0 \
	614 2 14 8 0 \
	630 2 28 0 0 \
	615 2 21 5 0 \
	641 2 28 1 0 \
	611 2 28 0 0 \
	612 2 28 1 0 \
	670 2 28 0 0 \
	680 2 21 0 0 \
	671 2 14 2 0 \
	682 2 14 7 0 \
	633 2 14 0 0 \
	672 2 21 0 0 \
	613 2 14 0 0 \
	617 2 14 6 0 \
	616 2 14 0 0 \
	632 2 14 0 0 \
	730 2 21 0 0 \
	732 2 14 4 0 \
	733 2 14 1 0 \
	731 2 14 0 0
 bp 50
 at 80
 df 121
 mi 63
CM
 hs 1
CO
 li seek
 ar 0 0 0 0 0 0 0 0
 st 1
 ue 1
 de 7
 po 1
 pr 3

