54422 player pl_regular
na Drasnia
il	1 6175 \
	77 50 \
	78 100
ad 1599 3634 3843 3920 5934 6344 50822 51992 52793 \
	54134 54422 54684 55734 59068 67810 69471 72381 77196 77218 78501 
CH
PL
 fn Nuno Ferreira
 em bx006096@ip.pt
 ve drasnia@iname.com
 pw kramod
 np 24
 fs 64
 ft 82
 lt 155
 kn 69 600 601 602 603 610 611 612 614 616 \
	617 630 631 632 633 634 635 639 641 650 651 \
	652 653 654 655 656 657 658 659 661 670 671 \
	672 673 674 690 691 693 695 700 702 703 704 \
	720 721 722 730 731 732 733 750 751 752 753 \
	754 756 800 801 802 803 804 805 806 807 808 \
	809 811 812 813 814 820 821 822 823 825 826 \
	827 828 829 831 832 833 840 841 842 843 844 \
	845 846 847 848 849 851 852 860 861 862 863 \
	864 865 866 867 868 869 871 872 880 2841 7136 \
	8056 8589 8865 9334 11947 11948 11949 11950 11951 11952 11953 \
	11954 11955 11956 12041 12042 12043 12044 12045 12046 12047 12048 \
	12049 12050 12051 12052 12053 12054 12055 12056 12146 12147 12148 \
	12149 12150 12151 12152 12153 12154 12155 12156 12244 12245 12246 \
	12247 12248 12249 12250 12251 12252 12253 12254 12255 12256 12344 \
	12345 12346 12347 12348 12349 12350 12351 12352 12353 12354 12355 \
	12356 12442 12443 12444 12445 12446 12447 12448 12449 12450 12451 \
	12452 12453 12454 12455 12456 12541 12542 12543 12544 12545 12546 \
	12547 12548 12549 12550 12551 12552 12553 12554 12555 12556 12641 \
	12642 12643 12644 12645 12646 12647 12648 12649 12650 12651 12652 \
	12653 12654 12655 12656 12741 12742 12743 12744 12745 12746 12747 \
	12748 12749 12750 12751 12752 12753 12754 12755 12756 12841 12842 \
	12843 12844 12845 12846 12847 12848 12849 12850 12851 12852 12853 \
	12854 12855 12856 12943 12944 12945 12946 12947 12948 12949 12950 \
	14004 14104 14204 14207 14208 14209 14214 14215 14216 14217 14218 \
	14219 14220 14221 14222 14304 14308 14309 14313 14314 14404 14408 \
	14409 14412 14413 14504 14505 14506 14507 14508 14509 14511 14512 \
	14518 14608 14609 14610 14611 14612 14613 14614 14615 14616 14617 \
	14706 14707 14708 14709 14710 14711 14712 14713 14714 14715 14805 \
	14806 14807 14808 14809 14907 14908 15001 15002 15003 15004 15005 \
	15006 15007 15008 15101 15103 15105 15201 15203 15205 15301 15303 \
	15305 15401 15402 15403 15404 15405 15406 15501 15503 15505 15506 \
	15601 15603 15605 15606 15701 15702 15703 15704 15705 15706 15802 \
	15803 15923 15924 15925 15926 15927 15928 16023 16024 16025 16026 \
	16027 16028 56793 57028 57397 57426 57435 57622 57775 57824 57865 \
	58057 58288 58342 58431 58744 58752 59119 60914 62230 63842 67157 \
	68544 68956 69484 71759 71798 75762 76729 78480 87913 144469 
 un 78501 71408 
 uf 61493 65856 64877 73918 125773 
 am 62230 0 1599 3582 3634 3920 50822 51992 52793 \
	54684 55734 
CO
 li accept qn4 0 0
 ar 54294 0 0 0 0 0 0 0
 st 1

78501 char 0
na Jaradan
il	1 564 \
	92733 1 \
	136725 1
LI
 wh 11947
CH
 lo 54422
 he 100
 lk 2
 lr 1
 sl	610 2 21 0 0 \
	611 2 28 0 0 \
	616 2 14 15 0 \
	614 2 14 15 0 \
	612 2 28 1 0 \
	630 2 28 0 0 \
	639 2 21 0 0 \
	641 2 28 1 0 \
	617 2 14 0 0 \
	635 2 28 0 0 \
	670 2 28 0 0 \
	632 2 14 0 0 \
	633 2 14 5 0 \
	671 2 14 0 0 \
	672 2 21 0 0 \
	634 2 14 2 0 \
	631 2 14 0 0 \
	673 2 14 0 0 \
	674 2 21 0 0
 at 140
 df 148
CM
 hs 1
 vp 5
CO
 li use 616
 ar 0 0 0 0 0 0 0 616
 st 1
 us 616
 ue 3
 de 6
 pr 3

71408 char 0
na Nonnvs Ferr
LI
 wh 36677
CH
 lo 54422
 he 100
 lk 2
 lr 2
 sl	800 2 28 0 0 \
	860 2 35 0 0 \
	802 2 14 52 0 \
	809 2 21 0 0 \
	803 2 14 5 0 \
	801 2 14 0 0 \
	804 2 21 0 0 \
	813 2 21 8 0 \
	805 2 14 0 0 \
	808 2 21 0 0 \
	806 2 21 0 0 \
	861 2 14 0 0 \
	862 2 14 0 0 \
	814 2 21 0 0 \
	807 2 21 0 0 \
	610 2 21 0 0 \
	812 2 21 0 0 \
	630 2 28 0 0 \
	867 2 21 0 0 \
	811 2 21 0 0 \
	863 2 14 0 0 \
	868 2 21 0 0 \
	869 2 14 0 0 \
	872 2 21 0 0 \
	865 2 14 0 0 \
	864 2 14 0 0 \
	641 2 28 1 0 \
	871 2 21 0 0 \
	866 2 14 0 0 \
	840 2 35 0 0 \
	841 2 21 3 0 \
	849 2 21 0 0 \
	848 2 21 0 0 \
	842 2 14 1 0 \
	843 2 21 0 0 \
	844 2 21 0 0 \
	845 2 21 0 0 \
	846 2 21 0 0 \
	847 2 21 0 0 \
	851 2 21 0 0 \
	820 2 35 0 0 \
	821 2 21 0 0 \
	822 2 21 0 0 \
	823 2 21 0 0 \
	825 1 15 0 0 \
	826 1 1 0 0 \
	827 1 1 0 0 \
	828 1 1 0 0 \
	829 1 1 0 0 \
	831 1 1 0 0 \
	832 1 1 0 0 \
	833 1 1 0 0 \
	852 1 1 0 0 \
	880 2 42 0 0
 bh 9
 bp 50
 at 80
 df 30
 dt 224 15 6705
CM
 im 1
 ma 42
 ca 42
 hs 1
 kw 1
 vp 4
MI
 ds Kingdom of Cragstan
CO
 li collect 277 0 16
 ar 277 0 0 160 0 0 0 0
 st 1
 ue 5
 de 16
 po 1
 pr 3

