54524 player pl_regular
na Torch Sellers Guild
il	1 1072 \
	78 90
ad 51632 52586 54082 54392 55207 
CH
PL
 fn Dan Scoedge
 em jdgbobr@io.com
 ve TSG1868063@AOL.com
 pw delicious
 np 26
 fs 60
 ft 77
 nt 1
 so 1
 lt 260
 kn 69 600 601 602 603 610 611 612 613 614 \
	615 616 617 630 637 639 641 650 651 652 653 \
	654 655 657 670 671 680 682 700 702 703 705 \
	730 731 732 733 750 751 752 753 754 755 756 \
	800 801 802 803 804 805 812 900 902 903 904 \
	905 906 907 909 911 1083 1140 1223 2295 4284 4644 \
	6633 7169 7498 7742 8093 8713 9919 14423 14424 14425 14426 \
	14427 14523 14524 14527 14623 14624 14627 14723 14724 14727 14728 \
	14823 14824 14828 14923 14924 14928 15023 15024 15028 15123 15124 \
	15128 15223 15224 15225 15226 15227 15228 15324 15327 15328 15424 \
	15427 15428 15524 15525 15526 15527 15528 15624 15625 15627 15724 \
	15725 15726 15727 15824 15825 15826 15827 15924 15925 15926 15927 \
	16024 16027 16124 16127 16207 16208 16209 16217 16218 16219 16220 \
	16221 16222 16223 16224 16225 16226 16227 16307 16317 16324 16407 \
	16417 16424 16507 16517 16524 16607 16617 16624 16707 16717 16724 \
	16807 16815 16816 16817 16818 16819 16820 16821 16822 16823 16824 \
	16828 16900 16901 16902 16903 16904 16905 16906 16907 16908 16909 \
	16910 16911 16912 16913 16914 16915 16916 16917 16918 16919 16920 \
	16921 16922 16923 16924 16928 16989 16990 16991 16992 17000 17001 \
	17007 17009 17010 17011 17012 17013 17014 17015 17016 17017 17018 \
	17019 17020 17021 17022 17023 17024 17025 17026 17027 17028 17089 \
	17090 17091 17092 17100 17101 17107 17108 17109 17117 17118 17177 \
	17189 17190 17191 17192 17193 17200 17201 17206 17207 17217 17218 \
	17219 17277 17289 17290 17291 17292 17293 17300 17301 17305 17306 \
	17307 17317 17318 17319 17377 17389 17390 17391 17392 17393 17399 \
	17400 17401 17403 17404 17405 17407 17417 17418 17419 17420 17422 \
	17477 17492 17493 17499 17500 17501 17502 17503 17504 17507 17517 \
	17518 17519 17520 17521 17522 17575 17576 17577 17578 17579 17580 \
	17581 17582 17583 17584 17585 17586 17587 17588 17589 17590 17591 \
	17592 17593 17594 17595 17596 17597 17598 17599 17600 17602 17603 \
	17604 17605 17606 17607 17608 17611 17614 17615 17616 17617 17618 \
	17619 17622 17673 17674 17675 17676 17677 17678 17679 17680 17681 \
	17682 17683 17684 17685 17686 17687 17688 17689 17692 17693 17694 \
	17695 17696 17697 17698 17699 17700 17701 17702 17703 17704 17705 \
	17706 17707 17708 17709 17710 17711 17712 17713 17714 17715 17716 \
	17717 17718 17719 17720 17721 17722 17784 17785 17787 17788 17789 \
	17790 17791 17792 17793 17794 17795 17796 17797 17798 17799 17800 \
	17801 17802 17803 17804 17805 17806 17807 17808 17809 17810 17811 \
	17812 17813 17814 17815 17816 17817 17818 17819 17885 17887 17888 \
	17889 17890 17891 17892 17893 17895 17899 17902 17903 17904 17905 \
	17906 17907 17908 17909 17910 17911 17912 17913 17914 17915 17916 \
	17917 17985 17987 17988 17989 17990 17991 17992 17993 17994 17995 \
	18002 18003 18004 18005 18006 18007 18008 18009 18010 18011 18012 \
	18013 18014 18017 18077 18079 18085 18087 18088 18089 18090 18091 \
	18092 18093 18103 18104 18105 18106 18108 18109 18110 18111 18112 \
	18113 18114 18115 18116 18117 18118 18119 18175 18176 18177 18179 \
	18180 18185 18186 18187 18188 18189 18190 18191 18192 18193 18200 \
	18201 18202 18203 18204 18205 18206 18207 18208 18209 18210 18211 \
	18212 18213 18214 18215 18216 18217 18218 18219 18272 18273 18274 \
	18275 18276 18277 18278 18279 18280 18281 18282 18283 18284 18285 \
	18286 18287 18290 18291 18292 18293 18299 18301 18302 18303 18304 \
	18305 18306 18307 18308 18309 18310 18311 18312 18313 18372 18373 \
	18374 18375 18376 18377 18378 18379 18380 18381 18382 18383 18384 \
	18385 18386 18387 18388 18389 18390 18391 18392 18393 18398 18399 \
	18401 18472 18473 18477 18478 18482 18483 18484 18485 18486 18487 \
	18492 18493 18498 18500 18501 18571 18572 18576 18577 18585 18586 \
	18587 18593 18598 18600 18601 18671 18672 18673 18674 18675 18676 \
	18677 18678 18679 18680 18681 18682 18683 18684 18685 18686 18687 \
	18688 18689 18690 18691 18692 18693 18698 18700 18701 18777 18782 \
	18783 18784 18785 18786 18787 18788 18789 18790 18791 18792 18793 \
	18794 18795 18796 18797 18798 18799 18800 18877 18881 18882 18883 \
	18884 18885 18886 18893 18894 18895 18896 18897 18898 18899 18977 \
	18978 18979 18980 18981 18982 18983 18986 19077 19078 19079 19081 \
	19082 19083 19086 19165 19166 19167 19168 19169 19170 19171 19172 \
	19173 19174 19175 19176 19177 19178 19179 19180 19181 19182 19183 \
	19184 19185 19186 19265 19266 19267 19268 19269 19270 19271 19277 \
	19278 19279 19285 19371 19372 19373 19374 19375 19376 19377 19378 \
	19379 19380 19381 19382 19383 19384 19385 22371 23182 25250 48525 \
	56761 56889 57026 57030 57133 57189 57195 57204 57216 57326 57367 \
	57370 57435 57503 57602 57957 57990 58033 58050 58054 58113 58119 \
	58423 58465 58497 58547 58705 58743 59207 59923 60176 60282 60341 \
	60697 60809 61199 61263 61280 61552 61649 61960 61966 62030 63013 \
	63136 63676 63887 64576 64827 65201 65624 65811 66373 66724 66762 \
	67516 67702 67893 68036 68475 68792 69862 70156 70395 70666 70971 \
	71974 72043 72181 72335 72648 72886 73050 73064 73459 73489 73609 \
	73708 73719 75562 75981 76156 76241 76333 76551 76698 76762 76884 \
	77468 77552 77788 78301 78361 78883 83838 103039 105202 114222 
 un 69718 59476 67472 93570 
 uf 121452 92052 92915 89136 85206 
 am 1223 1 
 am 2295 0 51632 52586 54082 54392 55207 56542 
 am 8713 0 52586 
 am 62030 0 54082 
 am 68848 0 2592 
 am 69718 0 54082 
 am 73050 1 
 am 93448 0 71426 
 am 114222 0 71426 
CO
 li accept uh6 0
 ar 55276 0 0 0 0 0 0 0
 st 1

69718 char 0
na Qwoline
il	1 136 \
	54 1
tl	2 95 851 7 0 0 0 0 \
	2 87 771 2 0 0 0 0
LI
 wh 19285
CH
 lo 54524
 he 100
 lk 2
 lr 1
 sl	600 2 21 0 0 \
	602 2 14 1 0 \
	601 2 14 42 0 \
	610 2 21 37 0 \
	700 2 21 0 0 \
	702 2 14 11 0 \
	612 2 28 1 0 \
	615 2 21 14 0 \
	630 2 28 0 0 \
	617 2 14 0 0 \
	703 2 14 0 0 \
	613 2 14 0 0 \
	603 2 14 3 0 \
	637 2 21 0 0 \
	730 2 21 0 0 \
	733 2 14 0 0 \
	611 2 28 0 0 \
	650 2 28 0 0 \
	654 1 14 0 0
 bh 9
 at 80
 df 80
 mi 110
CO
 li seek
 ar 0 0 0 0 0 0 0 0
 st 1
 ue 3
 de 7
 po 1
 pr 3

59476 char 0
na Jackson
LI
 wh 8120
CH
 lo 54524
 he 100
 lk 2
 lr 1
 sl	610 2 21 14 0 \
	612 2 28 0 0
 pr 1
 bp 50
 at 80
 df 30
 ct 5965 8120 8120 8120 8120 8120 8120 8120 8120 \
	8120 8120 8120 8120 8120 8120 8120 8120 8120 8120 8120 \
	8120 8120 8120 8120 8120 8120 8120 8120 8120 8120 8120 \
	8120 8120 
 dt 218 22 6532
CO
 li die
 ar 0 0 0 0 0 0 0 0
 cs 1
 st 1
 pr 1

67472 char 0
na Absoeld
tl	2 95 990 7 0 0 0 0
LI
 wh 8120
CH
 lo 54524
 he 100
 lk 3
 lr 61
 sl	610 2 21 4 0 \
	617 2 14 70 0 \
	615 2 21 2 0 \
	700 2 21 0 0 \
	703 2 14 89 0 \
	702 2 14 76 0 \
	611 1 21 0 0
 pr 1
 bp 50
 at 80
 df 30
 mi 75
 ct 8120 8120 8120 8120 8120 8120 8120 8120 8120 \
	8120 8120 8120 8120 8120 8120 8120 8120 8120 8120 8120 \
	8120 8120 8120 8120 8120 8120 8120 8120 
 dt 217 21 6501
CM
 vp 1
CO
 li die
 ar 0 0 0 0 0 0 0 0
 cs 1
 st 1
 ue 1
 pr 1

93570 char 0
na Traveler
tl	2 95 989 7 0 0 0 0
an 54524 
LI
 wh 8120
CH
 lo 54524
 he 100
 lk 3
 lr 47
 sl	610 2 21 14 0
 pr 1
 bh 5
 bp 50
 at 80
 df 30
 ct 2879 8120 8120 8120 8120 8120 8120 8120 8120 \
	8120 8120 8120 8120 8120 8120 8120 8120 8120 8120 8120 \
	8120 8120 8120 8120 8120 8120 8120 8120 8120 
 dt 218 11 6521
CO
 li die
 ar 0 0 0 0 0 0 0 0
 cs 1
 st 1
 pr 1

