54527 player pl_regular
na Maaderchods
il	1 2381
ad 52578 53013 53198 55565 55827 
CH
PL
 fn Amit Agrawal
 em amit@spimageworks.com
 pw Tandoori
 np 15
 fs 3
 ft 2
 so 1
 lt 260
 kn 69 600 601 602 603 610 611 612 613 614 \
	615 616 617 630 631 632 634 635 639 641 650 \
	651 652 653 654 655 656 657 670 671 673 674 \
	680 681 682 690 691 692 693 700 701 702 703 \
	704 720 721 722 730 731 732 733 800 801 802 \
	803 804 805 806 807 808 809 811 812 813 814 \
	820 821 822 823 824 825 826 827 828 829 831 \
	832 833 840 841 842 843 844 845 846 847 848 \
	849 851 852 860 861 862 863 864 865 866 867 \
	868 869 871 872 880 881 882 883 884 885 886 \
	887 888 889 891 892 893 894 900 901 902 903 \
	904 905 906 907 908 909 911 920 921 922 1140 \
	4203 5735 6307 7861 8372 8630 9644 9647 16778 16878 16881 \
	16882 16883 16884 16885 16886 16887 16888 16889 16890 16891 16892 \
	16893 16894 16895 16978 16979 16980 16981 16995 17078 17095 17096 \
	17100 17178 17196 17197 17198 17199 17200 17297 17298 17299 17300 \
	17366 17367 17398 17399 17400 17466 17467 17498 17499 17500 17531 \
	17532 17533 17534 17535 17536 17537 17566 17567 17587 17588 17599 \
	17600 17631 17632 17633 17634 17635 17636 17637 17638 17639 17640 \
	17641 17665 17666 17667 17687 17688 17689 17690 17696 17697 17698 \
	17699 17700 17731 17732 17733 17734 17735 17736 17737 17738 17739 \
	17740 17741 17764 17765 17766 17787 17788 17789 17790 17795 17796 \
	17797 17798 17799 17800 17831 17832 17833 17834 17835 17836 17837 \
	17838 17839 17840 17841 17842 17843 17862 17863 17864 17887 17888 \
	17889 17890 17895 17896 17897 17898 17899 17900 17931 17932 17933 \
	17934 17935 17936 17937 17938 17939 17940 17941 17942 17943 17949 \
	17950 17951 17952 17953 17954 17955 17956 17957 17958 17959 17960 \
	17961 17962 17963 17987 17988 17989 17990 17991 17992 17993 17994 \
	17995 17996 17997 17998 17999 18000 18032 18033 18034 18035 18036 \
	18037 18038 18039 18040 18041 18042 18043 18044 18045 18046 18047 \
	18049 18058 18059 18060 18061 18062 18087 18088 18089 18090 18091 \
	18092 18093 18094 18095 18096 18097 18098 18099 18100 18120 18121 \
	18122 18123 18124 18125 18126 18127 18128 18129 18130 18131 18132 \
	18133 18134 18135 18136 18137 18139 18140 18141 18142 18143 18144 \
	18145 18146 18147 18149 18158 18159 18160 18161 18162 18187 18188 \
	18189 18190 18191 18192 18193 18194 18195 18196 18197 18198 18199 \
	18200 18208 18209 18210 18211 18212 18213 18214 18215 18216 18217 \
	18218 18219 18220 18221 18222 18223 18224 18225 18226 18227 18228 \
	18230 18231 18232 18234 18235 18237 18239 18249 18258 18259 18260 \
	18261 18262 18287 18289 18290 18291 18292 18293 18294 18295 18296 \
	18297 18298 18299 18300 18301 18308 18310 18311 18312 18313 18314 \
	18315 18316 18317 18318 18319 18320 18321 18322 18323 18324 18325 \
	18326 18327 18328 18329 18330 18332 18335 18337 18339 18349 18358 \
	18359 18360 18361 18386 18387 18388 18389 18390 18391 18392 18393 \
	18394 18395 18396 18397 18398 18399 18400 18401 18403 18404 18405 \
	18406 18407 18408 18409 18410 18411 18412 18413 18414 18415 18416 \
	18417 18418 18419 18420 18421 18422 18423 18424 18425 18426 18427 \
	18428 18429 18430 18431 18432 18433 18434 18435 18437 18438 18439 \
	18440 18441 18442 18443 18444 18445 18446 18447 18448 18449 18450 \
	18451 18452 18453 18454 18455 18456 18457 18458 18459 18485 18486 \
	18487 18488 18489 18490 18491 18492 18493 18494 18495 18496 18497 \
	18498 18499 18500 18501 18502 18503 18504 18505 18506 18507 18508 \
	18509 18510 18511 18512 18513 18514 18515 18516 18517 18518 18519 \
	18520 18521 18522 18523 18524 18525 18526 18527 18528 18529 18530 \
	18531 18532 18533 18534 18535 18538 18539 18540 18541 18543 18544 \
	18545 18546 18549 18585 18586 18587 18588 18589 18590 18591 18592 \
	18593 18594 18595 18596 18597 18598 18599 18600 18602 18603 18606 \
	18607 18608 18609 18610 18611 18612 18613 18614 18615 18616 18617 \
	18618 18619 18620 18621 18622 18623 18624 18625 18626 18627 18628 \
	18629 18630 18631 18632 18634 18635 18641 18643 18646 18649 18683 \
	18684 18685 18686 18687 18688 18689 18690 18691 18692 18693 18694 \
	18695 18696 18697 18698 18699 18700 18701 18702 18703 18704 18705 \
	18706 18707 18708 18709 18710 18711 18712 18713 18714 18715 18716 \
	18717 18718 18719 18720 18721 18722 18723 18724 18725 18726 18727 \
	18728 18729 18730 18731 18732 18733 18734 18735 18736 18741 18743 \
	18746 18747 18748 18749 18750 18751 18782 18783 18784 18785 18786 \
	18787 18788 18789 18790 18791 18792 18793 18794 18795 18796 18797 \
	18798 18799 18800 18801 18802 18803 18804 18805 18806 18807 18808 \
	18809 18810 18811 18812 18813 18814 18815 18816 18817 18818 18819 \
	18820 18821 18822 18823 18824 18825 18826 18827 18828 18829 18830 \
	18831 18832 18833 18834 18835 18836 18841 18843 18846 18847 18849 \
	18851 18881 18882 18883 18884 18885 18886 18887 18888 18889 18890 \
	18891 18892 18893 18894 18895 18896 18897 18898 18899 18900 18901 \
	18902 18903 18904 18905 18906 18907 18908 18910 18911 18912 18913 \
	18914 18915 18916 18917 18918 18919 18920 18921 18922 18923 18924 \
	18925 18926 18927 18928 18929 18930 18931 18932 18933 18934 18935 \
	18936 18937 18938 18941 18942 18943 18944 18945 18946 18947 18949 \
	18951 18979 18980 18981 18982 18986 18988 18989 18990 18991 18992 \
	18993 18994 18995 18996 18997 18998 18999 19000 19001 19002 19003 \
	19004 19005 19006 19007 19008 19009 19010 19011 19012 19013 19014 \
	19015 19016 19017 19018 19019 19020 19021 19022 19023 19024 19025 \
	19026 19028 19029 19030 19031 19032 19033 19034 19035 19036 19037 \
	19038 19043 19046 19049 19051 19052 19053 19054 19055 19056 19057 \
	19058 19059 19060 19061 19077 19078 19079 19080 19081 19082 19083 \
	19084 19085 19086 19087 19088 19089 19090 19091 19092 19093 19094 \
	19095 19096 19097 19098 19099 19100 19102 19104 19105 19106 19107 \
	19108 19109 19110 19111 19112 19115 19116 19117 19118 19119 19120 \
	19121 19122 19123 19124 19125 19126 19127 19128 19129 19130 19131 \
	19132 19135 19143 19146 19149 19161 19177 19178 19179 19180 19181 \
	19186 19187 19188 19189 19190 19191 19192 19193 19194 19195 19196 \
	19197 19198 19200 19201 19202 19203 19204 19206 19207 19208 19209 \
	19210 19211 19212 19213 19214 19215 19216 19217 19218 19219 19220 \
	19221 19222 19223 19224 19225 19226 19227 19228 19229 19230 19231 \
	19232 19235 19243 19246 19249 19261 19277 19286 19287 19288 19289 \
	19290 19291 19292 19293 19294 19295 19296 19297 19298 19299 19300 \
	19301 19302 19303 19304 19306 19307 19308 19309 19310 19311 19312 \
	19313 19314 19315 19316 19317 19318 19319 19320 19321 19322 19323 \
	19326 19327 19328 19329 19330 19332 19335 19343 19344 19345 19346 \
	19347 19348 19349 19350 19351 19361 19372 19373 19374 19375 19376 \
	19377 19386 19387 19388 19389 19390 19391 19397 19398 19399 19400 \
	19401 19402 19403 19404 19405 19406 19407 19408 19409 19410 19411 \
	19412 19413 19418 19419 19420 19421 19422 19426 19427 19428 19429 \
	19432 19435 19441 19442 19443 19444 19446 19449 19451 19461 19472 \
	19487 19488 19489 19491 19492 19493 19494 19495 19496 19497 19498 \
	19499 19500 19501 19502 19503 19504 19505 19506 19508 19509 19510 \
	19511 19512 19519 19521 19522 19523 19524 19525 19526 19527 19528 \
	19532 19535 19541 19543 19546 19549 19551 19561 19562 19563 19564 \
	19565 19566 19567 19568 19569 19570 19571 19572 19587 19600 19601 \
	19602 19603 19604 19605 19606 19607 19608 19610 19611 19612 19613 \
	19614 19615 19616 19617 19618 19619 19621 19623 19624 19625 19626 \
	19631 19632 19633 19634 19635 19641 19643 19646 19649 19650 19651 \
	19652 19653 19654 19655 19656 19657 19658 19659 19660 19661 19662 \
	19663 19666 19667 19668 19669 19670 19671 19672 19673 19674 19675 \
	19676 19677 19678 19679 19680 19681 19682 19683 19684 19685 19686 \
	19687 19697 19698 19699 19700 19702 19703 19704 19705 19706 19707 \
	19708 19709 19710 19711 19712 19715 19716 19717 19718 19719 19720 \
	19721 19722 19723 19724 19725 19726 19727 19728 19729 19730 19731 \
	19733 19741 19742 19743 19746 19747 19748 19749 19750 19751 19752 \
	19757 19758 19763 19764 19765 19766 19797 19800 19801 19802 19803 \
	19805 19806 19807 19808 19809 19810 19812 19819 19820 19821 19822 \
	19823 19824 19825 19826 19833 19897 19900 19901 19902 19903 19904 \
	19905 19906 19907 19908 19909 19910 19911 19912 19913 19914 19915 \
	19916 19917 19918 19919 19920 19921 19922 19923 19924 19925 19926 \
	19927 19928 19929 19930 19931 19932 19933 19997 19998 19999 21613 \
	22944 26357 27329 29243 29329 29532 29616 29655 29796 30240 30434 \
	31209 31591 32446 32499 32846 33741 34424 35023 35556 35630 37198 \
	38183 38720 38884 39140 39517 39749 40687 40758 41010 41149 41584 \
	41986 42237 42369 43845 44328 44825 45373 45622 46500 46794 47981 \
	48003 48420 48992 49331 49381 56765 56780 56799 56855 56889 56963 \
	56993 57011 57121 57170 57177 57189 57246 57295 57309 57326 57475 \
	57627 57708 57711 57750 57794 57837 57849 57877 57939 58008 58054 \
	58098 58112 58131 58307 58343 58380 58403 58432 58562 58571 58609 \
	58640 58676 58683 58705 58713 58743 59254 59647 59911 60660 61036 \
	61308 61805 62502 62765 63222 63380 63799 64133 64430 65993 66687 \
	67149 67265 67365 67486 68233 68471 68475 69915 70209 70448 70680 \
	71276 71394 71845 71918 72136 72846 72996 73080 73459 73784 73816 \
	73867 74041 75362 75401 75775 77092 77155 77231 77731 78285 78322 \
	78665 78883 99534 145522 147620 
 un 9652 4020 6019 6459 4014 3975 2867 8481 6149 
 uf 6809 7741 66476 75058 60030 
 am 2867 0 52578 53198 55827 
 am 3975 0 52578 53198 55827 
 am 6019 0 52578 53198 55827 
 am 6149 0 52578 53198 55827 
 am 6459 0 52578 53198 55827 
 am 8372 0 52578 53198 55827 
 am 9652 0 52578 2823 
 am 75775 0 52578 53198 55827 
 am 78285 0 52578 53198 55827 
CO
 li accept wk7 0
 ar 55827 0 0 0 0 0 0 0
 st 1

9652 char 0
na Vimmy
il	1 194 \
	54 44 \
	84 12
LI
 wh 59254
CH
 lo 54527
 he 100
 lk 2
 lr 1
 sl	610 2 21 29 0 \
	680 2 21 3 0 \
	700 2 21 0 0 \
	617 2 14 69 0 \
	612 2 28 1 0 \
	702 2 14 43 0 \
	682 2 14 41 0 \
	703 2 14 40 0 \
	704 2 14 31 0 \
	720 2 21 0 0 \
	690 2 28 20 0 \
	721 2 14 11 0 \
	722 2 14 11 0 \
	691 2 21 0 0 \
	692 2 21 0 0 \
	630 2 28 0 0 \
	693 2 21 0 0 \
	641 2 28 1 0 \
	650 2 28 0 0 \
	654 2 28 84 0 \
	653 2 28 0 0 \
	652 2 28 0 0 \
	730 2 21 0 0 \
	732 2 14 0 0 \
	733 2 14 0 0
 at 80
 df 80
CM
 hs 1
CO
 li breed 54 54
 ar 54 54 0 0 0 0 0 0
 cs 2
 wa 4
 st 1
 ue 1
 de 2
 pr 3

4020 char 0
na Joxi
il	1 240 \
	54 10 \
	55 10 \
	98 2 \
	282 36
LI
 wh 5638
CH
 lo 54527
 he 100
 lk 3
 lr 16
 sl	610 2 21 25 0 \
	612 2 28 1 0 \
	615 2 21 6 0 \
	630 2 28 0 0 \
	634 2 14 1 0 \
	617 2 14 5 0 \
	641 2 28 1 0 \
	611 2 28 0 0 \
	650 2 28 0 0 \
	654 2 28 69 0 \
	653 2 28 0 0 \
	652 2 28 0 0 \
	730 2 21 0 0 \
	732 2 14 0 0 \
	733 2 14 0 0
 at 80
 df 80
 mi 50
CM
 hs 1
CO
 li breed 282 282
 ar 282 282 0 0 0 0 0 0
 cs 2
 wa 1
 st 1
 ue 1
 de 5
 pr 3

6019 char 0
na Agni
il	1 80 \
	54 14 \
	82 10 \
	84 9 \
	61358 1 \
	61808 1 \
	63405 1 \
	64275 1 \
	67210 1 \
	68387 1 \
	69235 1 \
	70241 1 \
	71180 1 \
	72561 1 \
	73219 1 \
	73559 1 \
	74776 1 \
	75760 1 \
	79587 1 \
	82292 1 \
	93959 1 \
	95933 1 \
	106491 1 \
	111756 1 \
	112468 1 \
	118391 1 \
	120074 1 \
	125833 1 \
	126285 1 \
	126882 1 \
	134771 1 \
	140570 1 \
	140985 1 \
	141398 1 \
	143907 1 \
	145169 1 \
	146418 1
LI
 wh 5638
CH
 lo 54527
 he 100
 lk 2
 lr 2
 sl	630 2 28 0 0 \
	800 2 28 0 0 \
	860 2 35 0 0 \
	862 2 14 6 0 \
	802 2 14 51 0 \
	820 2 35 0 0 \
	821 2 21 0 0 \
	822 2 21 0 0 \
	823 2 21 25 0 \
	824 2 21 1 0 \
	801 2 14 0 0 \
	825 2 21 0 0 \
	803 2 14 0 0 \
	827 2 21 3 0 \
	833 2 21 0 0 \
	829 2 21 1 0 \
	832 2 21 1 0 \
	828 2 21 1 0 \
	861 2 14 0 0 \
	826 2 21 0 0 \
	831 2 28 1 0 \
	804 2 21 0 0 \
	610 2 21 0 0 \
	611 2 28 0 0 \
	612 2 28 1 0 \
	805 2 14 0 0 \
	880 2 42 0 0 \
	863 2 14 1 0 \
	806 2 21 1 0 \
	808 2 21 0 0 \
	867 2 21 0 0 \
	881 2 14 1 0 \
	882 2 14 0 0 \
	883 2 14 0 0 \
	807 2 21 6 0 \
	813 2 21 23 0 \
	868 2 21 0 0 \
	864 2 14 0 0 \
	866 2 14 0 0 \
	869 2 14 0 0 \
	872 2 21 1 0 \
	809 2 21 1 0 \
	811 2 21 0 0 \
	865 2 14 0 0 \
	871 2 21 1 0 \
	840 2 35 0 0 \
	849 2 21 5 0 \
	842 2 14 4 0 \
	886 2 14 0 0 \
	812 2 21 0 0 \
	814 2 21 0 0 \
	900 2 42 0 0 \
	911 2 21 0 0 \
	909 2 21 1 0 \
	901 2 28 0 0 \
	843 2 21 0 0 \
	641 2 28 1 0 \
	884 2 28 0 0 \
	846 2 21 1 0 \
	885 2 14 0 0 \
	887 2 21 0 0 \
	888 2 21 0 0 \
	889 2 21 0 0 \
	894 2 21 0 0 \
	844 2 21 19 0 \
	845 2 21 1 0 \
	847 2 21 0 0 \
	891 2 21 0 0 \
	892 2 21 6 0 \
	893 2 21 0 0 \
	904 2 21 0 0 \
	905 2 21 0 0 \
	906 2 21 0 0 \
	907 2 21 0 0 \
	908 2 28 0 0 \
	848 2 21 0 0 \
	851 2 21 1 0 \
	852 2 21 0 0 \
	841 2 21 0 0 \
	902 2 21 1 0 \
	903 2 21 0 0 \
	920 2 0 0 0 \
	922 2 28 18 0 \
	921 2 28 23 0
 bh 9
 at 80
 df 80
CM
 im 1
 ma 3
 ca 155
 hs 1
 kw 1
 vp 7
 pl 2823
 ar 79587
CO
 li use 844 849
 ar 849 0 0 0 0 0 0 844
 cs 2
 wa 4
 st 1
 us 844
 ue 3
 de 17
 pr 3

6459 char 0
na Alaskan King
il	1 20717 \
	10 1 \
	11 181 \
	14 4 \
	15 131 \
	16 1221 \
	17 273 \
	20 445 \
	21 470 \
	22 182 \
	61 18 \
	67 64 \
	69 2 \
	70 3 \
	75 544 \
	76 2 \
	77 82 \
	82 18 \
	83 1 \
	84 4 \
	85 498 \
	94 72 \
	95 8 \
	98 8 \
	401 1 \
	59863 1 \
	64205 1 \
	69520 1 \
	71156 1 \
	72532 1 \
	77623 1 \
	77708 1 \
	77917 1 \
	83673 1 \
	93098 1 \
	93894 1 \
	96826 1 \
	98541 1 \
	100386 1 \
	129872 1 \
	131643 1 \
	133590 1 \
	133651 1 \
	137887 1 \
	143081 1 \
	148731 1
LI
 wh 78285
 hl 1755 
CH
 lo 54527
 he 100
 lk 2
 lr 1
 sl	610 2 21 54 0 \
	612 2 28 1 0 \
	720 2 21 0 0 \
	721 2 14 9 0 \
	722 2 14 9 0 \
	611 2 28 0 0 \
	617 2 14 24 0 \
	630 2 28 0 0 \
	635 2 28 0 0 \
	900 2 42 0 0 \
	911 2 21 0 0 \
	641 2 28 1 0 \
	903 2 21 0 0 \
	902 2 21 2 0 \
	615 2 21 3 0 \
	616 2 14 3 0 \
	800 2 28 0 0 \
	801 2 14 0 0 \
	809 2 21 0 0 \
	804 2 21 0 0 \
	802 2 14 0 0 \
	803 2 14 0 0 \
	805 2 14 0 0 \
	901 2 28 0 0 \
	820 2 35 0 0 \
	821 2 21 0 0 \
	822 2 21 0 0 \
	880 1 21 0 0
 ra 70
 at 80
 df 80
 mi 50
CM
 im 1
 ma 15
 ca 15
 hs 1
 kw 1
 vp 7
 pl 6149
CO
 li study 880
 ar 880 0 0 0 0 0 0 0
 st 1
 ue 1
 de 7
 po 1
 pr 3

4014 char 0
na Dhoti
il	1 182 \
	11 5 \
	52 2 \
	94 15
tl	2 94 285 4 0 0 0 0
LI
 wh 64430
CH
 lo 54527
 he 100
 lk 3
 lr 7
 sl	700 2 21 0 0 \
	702 2 14 79 0 \
	703 2 14 10 0 \
	610 2 21 39 0 \
	680 2 21 7 0 \
	682 2 14 22 0 \
	612 2 28 1 0 \
	701 2 14 0 0 \
	704 2 14 0 0 \
	616 2 14 3 0 \
	617 2 14 11 0 \
	630 2 28 0 0 \
	635 2 28 0 0 \
	641 2 28 1 0 \
	611 2 28 0 0
 at 80
 df 80
CM
 hs 1
CO
 li repair
 ar 0 0 0 1 6 0 0 0
 st 1
 ue 1
 de 3
 po 1
 pr 3

3975 char 0
na The Hermit
il	1 4 \
	11 3 \
	19 10 \
	87 200 \
	98 1 \
	261 2
tl	2 87 9500 2 0 0 0 0
LI
 wh 8354
CH
 lo 54527
 he 100
 lk 2
 lr 1
 sl	600 2 21 0 0 \
	601 2 14 175 0 \
	602 2 14 2 0 \
	603 2 14 51 0 \
	610 2 21 17 0 \
	612 2 28 1 0 \
	611 2 28 0 0 \
	630 2 28 0 0 \
	680 2 21 0 0 \
	635 2 28 0 0 \
	641 2 28 1 0 \
	730 2 21 0 0 \
	732 2 14 0 0 \
	733 2 14 0 0
 at 80
 df 80
CM
 hs 1
CO
 li give 5648 1 0
 ar 5648 1 0 0 0 0 0 0
 st 1
 ue 1
 pr 1

2867 char 0
na Lessy
il	1 28 \
	52 2
tl	2 94 3 4 0 0 0 0
LI
 wh 41986
CH
 lo 54527
 he 100
 lk 3
 lr 71
 sl	610 2 21 86 0 \
	612 2 28 0 0 \
	630 2 28 0 0 \
	635 2 28 0 0 \
	641 2 28 1 0 \
	680 2 21 0 0 \
	730 2 21 0 0 \
	732 2 14 0 0 \
	733 2 14 0 0 \
	611 2 28 0 0
 bp 50
 at 80
 df 80
CM
 hs 1
CO
 li explore
 ar 0 0 0 0 0 0 0 0
 cs 2
 wa 2
 st 1
 ue 1
 de 5
 pr 3

8481 char 0
na Louie
il	1 46 \
	52 1 \
	98 6
tl	2 94 600 4 0 0 0 0
LI
 wh 39140
CH
 lo 54527
 pl 100
 he 100
 lk 2
 lr 1
 sl	610 2 21 54 0 \
	611 2 28 0 0 \
	612 2 28 1 0 \
	630 2 28 0 0 \
	616 2 14 15 0 \
	617 2 14 15 0 \
	635 2 28 0 0 \
	641 2 28 1 0 \
	680 2 21 0 0 \
	690 2 28 0 0
 at 80
 df 80
CM
 hs 1
CO
 li move rp98 south
 ar 37198 0 0 0 0 0 0 0
 wa -1
 st 1
 ue 1
 pr 2

6149 char 0
na Raj
il	1 123 \
	52 3
LI
 wh 40758
CH
 lo 54527
 he 100
 lk 3
 lr 47
 sl	730 2 21 0 0 \
	732 2 14 4 0 \
	733 2 14 4 0 \
	610 2 21 65 0 \
	611 2 28 0 0 \
	612 2 28 1 0 \
	630 2 28 0 0 \
	670 2 28 0 0 \
	671 2 14 0 0 \
	639 2 21 1 0 \
	641 2 28 1 0
 ra 70
 at 80
 df 80
CM
 hs 1
 pl 3408
CO
 li explore
 ar 0 0 0 0 0 0 0 0
 cs 2
 wa 1
 st 1
 ue 1
 de 6
 pr 3

