54587 player pl_regular
na Tysvaer
il	1 25
CH
PL
 fn Guy Sharp
 em ewgunderson@hotmail.com,gds@statoil.com
 ve guy.sharp@no.abb.com
 pw troll
 np 3
 ft 121
 so 1
 lt 260
 kn 610 611 612 613 614 615 616 617 630 631 \
	632 633 634 635 637 639 641 650 652 653 654 \
	657 658 661 670 671 672 673 680 682 690 691 \
	692 693 695 696 697 700 702 703 720 721 722 \
	723 730 731 732 733 750 751 752 753 754 755 \
	756 800 801 802 803 804 805 806 807 808 809 \
	811 812 813 814 820 821 822 823 824 825 826 \
	827 828 829 831 832 833 840 841 842 843 844 \
	845 846 847 848 849 851 852 860 861 862 863 \
	864 865 866 867 868 869 871 872 880 881 882 \
	883 884 885 886 887 888 889 891 892 893 894 \
	900 901 902 903 904 905 906 907 908 909 911 \
	920 921 922 1192 1206 1400 1712 2468 3084 5532 6160 \
	6283 8170 13410 13411 13412 13413 13414 13415 13416 13417 13418 \
	13419 13420 13421 13422 13423 13424 13425 13426 13427 13428 13429 \
	13510 13529 13610 13629 13710 13729 13810 13829 13830 13831 13832 \
	13833 13834 13835 13836 13837 13838 13839 13840 13841 13842 13843 \
	13844 13845 13846 13847 13848 13849 13850 13851 13852 13853 13854 \
	13855 13856 13857 13858 13859 13860 13861 13862 13863 13872 13873 \
	13910 13959 13963 13972 13973 14003 14010 14059 14061 14063 14070 \
	14071 14072 14073 14074 14102 14103 14110 14159 14160 14161 14162 \
	14163 14164 14165 14166 14167 14168 14170 14171 14172 14173 14174 \
	14175 14203 14204 14205 14206 14207 14208 14209 14210 14261 14262 \
	14263 14264 14265 14266 14267 14268 14269 14270 14271 14272 14273 \
	14274 14275 14276 14277 14278 14361 14362 14363 14365 14366 14367 \
	14368 14369 14370 14371 14372 14373 14374 14375 14377 14378 14379 \
	14460 14461 14462 14463 14464 14465 14466 14467 14468 14469 14470 \
	14471 14472 14473 14474 14475 14560 14562 14563 14564 14565 14568 \
	14569 14570 14660 14662 14663 14665 14668 14669 14670 14760 14763 \
	14765 14768 14769 14770 14858 14859 14860 14863 14865 14866 14867 \
	14868 14869 14870 14958 14959 14960 14961 14962 14963 14964 14965 \
	14966 14967 14968 15055 15056 15057 15058 15059 15060 15061 15062 \
	15063 15064 15065 15068 15155 15158 15159 15160 15163 15164 15165 \
	15168 15252 15253 15254 15255 15256 15257 15258 15259 15260 15261 \
	15262 15263 15264 15265 15266 15268 15350 15351 15352 15353 15354 \
	15355 15356 15357 15358 15359 15360 15361 15362 15363 15364 15365 \
	15366 15367 15368 15452 15453 15454 15455 15456 15460 15461 15462 \
	15463 15464 15465 15466 15553 15554 15555 15556 15557 15558 15559 \
	15560 15561 15562 15563 15564 15565 15566 15654 15655 15656 15657 \
	15658 15659 15660 15661 15662 15663 15664 15665 15666 15761 15762 \
	15763 15764 15765 15766 15861 15862 15864 15865 15866 15962 15964 \
	15966 16062 16063 16064 16065 16066 16162 16163 16164 16165 16166 \
	16167 16262 16263 16264 16265 16266 16267 22538 40286 57165 57294 \
	57331 57352 57368 57422 57598 57652 57826 57934 58006 58270 58349 \
	58427 58493 58521 58643 58670 58716 58736 59101 59211 60097 60595 \
	61164 62437 63394 63913 66688 66799 68859 69255 69334 69979 71646 \
	73473 74786 75647 75720 76204 
 un 116490 88755 126116 112003 66707 129237 93850 148236 102551 
 uf 148733 117937 104609 106813 126003 
 am 1712 0 50333 50535 50797 50837 51323 51665 51853 \
	53249 53513 53627 54172 54295 54404 54597 54587 54935 54948 55115 \
	56033 55263 55275 55705 56223 56297 56309 56363 56455 56746 
 am 2468 0 50333 50535 50797 50837 51323 51665 51853 \
	53249 53513 53627 54172 54295 54404 54597 54587 54935 54948 55115 \
	55263 55275 55705 56223 56297 56309 56363 56455 56746 
 am 3287 0 50333 50535 50797 50837 51323 51665 51853 \
	53249 53513 53627 54172 54295 54404 54597 54587 54935 54948 55115 \
	55263 55275 55705 56223 56297 56309 56363 56455 56746 
 am 4681 0 50333 50535 50797 50837 51323 51665 51853 \
	53249 53513 53627 54172 54295 54404 54597 54587 54935 54948 55115 \
	55263 55275 55705 56223 56297 56309 56363 56455 56746 
 am 5895 0 50333 50535 50797 50837 51323 51665 51853 \
	53249 53513 53627 54172 54295 54404 54597 54587 54935 54948 55115 \
	55263 55275 55705 56223 56297 56309 56363 56455 56746 
 am 6160 0 50333 50535 50797 50837 51323 51665 51853 \
	53249 53513 53627 54172 54295 54404 54597 54587 54935 54948 55115 \
	55263 55275 55705 56223 56297 56309 56363 56455 56746 
 am 8831 0 50333 50535 50797 50837 51323 51665 51853 \
	53249 53513 53627 54172 54295 54404 54597 54587 54935 54948 55115 \
	55263 55275 55705 56223 56297 56309 56363 56455 56746 
 am 9549 0 50333 50535 50797 50837 51323 51665 51853 \
	53249 53513 53627 54172 54295 54404 54597 54587 54935 54948 55115 \
	55263 55275 55705 56223 56297 56309 56363 56455 56746 
 am 54587 0 54404 
 am 69334 0 50333 50535 50797 50837 51323 51665 51853 \
	53249 53513 53627 54172 54295 54404 54597 54587 54935 54948 55115 \
	56033 55263 55275 55705 56223 56297 56309 56363 56455 56746 
 am 72149 0 50333 50535 50797 50837 51323 51665 51853 \
	53249 53513 53627 54172 54295 54404 54597 54587 54935 54948 55115 \
	55263 55275 55705 56223 56297 56309 56363 56455 56746 
 am 73104 0 50333 50535 50797 50837 51323 51665 51853 \
	53249 53513 53627 54172 54295 54404 54597 54587 54935 54948 55115 \
	55263 55275 55705 56223 56297 56309 56363 56455 56746 
 am 74490 0 50333 50535 50797 50837 51323 51665 51853 \
	53249 53513 53627 54172 54295 54404 54597 54587 54935 54948 55115 \
	55263 55275 55705 56223 56297 56309 56363 56455 56746 
 am 75428 0 50333 50535 50797 50837 51323 51665 51853 \
	53249 53513 53627 54172 54295 54404 54597 54587 54935 54948 55115 \
	55263 55275 55705 56223 56297 56309 56363 56455 56746 
 am 88755 0 54404 
 am 93850 0 115498 137528 
 am 115498 0 50333 50535 50797 50837 51323 51665 51853 \
	53249 53513 53627 54172 54295 54404 54597 54587 54935 54948 55115 \
	56033 55263 55275 55705 56223 56297 56309 56363 56455 56746 
 am 125522 0 50333 50535 50797 50837 51323 51665 51853 \
	53249 53513 53627 54172 54295 54404 54597 54587 54935 54948 55115 \
	55263 55275 55705 56223 56297 56309 56363 56455 56746 
 am 126116 0 137528 80250 
 am 148236 0 50333 50535 50797 50837 51323 51665 51853 \
	53249 53513 53627 54172 54295 54404 54597 54587 54935 54948 55115 \
	56033 55263 55275 55705 56223 56297 56309 56363 56455 56746 
CO
 li accept zy6 0
 ar 56746 0 0 0 0 0 0 0
 st 1

116490 char 0
na Ronnie Kray
il	1 108 \
	10 8 \
	11 5 \
	12 6 \
	54 3 \
	68 5 \
	282 6 \
	285 4
ad 148236 
LI
 wh 9283
CH
 lo 54587
 he 100
 lk 3
 lr 57
 sl	680 2 21 2 0 \
	610 2 21 28 0 \
	630 1 0 0 0 \
	700 2 21 0 0 \
	730 2 21 0 0 \
	682 2 14 5 0 \
	702 2 14 1 0 \
	703 2 14 45 0 \
	720 2 21 0 0 \
	721 2 14 14 0 \
	722 2 14 16 0 \
	617 2 14 22 0 \
	615 2 21 11 0 \
	612 2 28 0 0 \
	611 2 28 0 0 \
	723 2 14 3 0 \
	650 2 28 0 0 \
	654 2 28 1 0
 bh 9
 bp 50
 at 80
 df 80
 mi 50
CO
 li breed 285 285
 ar 285 285 0 0 0 0 0 0
 cs 2
 wa 12
 st 1
 ue 1
 de 2
 pr 3

88755 char 0
na Troy
il	1 4951 \
	10 148 \
	11 63 \
	12 495 \
	13 88 \
	16 76 \
	18 182 \
	20 132 \
	21 67 \
	22 10 \
	31 125 \
	54 14 \
	55 12 \
	72 43 \
	74 57 \
	75 186 \
	76 4 \
	77 193 \
	78 50 \
	79 112 \
	82 3 \
	83 1 \
	85 163 \
	98 24 \
	281 5 \
	282 290 \
	285 52 \
	286 7 \
	289 3 \
	292 1 \
	65244 1 \
	67878 1 \
	94459 1 \
	96145 1 \
	115693 1 \
	120030 1
LI
 wh 115498
 hl 126116 137528 138620 112003 
CH
 lo 54587
 he 100
 lk 2
 lr 2
 sl	610 2 21 8 0 \
	615 2 21 30 0 \
	617 2 14 5 0 \
	630 2 28 0 0 \
	641 2 28 1 0 \
	900 2 42 0 0 \
	908 2 28 7 0 \
	911 2 21 3 0 \
	903 2 21 41 0 \
	880 2 42 0 0 \
	881 2 14 1 0 \
	882 2 14 0 0 \
	883 2 14 0 0 \
	902 2 21 0 0 \
	800 2 0 0 0 \
	806 2 0 5 0 \
	807 2 0 2 0 \
	808 2 0 0 0 \
	809 2 0 0 0 \
	811 2 0 0 0 \
	812 2 0 0 0 \
	813 2 0 39 0 \
	814 2 0 0 0 \
	802 2 0 0 0 \
	805 2 0 0 0 \
	804 2 0 0 0 \
	803 2 0 0 0 \
	801 2 0 0 0 \
	904 2 21 0 0 \
	905 2 21 0 0 \
	906 2 21 0 0 \
	907 2 21 0 0 \
	909 2 21 1 0 \
	884 2 28 0 0 \
	885 2 14 0 0 \
	886 2 14 0 0 \
	888 2 21 2 0 \
	889 2 21 0 0 \
	891 2 21 0 0 \
	893 2 21 0 0 \
	894 2 21 0 0 \
	635 2 28 0 0 \
	840 2 0 0 0 \
	841 2 0 8 0 \
	842 2 0 1 0 \
	843 2 0 0 0 \
	844 2 0 0 0 \
	845 2 0 0 0 \
	846 2 0 0 0 \
	847 2 0 3 0 \
	848 2 0 0 0 \
	849 2 0 0 0 \
	851 2 0 0 0 \
	852 2 0 0 0 \
	887 2 21 2 0 \
	860 2 35 0 0 \
	861 2 14 0 0 \
	862 2 14 0 0 \
	863 2 14 0 0 \
	864 2 14 0 0 \
	865 2 14 0 0 \
	866 2 14 0 0 \
	867 2 21 0 0 \
	868 2 21 0 0 \
	869 2 14 0 0 \
	871 2 21 0 0 \
	872 2 21 0 0 \
	612 2 28 1 0 \
	820 2 0 0 0 \
	821 2 0 0 0 \
	822 2 0 0 0 \
	823 2 0 0 0 \
	825 2 0 0 0 \
	826 2 0 0 0 \
	827 2 0 0 0 \
	828 2 0 0 0 \
	829 2 0 0 0 \
	831 2 0 0 0 \
	832 2 0 0 0 \
	833 2 0 0 0 \
	824 2 0 0 0 \
	611 2 28 0 0 \
	639 2 21 0 0 \
	901 2 28 0 0 \
	892 2 21 0 0 \
	920 2 0 0 0 \
	922 2 28 23 0 \
	921 2 28 0 0
 bh 9
 ra 70
 at 80
 df 80
 mi 238
 ct 50333 50535 50797 50837 51323 51853 53249 53513 53627 \
	54172 54295 54404 54587 54597 54935 54948 55115 55263 55275 55705 \
	56223 56297 56309 56363 56455 56746 50333 50535 50797 50837 51323 \
	51853 53249 53513 53627 54172 54295 54404 54587 54597 54935 54948 \
	55115 55263 55275 55705 56223 56297 56309 56363 56455 56746 50333 \
	50535 50797 50837 51323 51853 53249 53513 53627 54172 54295 54404 \
	54587 54597 54935 54948 55115 55263 55275 55705 56223 56297 56309 \
	56363 56455 56746 50333 50535 50797 50837 51323 51853 53249 53513 \
	53627 54172 54295 54404 54587 54597 54935 54948 55115 55263 55275 \
	55705 56223 56297 56309 56363 56455 56746 50333 50535 50797 50837 \
	51323 51665 51853 53249 53513 53627 54172 54295 54404 54587 54597 \
	54935 54948 55115 55263 55275 55705 56223 56297 56309 56363 56455 \
	56746 50333 50535 50797 50837 51323 51665 51853 53249 53513 53627 \
	54172 54295 54404 54587 54597 54935 54948 55115 55263 55275 55705 \
	56223 56297 56309 56363 56455 56746 50333 50535 50797 50837 51323 \
	51665 51853 53249 53513 53627 54172 54295 54404 54587 54597 54935 \
	54948 55115 55263 55275 55705 56223 56297 56309 56363 56455 56746 \
	50333 50535 50797 50837 51323 51665 51853 53249 53513 53627 54172 \
	54295 54404 54587 54597 54935 54948 55115 55263 55275 55705 56223 \
	56297 56309 56363 56455 56746 50333 50535 50797 50837 51323 51665 \
	51853 53249 53513 53627 54172 54295 54404 54587 54597 54935 54948 \
	55115 55263 55275 55705 56223 56297 56309 56363 56455 56746 50333 \
	50535 50797 50837 51323 51665 51853 53249 53513 53627 54172 54295 \
	54404 54587 54597 54935 54948 55115 55263 55275 55705 56223 56297 \
	56309 56363 56455 56746 50333 50535 50797 50837 51323 51665 51853 \
	53249 53513 53627 54172 54295 54404 54587 54597 54935 54948 55115 \
	55263 55275 55705 56223 56297 56309 56363 56455 56746 50333 50535 \
	50797 50837 51323 51665 51853 53249 53513 53627 54172 54295 54404 \
	54587 54597 54935 54948 55115 55263 55275 55705 56223 56297 56309 \
	56363 56455 56746 50333 50535 50797 50837 51323 51665 51853 53249 \
	53513 53627 54172 54295 54404 54587 54597 54935 54948 55115 55263 \
	55275 55705 56223 56297 56309 56363 56455 56746 
CM
 im 1
 ma 4
 ca 85
 hs 1
 kw 1
 vp 6
 pl 9545
 ar 120030
MI
 ds Rimmon Musketeer
CO
 li use 813
 ar 813 0 0 0 0 0 0 0
 wa -1
 st 1
 ue 4
 po 1
 pr 3

126116 char 0
na Valentino
il	54 4 \
	281 5 \
	282 6
LI
 wh 88755
CH
 lo 54587
 he 100
 lk 2
 lr 1
 sl	610 2 21 2 0 \
	615 2 21 10 0 \
	617 2 14 3 0 \
	613 2 14 0 0 \
	650 2 28 0 0 \
	654 2 28 103 0 \
	611 2 28 0 0 \
	630 2 28 0 0 \
	641 2 28 1 0 \
	612 2 28 2 0 \
	633 2 14 0 0 \
	652 2 28 0 0 \
	657 2 21 0 0 \
	658 1 3 0 0 \
	661 2 21 3 0
 bh 1
 at 80
 df 80
 mi 120
 ct 88755 
CM
 hs 1
 vp 1
MI
 ds Damn - i'm looking good!
CO
 li breed 282 282
 ar 282 282 0 0 0 0 0 0
 cs 2
 wa 2
 st 1
 ue 1
 de 4
 pr 3

112003 char 0
na Zaphod Beeblebrox
il	54 11 \
	72 27 \
	282 7
LI
 wh 88755
CH
 lo 54587
 he 100
 lk 3
 lr 26
 sl	630 2 28 0 0 \
	610 2 21 39 0 \
	641 2 28 1 0 \
	615 2 21 6 0 \
	614 2 14 1 0 \
	633 2 14 0 0 \
	617 2 14 14 0 \
	612 2 28 1 0 \
	616 2 14 0 0 \
	680 2 21 1 0 \
	682 2 14 7 0 \
	635 2 28 0 0 \
	670 2 28 0 0 \
	671 2 14 0 0 \
	672 2 21 0 0 \
	673 2 14 0 0 \
	720 2 21 0 0 \
	730 1 3 0 0 \
	721 2 14 10 0 \
	722 2 14 8 0 \
	700 2 21 0 0 \
	703 2 14 24 0 \
	723 2 14 5 0 \
	702 2 14 0 0 \
	611 2 28 0 0 \
	650 2 28 0 0 \
	654 2 28 4 0
 at 80
 df 89
 mi 63
CM
 hs 1
CO
 li breed 282 282
 ar 282 282 0 0 0 0 0 0
 cs 2
 wa 6
 st 1
 ue 2
 de 1
 pr 3

66707 char 0
na Coca-Cola Kid
il	1 208 \
	54 23 \
	72 2 \
	74246 1
tl	2 74246 38 90 0 1 0 0
LI
 wh 4230
CH
 lo 54587
 he 100
 lk 3
 lr 903
 sl	610 2 21 13 0 \
	630 2 28 0 0 \
	631 2 14 1 0 \
	616 2 14 20 0 \
	750 2 35 0 0 \
	641 2 28 1 0 \
	755 2 28 0 0 \
	751 2 28 11 0 \
	611 2 28 0 0 \
	754 2 28 0 0 \
	753 2 21 16 0 \
	756 2 28 11 0 \
	752 2 28 0 0 \
	690 2 28 0 0 \
	691 2 21 0 0 \
	697 2 28 0 0 \
	670 2 28 0 0 \
	700 2 21 0 0 \
	693 2 21 0 0 \
	702 2 14 3 0 \
	703 2 14 6 0 \
	695 2 21 1 0 \
	617 2 14 13 0 \
	696 2 14 0 0 \
	692 2 21 0 0 \
	615 2 21 16 0 \
	671 2 14 0 0 \
	612 2 28 0 0
 bp 50
 at 157
 df 80
 mi 54
CM
 hs 1
 pr 1
 vp 2
 vi 2254 3880 4049 5009 9494 64999 65789 73216 77242 90013 
CO
 li use 615
 ar 0 0 0 0 0 0 0 615
 cs 2
 wa 4
 st 1
 us 615
 ue 3
 de 2
 pr 3

129237 char 0
na Moklee
il	1 4 \
	54 3 \
	74246 38
tl	1 74246 38 30 0 1 0 0
LI
 wh 16262
CH
 lo 54587
 he 100
 lk 2
 lr 1
 sl	610 2 21 10 0 \
	615 2 21 25 0 \
	630 2 28 0 0 \
	637 2 21 0 0 \
	611 2 28 0 0 \
	730 2 21 0 0 \
	641 2 28 2 0 \
	731 2 14 0 0 \
	732 2 14 9 0 \
	733 2 14 5 0 \
	670 2 28 0 0 \
	671 2 14 0 0 \
	633 2 14 0 0 \
	612 2 28 1 0 \
	614 2 14 12 0
 bh 9
 at 80
 df 162
 mi 194
CM
 hs 1
CO
 li buy t246 38 30 1
 ar 74246 38 30 1 0 0 0 0
 st 1
 ue 4
 pr 1

93850 char 0
na 71-Hour-Ahmed
il	1 4590 \
	54 27 \
	74246 1
ad 148236 
LI
 wh 16262
CH
 lo 54587
 he 100
 lk 3
 lr 3
 sl	630 2 28 0 0 \
	610 2 21 12 0 \
	612 2 28 1 0 \
	641 2 28 1 0 \
	614 2 14 2 0 \
	615 2 21 2 0 \
	633 2 14 0 0 \
	617 2 14 7 0 \
	616 2 14 0 0 \
	730 2 21 0 0 \
	731 2 14 0 0 \
	732 2 14 4 0 \
	611 2 28 0 0 \
	733 2 14 4 0
 mo 7799
 bh 9
 at 80
 df 87
 mi 58
CM
 hs 1
MI
 ds Sjakalen
CO
 li fly n
 ar 0 1 16162 0 0 4 16262 0
 cs 2
 wa 2
 st 1
 ue 1
 de 2
 pr 2

148236 char 0
na Xaele
il	1 3984 \
	10 88 \
	11 66 \
	12 157 \
	16 73 \
	22 13 \
	54 10 \
	68 10 \
	76 5 \
	78 100 \
	281 1 \
	282 35 \
	285 25 \
	286 6 \
	68972 1 \
	72204 1 \
	105576 1
LI
 wh 69334
 hl 139812 133306 
CH
 lo 54587
 he 100
 lk 2
 lr 2
 sl	610 2 21 8 0 \
	615 2 21 15 0 \
	614 2 14 6 0 \
	616 2 14 4 0 \
	650 2 28 0 0 \
	654 2 28 83 0 \
	611 2 28 0 0 \
	630 2 28 0 0 \
	653 2 28 0 0 \
	641 2 28 1 0 \
	652 2 28 0 0 \
	612 2 28 1 0 \
	633 2 14 0 0 \
	900 2 42 0 0 \
	904 2 21 0 0 \
	905 2 21 0 0 \
	906 2 21 0 0 \
	907 2 21 0 0 \
	908 2 28 0 0 \
	909 2 21 0 0 \
	911 2 21 1 0 \
	670 1 14 0 0 \
	680 2 21 1 0 \
	903 2 21 4 0 \
	902 2 21 0 0 \
	617 2 14 0 0 \
	613 2 14 0 0 \
	682 2 14 1 0
 at 91
 df 123
 mi 75
CM
 im 1
 ma 10
 ca 10
 hs 1
 vp 3
 pl 4972
CO
 li breed 76 76
 ar 76 76 0 0 0 0 0 0
 cs 2
 wa 1
 st 1
 ue 2
 de 5
 pr 3

102551 char 0
na Finnbar Saunders
il	11 5 \
	12 4 \
	54 12 \
	78 50
LI
 wh 57598
CH
 lo 54587
 he 100
 lk 3
 lr 73
 sl	610 2 21 8 0 \
	630 2 28 0 0 \
	670 2 28 0 0 \
	611 2 28 0 0 \
	615 2 21 4 0 \
	671 2 14 0 0 \
	680 2 21 0 0 \
	682 2 14 5 0
 bh 1
 bp 50
 at 80
 df 80
 mi 78
CO
 li give 148236 12 0
 ar 148236 12 0 0 0 0 0 0
 ue 1
 pr 1

