54597 player pl_regular
na Sunken Crescent
il	1 350
an 54597 
CH
PL
 fn Declan J Fallon
 em humakt2@hotmail.com,declan@hawaii.edu
 ve declan@hawaii.edu
 pw ehz*255q
 np 4
 ft 91
 so 1
 lt 260
 kn 69 600 601 602 603 610 611 612 614 615 \
	616 617 630 631 632 636 637 639 641 650 652 \
	653 654 655 670 680 682 690 691 692 693 694 \
	700 702 703 720 721 722 723 730 731 732 733 \
	800 801 802 803 805 806 807 808 809 811 812 \
	813 814 840 841 842 843 844 845 846 847 848 \
	849 851 852 900 902 903 904 905 906 907 908 \
	909 911 1370 1400 1890 2368 3251 4352 5311 6160 6939 \
	7620 7908 9578 12558 12658 12751 12752 12753 12758 12759 12850 \
	12851 12852 12853 12854 12855 12856 12857 12858 12859 12860 12861 \
	12862 12863 12864 12865 12950 12951 12952 12953 12954 12955 12956 \
	12957 12958 12959 12960 12961 12962 12963 12964 12965 12966 12967 \
	13050 13051 13052 13053 13054 13055 13056 13057 13058 13059 13060 \
	13063 13064 13065 13066 13067 13068 13069 13070 13071 13072 13145 \
	13146 13147 13148 13149 13150 13151 13152 13153 13154 13155 13156 \
	13157 13158 13159 13165 13166 13167 13168 13169 13170 13171 13172 \
	13173 13176 13177 13178 13238 13239 13240 13241 13242 13243 13244 \
	13245 13246 13247 13248 13249 13250 13251 13252 13253 13254 13255 \
	13256 13257 13258 13266 13267 13268 13269 13270 13271 13272 13273 \
	13274 13275 13276 13277 13278 13279 13338 13348 13349 13350 13351 \
	13352 13353 13354 13355 13356 13357 13358 13366 13367 13368 13369 \
	13371 13376 13378 13379 13448 13449 13450 13451 13452 13453 13454 \
	13455 13457 13458 13471 13472 13473 13474 13475 13476 13477 13478 \
	13479 13546 13547 13548 13549 13550 13551 13552 13553 13554 13555 \
	13556 13557 13558 13559 13560 13561 13576 13577 13578 13579 13646 \
	13647 13648 13649 13650 13651 13652 13653 13654 13655 13656 13657 \
	13658 13659 13660 13661 13662 13676 13677 13678 13679 13747 13748 \
	13749 13750 13751 13752 13753 13755 13756 13757 13759 13761 13776 \
	13777 13778 13779 13847 13848 13849 13850 13851 13852 13853 13854 \
	13855 13856 13857 13859 13861 13877 13878 13879 13949 13950 13951 \
	13952 13953 13954 13955 13956 13957 13958 13959 13961 13977 13978 \
	13979 14049 14051 14052 14053 14054 14055 14056 14057 14058 14059 \
	14060 14061 14077 14078 14079 14149 14150 14151 14152 14153 14154 \
	14155 14156 14157 14158 14159 14160 14161 14162 14163 14175 14176 \
	14177 14178 14179 14249 14250 14251 14252 14261 14263 14273 14274 \
	14275 14276 14277 14278 14279 14347 14348 14349 14350 14351 14352 \
	14353 14361 14363 14447 14448 14449 14451 14452 14453 14461 14462 \
	14463 14549 14552 14649 14650 14651 14652 21906 22089 26245 26607 \
	27762 29085 33173 34072 37973 39905 41085 42077 46981 47685 47900 \
	57046 57081 57154 57266 57294 57477 57496 57516 57531 57539 57625 \
	57679 57704 57865 57870 58073 58325 58374 58565 58575 58643 58707 \
	58736 59491 59605 59916 59950 60343 60420 60900 61193 61371 61535 \
	61927 61955 62001 62124 62127 62199 62321 63311 63454 63575 63674 \
	64232 64266 64865 65156 66105 66304 66481 66688 66938 67150 67196 \
	67225 67340 67686 68213 68668 68755 68767 69075 69180 69195 69239 \
	69593 69639 70123 70304 70370 71420 71746 72267 72884 73043 73045 \
	73119 73187 73734 73896 74516 74521 74717 74719 74877 75220 75274 \
	75552 75592 75607 75926 76007 76315 76392 77200 77667 77912 78341 \
	78443 78906 80786 89010 113844 115644 125440 130350 135221 138030 139938 \
	144688 
 un 141808 88046 59602 63121 67812 76346 62405 66858 69793 \
	65007 70885 66503 61491 
 uf 74425 105267 149806 86174 86534 
 am 1712 0 50535 50837 51323 53249 54172 54295 54404 \
	54597 54587 54935 55263 55275 56297 56309 56455 56746 
 am 2468 0 50535 50837 51323 53249 54172 54295 54404 \
	54597 54587 54935 55263 55275 56297 56309 56455 56746 
 am 3287 0 50535 50837 51323 53249 54172 54295 54404 \
	54597 54587 54935 55263 55275 56297 56309 56455 56746 
 am 4681 0 50535 50837 51323 53249 54172 54295 54404 \
	54597 54587 54935 55263 55275 56297 56309 56455 56746 
 am 5895 0 50535 50837 51323 53249 54172 54295 54404 \
	54597 54587 54935 55263 55275 56297 56309 56455 56746 
 am 6160 0 50535 50837 51323 53249 54172 54295 54404 \
	54597 54587 54935 55263 55275 56297 56309 56455 56746 
 am 8831 0 50535 50837 51323 53249 54172 54295 54404 \
	54597 54587 54935 55263 55275 56297 56309 56455 56746 
 am 9549 0 50535 50837 51323 53249 54172 54295 54404 \
	54597 54587 54935 55263 55275 56297 56309 56455 56746 
 am 72149 0 50535 50837 51323 53249 54172 54295 54404 \
	54597 54587 54935 55263 55275 56297 56309 56455 56746 
 am 73104 0 50535 50837 51323 53249 54172 54295 54404 \
	54597 54587 54935 55263 55275 56297 56309 56455 56746 
 am 74490 0 50535 50837 51323 53249 54172 54295 54404 \
	54597 54587 54935 55263 55275 56297 56309 56455 
 am 125522 0 50535 50837 51323 53249 54172 54295 54404 \
	54597 54587 54935 55263 55275 56297 56309 56455 56746 
CO
 li accept 0 0
 ar 0 0 0 0 0 0 0 0
 st 1

141808 char 0
na Silva
il	1 6870 \
	10 10 \
	12 24 \
	16 53 \
	19 8 \
	24 6 \
	54 7 \
	69 2 \
	87 182 \
	69725 1 \
	110303 1 \
	113844 1
tl	2 94 9961 4 0 0 0 0 \
	2 95 10000 7 0 0 0 0
ah 5552 6948 61827 61923 65989 66305 
LI
 wh 75607
 hl 88046 
CH
 lo 54597
 he 100
 lk 3
 lr 43
 sl	610 2 21 11 0 \
	600 2 21 0 0 \
	601 2 14 47 0 \
	612 2 28 0 0 \
	611 2 28 0 0 \
	616 2 14 2 0 \
	603 2 14 3 0
 bh 9
 bp 50
 at 80
 df 80
MI
 ds Sunken Crescent Navy
CO
 li collect 87 0 0
 ar 87 0 0 82 0 0 0 0
 st 1
 ue 1
 de 28
 pr 3

88046 char 0
na Demon Lord
il	1 360 \
	21 10
tl	2 94 9922 4 0 0 0 0 \
	2 95 9982 7 0 0 0 0
LI
 wh 141808
CH
 lo 54597
 he 100
 lk 3
 lr 57
 sl	610 2 21 0 0 \
	615 2 21 51 0 \
	611 2 28 0 0
 bh 9
 bp 50
 at 80
 df 80
 mi 1015
MI
 ds Sunken Crescent Navy
CO
 li use 615
 ar 0 0 0 0 0 0 0 615
 cs 2
 wa 3
 st 1
 us 615
 ue 5
 de 3
 pr 3

59602 char 0
na Durian the Stink
il	1 12939 \
	10 29 \
	11 30 \
	19 14 \
	51 1 \
	54 10 \
	72 60 \
	73 23 \
	74 68 \
	75 241 \
	77 39 \
	78 618 \
	82 35 \
	85 152 \
	98 9 \
	271 237 \
	286 1 \
	65048 264 \
	66159 107 \
	78906 1 \
	96775 381 \
	131554 2 \
	138030 1 \
	144149 39
tl	2 94 9996 4 0 0 0 0 \
	2 95 9966 7 0 0 0 0
ad 54597 
ah 61923 
LI
 wh 58325
CH
 lo 54597
 he 100
 lk 2
 lr 2
 sl	610 2 21 13 0 \
	617 2 14 7 0 \
	615 2 21 10 0 \
	611 2 28 0 0 \
	612 2 28 2 0 \
	616 2 14 5 0 \
	614 2 14 5 0 \
	650 2 28 0 0 \
	654 2 28 112 0 \
	655 2 14 2 0 \
	653 2 28 0 0 \
	652 2 28 0 0 \
	630 2 28 0 0 \
	900 2 42 0 0 \
	631 2 14 8 0 \
	902 2 21 0 0 \
	903 2 21 0 0 \
	906 2 21 0 0 \
	905 2 21 0 0 \
	908 2 28 0 0 \
	730 2 21 0 0 \
	733 2 14 0 0 \
	732 2 14 0 0 \
	731 2 14 0 0
 bh 3
 bp 50
 at 102
 df 98
 mi 92
 ct 50333 50535 50797 50837 51323 51665 51853 53249 53513 \
	53627 54172 54295 54404 54587 54597 54935 54948 55115 55263 55275 \
	55705 56223 56297 56309 56363 56455 56746 50333 50535 50797 50837 \
	51323 51665 51853 53249 53513 53627 54172 54295 54404 54587 54597 \
	54935 54948 55115 55263 55275 55705 56223 56297 56309 56363 56455 \
	56746 50333 50535 50797 50837 51323 51665 51853 53249 53513 53627 \
	54172 54295 54404 54587 54597 54935 54948 55115 55263 55275 55705 \
	56223 56297 56309 56363 56455 56746 50333 50535 50797 50837 51323 \
	51665 51853 53249 53513 53627 54172 54295 54404 54587 54597 54935 \
	54948 55115 55263 55275 55705 56223 56297 56309 56363 56455 56746 \
	50333 50535 50797 50837 51323 51665 51853 53249 53513 53627 54172 \
	54295 54404 54587 54597 54935 54948 55115 55263 55275 55705 56223 \
	56297 56309 56363 56455 56746 50333 50535 50797 50837 51323 51665 \
	51853 53249 53513 53627 54172 54295 54404 54587 54597 54935 54948 \
	55115 55263 55275 55705 56223 56297 56309 56363 56455 56746 50333 \
	50535 50797 50837 51323 51665 51853 53249 53513 53627 54172 54295 \
	54404 54587 54597 54935 54948 55115 55263 55275 55705 56223 56297 \
	56309 56363 56455 56746 50333 50535 50797 50837 51323 51665 51853 \
	53249 53513 53627 54172 54295 54404 54587 54597 54935 54948 55115 \
	55263 55275 55705 56223 56297 56309 56363 56455 56746 50333 50535 \
	50797 50837 51323 51665 51853 53249 53513 53627 54172 54295 54404 \
	54587 54597 54935 54948 55115 55263 55275 55705 56223 56297 56309 \
	56363 56455 56746 50333 50535 50797 50837 51323 51665 51853 53249 \
	53513 53627 54172 54295 54404 54587 54597 54935 54948 55115 55263 \
	55275 55705 56223 56297 56309 56363 56455 56746 
CM
 im 1
 ma 6
 ca 6
MI
 ds Ranger of the Sunken Crescent
CO
 li breed 54 54
 ar 54 54 0 0 0 0 0 0
 cs 2
 wa 5
 st 1
 ue 1
 de 1
 pr 3

63121 char 0
na Sherrif Serin of Greyfell
il	1 345 \
	54 6
tl	2 94 9794 4 0 0 0 0 \
	2 95 9927 7 0 0 0 0
LI
 wh 58325
CH
 lo 54597
 he 100
 lk 2
 lr 1
 sl	610 2 21 3 0 \
	680 2 21 6 0 \
	682 2 14 36 0 \
	630 2 28 0 0 \
	611 2 28 0 0 \
	631 2 14 21 0 \
	617 2 14 15 0 \
	690 2 28 0 0 \
	691 2 21 0 0 \
	694 2 21 0 0 \
	700 2 21 0 0 \
	702 2 14 5 0 \
	703 2 14 0 0 \
	616 2 14 0 0 \
	730 2 21 0 0 \
	731 2 14 0 0 \
	733 2 14 0 0 \
	732 2 14 0 0
 bh 9
 bp 50
 at 80
 df 80
 ct 50333 50535 50797 50837 51323 51665 51853 53249 53513 \
	53627 54172 54295 54404 54587 54597 54935 54948 55115 55263 55275 \
	55705 56223 56297 56309 56363 56455 56746 50333 50535 50797 50837 \
	51323 51665 51853 53249 53513 53627 54172 54295 54404 54587 54597 \
	54935 54948 55115 55263 55275 55705 56223 56297 56309 56363 56455 \
	56746 50333 50535 50797 50837 51323 51665 51853 53249 53513 53627 \
	54172 54295 54404 54587 54597 54935 54948 55115 55263 55275 55705 \
	56223 56297 56309 56363 56455 56746 50333 50535 50797 50837 51323 \
	51665 51853 53249 53513 53627 54172 54295 54404 54587 54597 54935 \
	54948 55115 55263 55275 55705 56223 56297 56309 56363 56455 56746 \
	50333 50535 50797 50837 51323 51665 51853 53249 53513 53627 54172 \
	54295 54404 54587 54597 54935 54948 55115 55263 55275 55705 56223 \
	56297 56309 56363 56455 56746 50333 50535 50797 50837 51323 51665 \
	51853 53249 53513 53627 54172 54295 54404 54587 54597 54935 54948 \
	55115 55263 55275 55705 56223 56297 56309 56363 56455 56746 
MI
 ds Outlander of the Sunken Crescent
CO
 li seek
 ar 0 0 0 0 0 0 0 0
 st 1
 ue 3
 de 7
 po 1
 pr 3

67812 char 0
na Mango the Mangler
il	1 1431 \
	73 66 \
	77 5 \
	95 10
tl	2 95 9966 7 0 0 0 0 \
	2 94 9959 4 0 0 0 0
LI
 wh 13555
CH
 lo 54597
 he 100
 lk 2
 lr 1
 sl	700 2 21 0 0 \
	702 2 14 48 0 \
	610 2 21 18 0 \
	617 2 14 58 0 \
	703 2 14 12 0 \
	611 2 28 0 0 \
	600 2 21 0 0 \
	630 2 28 0 0 \
	680 2 21 5 0 \
	631 2 14 21 0 \
	601 2 14 0 0 \
	602 2 14 1 0 \
	603 2 14 0 0 \
	615 2 21 15 0 \
	612 2 28 0 0 \
	616 2 14 9 0 \
	682 2 14 1 0 \
	720 2 21 0 0 \
	721 2 14 18 0 \
	722 2 14 14 0 \
	723 2 14 8 0 \
	730 2 21 0 0 \
	733 2 14 0 0
 bh 9
 bp 50
 at 111
 df 80
 mi 176
MI
 ds Outlander of the Sunken Crescent
CO
 li make 73
 ar 73 0 0 0 0 0 0 0
 wa -1
 ue 3
 po 1
 pr 3

76346 char 0
na Faeirfin
il	1 408 \
	12 2 \
	16 9 \
	54 16 \
	78 75 \
	85 3 \
	94 7 \
	271 29 \
	280 9 \
	284 5 \
	285 7 \
	287 1 \
	288 5 \
	289 1 \
	61839 1 \
	68755 1 \
	74719 1 \
	84845 1 \
	94359 1 \
	114426 1 \
	125440 1
tl	2 95 10000 7 0 0 0 0 \
	2 94 10000 4 0 0 0 0 \
	2 271 8 200 0 0 0 0
LI
 wh 67225
 hl 62405 
CH
 lo 54597
 he 100
 lk 2
 lr 1
 sl	610 2 21 11 0 \
	680 2 21 0 0 \
	611 2 28 0 0 \
	614 2 14 16 0 \
	616 2 14 9 0 \
	615 2 21 13 0 \
	720 2 21 0 0 \
	721 2 14 0 0 \
	612 2 28 0 0 \
	617 2 14 6 0 \
	650 2 28 0 0 \
	654 2 28 86 0 \
	653 2 28 0 0 \
	652 2 28 0 0 \
	630 2 28 0 0 \
	631 2 14 0 0 \
	637 1 14 0 0
 bh 3
 bp 50
 at 111
 df 135
 mi 82
MI
 ds Ranger of the Sunken Crescent
CO
 li breed 271 271
 ar 271 271 0 0 0 0 0 0
 wa 7
 st 1
 ue 3
 pr 3

62405 char 0
na Faenor
il	10 10 \
	21 42 \
	94 33 \
	95 8 \
	69501 1 \
	71886 1
LI
 wh 76346
CH
 lo 54597
 he 100
 lk 3
 lr 12
 sl	610 2 21 5 0 \
	611 2 28 0 0 \
	630 2 28 0 0 \
	631 2 14 10 0 \
	617 2 14 7 0 \
	700 2 21 0 0 \
	702 2 14 2 0 \
	615 2 21 51 0
 bh 9
 bp 50
 at 80
 df 80
 mi 836
MI
 ds Envoy of the Sunken Crescent
CO
 li use 615
 ar 0 0 0 0 0 0 0 615
 cs 2
 wa 1
 st 1
 us 615
 ue 5
 de 5
 pr 3

66858 char 0
na Baenor
il	1 15689 \
	54 225 \
	140715 34
tl	2 95 9925 7 0 0 0 0 \
	2 94 9896 4 0 0 0 0
LI
 wh 13656
CH
 lo 54597
 he 100
 lk 3
 lr 66
 sl	610 2 21 25 0 \
	700 2 21 0 0 \
	702 2 14 18 0 \
	680 2 21 0 0 \
	617 2 14 5 0 \
	630 2 28 0 0 \
	631 2 14 24 0 \
	616 2 14 0 0 \
	614 2 14 12 0 \
	611 2 28 0 0 \
	600 2 21 0 0 \
	601 2 14 0 0 \
	602 2 14 2 0 \
	639 2 21 0 0 \
	637 2 21 0 0 \
	636 2 14 0 0 \
	641 2 28 1 0 \
	730 2 21 0 0 \
	733 2 14 0 0 \
	732 2 14 0 0 \
	731 2 14 0 0 \
	615 1 14 0 0
 bh 3
 bp 50
 at 80
 df 131
CM
 hs 1
MI
 ds bt55 to bv62
CO
 li fly w
 ar 0 0 0 0 0 0 0 0
 wa -1
 st 1
 ue 1
 pr 2

69793 char 0
na Spectral
il	1 525 \
	54 7 \
	65048 300 \
	144149 39
tl	2 95 9821 7 0 0 0 0 \
	2 65048 36 99 1 0 0 0 \
	2 144149 100 66 1 0 0 0 \
	1 140715 34 14 1 0 0 0
ad 54597 
LI
 wh 57046
CH
 lo 54597
 he 100
 lk 3
 lr 119
 sl	610 2 21 1 0 \
	630 2 28 0 0 \
	631 2 14 23 0 \
	650 2 28 0 0 \
	652 2 28 0 0 \
	654 2 28 53 0 \
	653 2 28 0 0 \
	600 2 21 0 0 \
	601 2 14 9 0 \
	730 2 21 0 0 \
	611 2 28 0 0 \
	733 2 14 0 0 \
	732 2 14 0 0 \
	731 2 14 0 0
 bh 3
 bp 50
 at 80
 df 80
 ct 50333 50535 50797 50837 51323 51665 51853 53249 53513 \
	53627 54172 54295 54404 54587 54597 54935 54948 55115 55263 55275 \
	55705 56223 56297 56309 56363 56455 56746 50333 50535 50797 50837 \
	51323 51665 51853 53249 53513 53627 54172 54295 54404 54587 54597 \
	54935 54948 55115 55263 55275 55705 56223 56297 56309 56363 56455 \
	56746 
MI
 ds bt55 to bv62
CO
 li breed 54 54
 ar 54 54 0 0 0 0 0 0
 cs 2
 wa 3
 st 1
 ue 4
 de 3
 pr 3

65007 char 0
na Rambutan the Rickety
il	1 6140 \
	54 1
tl	2 95 10000 7 0 0 0 0 \
	2 94 10000 5 0 0 0 0
LI
 wh 14161
CH
 lo 54597
 he 100
 lk 2
 lr 2
 sl	800 2 28 0 0 \
	802 2 14 133 0 \
	803 2 14 5 0 \
	610 2 21 12 0 \
	680 2 21 1 0 \
	700 2 21 0 0 \
	702 2 14 4 0 \
	617 2 14 3 0 \
	630 2 28 0 0 \
	631 2 14 0 0 \
	813 2 21 5 0 \
	801 2 14 0 0 \
	805 2 14 0 0 \
	806 2 21 0 0 \
	807 2 21 0 0 \
	808 2 21 0 0 \
	809 2 21 0 0 \
	811 2 21 0 0 \
	812 2 21 0 0 \
	814 2 21 0 0 \
	900 2 42 0 0 \
	905 2 21 1 0 \
	906 2 21 0 0 \
	611 2 28 0 0 \
	904 2 21 0 0 \
	907 2 21 0 0 \
	908 2 28 0 0 \
	909 2 21 0 0 \
	911 2 21 0 0 \
	903 2 21 1 0 \
	690 2 28 0 0 \
	691 2 21 0 0 \
	692 2 21 0 0 \
	693 2 21 0 0 \
	840 2 35 0 0 \
	841 2 21 0 0 \
	842 2 14 0 0 \
	843 2 21 0 0 \
	844 1 14 0 0 \
	845 1 0 0 0 \
	846 1 0 0 0 \
	847 1 0 0 0 \
	848 1 0 0 0 \
	849 1 0 0 0 \
	851 1 0 0 0 \
	852 1 0 0 0
 bp 50
 ra 70
 at 80
 df 80
 ct 50333 50535 50797 50837 51323 51665 51853 53249 53513 \
	53627 54172 54295 54404 54587 54597 54935 54948 55115 55263 55275 \
	55705 56223 56297 56309 56363 56455 56746 50333 50535 50797 50837 \
	51323 51665 51853 53249 53513 53627 54172 54295 54404 54587 54597 \
	54935 54948 55115 55263 55275 55705 56223 56297 56309 56363 56455 \
	56746 
CM
 im 1
 ma 26
 ca 26
 pl 2621
MI
 ds Leader of the Sunken Crescent
CO
 li collect 277 0 0
 ar 277 0 0 160 0 0 0 0
 cs 2
 wa -1
 st 1
 ue 5
 de 16
 po 1
 pr 3

70885 char 0
na Captain Magoo
il	1 874 \
	19 8 \
	67589 33
tl	2 95 9915 7 0 0 0 0 \
	2 94 9971 4 0 0 0 0 \
	2 87 7690 2 0 0 0 0 \
	2 147378 99920 80 0 0 0 0 \
	1 147378 9960 27 0 0 0 0 \
	2 66159 9929 90 0 0 0 0 \
	1 66159 9825 26 0 0 0 0 \
	2 67589 10000 77 1 0 0 0 \
	2 70819 10000 186 1 0 0 0 \
	1 70819 10000 133 1 0 0 0
ah 5552 61923 
LI
 wh 66688
CH
 lo 54597
 he 100
 lk 2
 lr 1
 sl	610 2 21 4 0 \
	617 2 14 5 0 \
	600 2 21 0 0 \
	602 2 14 2 0 \
	601 2 14 85 0 \
	603 2 14 36 0 \
	616 2 14 17 0 \
	612 2 28 1 0 \
	730 2 21 0 0 \
	733 2 14 3 0 \
	630 2 28 0 0 \
	631 2 14 28 0 \
	732 2 14 3 0 \
	731 2 14 0 0 \
	670 2 28 0 0 \
	611 2 28 0 0
 bh 3
 at 218
 df 80
MI
 ds Admiral of the Sunken Crescent
CO
 li use 616
 ar 0 0 0 0 0 0 0 616
 st 1
 us 616
 ue 3
 de 6
 pr 3

66503 char 0
na The Undertaker
il	1 349
LI
 wh 57531
CH
 lo 54597
 he 100
 lk 2
 lr 1
 sl	600 2 21 0 0 \
	610 2 21 4 0 \
	602 2 14 1 0 \
	611 2 28 0 0 \
	730 2 21 0 0 \
	732 2 14 3 0 \
	615 2 21 1 0 \
	630 2 28 0 0 \
	631 2 14 30 0 \
	700 2 21 0 0 \
	702 2 14 2 0 \
	680 2 21 1 0 \
	617 2 14 2 0 \
	612 2 28 0 0 \
	639 2 21 0 0 \
	636 2 14 0 0 \
	641 2 28 1 0 \
	637 2 21 0 0 \
	601 2 14 28 0 \
	632 2 14 0 0 \
	733 2 14 0 0 \
	731 2 14 0 0 \
	614 2 14 10 0
 bh 9
 bp 50
 at 80
 df 148
 mi 57
CM
 hs 1
MI
 ds Sunken Crescent trader
CO
 li use 614
 ar 0 0 0 0 0 0 0 614
 st 1
 us 614
 ue 2
 de 7
 pr 3

61491 char 0
na Captain Lychee
il	1 19429 \
	10 30 \
	19 8 \
	67589 45 \
	69395 1 \
	81246 2 \
	96775 1 \
	120417 1
tl	2 87 8748 2 0 0 0 0 \
	2 94 10000 4 0 0 0 0 \
	2 95 9892 7 0 0 0 0 \
	2 147378 99933 80 0 0 0 0 \
	1 147378 10000 27 0 0 0 0 \
	1 66159 9930 26 0 0 0 0 \
	1 96775 99904 11 0 0 0 0 \
	1 67589 99967 14 0 0 0 0 \
	1 68959 100000 70 0 0 0 0 \
	2 67589 9949 77 0 0 0 0 \
	2 70819 9953 186 1 0 0 0 \
	1 70819 99954 133 0 0 0 0
ah 5552 61923 
LI
 wh 130350
CH
 lo 54597
 he 100
 lk 2
 lr 1
 sl	600 2 21 0 0 \
	602 2 14 3 0 \
	601 2 14 98 0 \
	730 2 21 0 0 \
	610 2 21 3 0 \
	732 2 14 9 0 \
	733 2 14 5 0 \
	603 2 14 23 0 \
	611 2 28 0 0 \
	616 2 14 0 0 \
	617 2 14 1 0 \
	630 2 28 0 0 \
	631 2 14 27 0 \
	731 2 14 0 0
 bh 3
 bp 50
 at 80
 df 80
MI
 ds Merchant trader of the Sunken Cresent
CO
 li move 130350
 ar 130350 7 130350 0 0 0 13279 0
 st 1
 ue 4
 pr 2

