54636 player pl_regular
na The X-Men
il	1 1069
CH
PL
 fn Robert Turner
 em user4@mobyus.com
 pw dodoman
 np 1
 ft 12
 nt 1
 so 1
 lt 260
 kn 69 600 601 610 611 612 613 614 615 616 \
	617 630 631 632 633 634 635 639 641 650 651 \
	652 653 654 655 656 657 670 671 672 673 674 \
	680 681 682 690 691 692 693 694 695 696 697 \
	700 701 702 703 704 705 720 721 722 723 730 \
	731 732 733 750 751 752 753 754 755 756 800 \
	801 802 803 804 805 806 807 808 809 811 812 \
	813 814 820 821 822 823 824 825 826 827 828 \
	829 831 832 833 840 841 842 843 844 845 846 \
	847 848 849 851 852 860 861 862 863 880 881 \
	882 883 884 885 886 887 888 889 891 892 893 \
	894 900 901 902 903 904 905 906 907 908 909 \
	911 920 921 922 1523 1585 2536 2551 4673 4681 6461 \
	8067 9549 10358 10359 10360 10361 10457 10458 10459 10460 10461 \
	10558 10559 10560 10561 10656 10657 10658 10659 10660 10661 10662 \
	10663 10664 10665 10666 10667 10668 10669 10670 10756 10757 10758 \
	10759 10767 10770 10856 10857 10858 10859 10867 10870 10957 10959 \
	10967 10970 11065 11066 11067 11070 11165 11170 11270 11370 11470 \
	11570 11670 11770 11870 11970 12070 12170 12270 12370 12470 12570 \
	12670 12770 12870 12970 13070 13170 13270 13370 13470 13570 13670 \
	13770 13771 13772 13773 13774 13775 13870 13871 13872 13873 13875 \
	13970 13971 13972 13973 13975 14070 14071 14072 14073 14074 14075 \
	14076 14153 14154 14155 14156 14157 14158 14159 14161 14162 14163 \
	14170 14171 14172 14174 14175 14176 14253 14259 14261 14263 14268 \
	14269 14270 14271 14272 14273 14274 14275 14276 14277 14353 14359 \
	14360 14361 14363 14368 14369 14370 14371 14372 14373 14374 14375 \
	14376 14377 14379 14380 14381 14453 14459 14461 14462 14463 14464 \
	14465 14466 14467 14468 14469 14470 14471 14472 14473 14474 14475 \
	14476 14477 14478 14479 14480 14481 14553 14559 14560 14561 14562 \
	14563 14564 14565 14569 14570 14571 14572 14573 14574 14575 14576 \
	14577 14578 14579 14653 14661 14664 14665 14670 14671 14672 14673 \
	14674 14675 14676 14677 14678 14679 14753 14754 14755 14764 14765 \
	14770 14771 14772 14775 14776 14777 14778 14779 14855 14864 14865 \
	14866 14867 14868 14869 14870 14871 14872 14876 14877 14878 14879 \
	14955 14964 14965 14970 14971 14972 14976 14977 14978 14979 15055 \
	15056 15057 15064 15065 15068 15070 15072 15076 15077 15078 15079 \
	15080 15157 15164 15165 15166 15167 15168 15169 15170 15171 15172 \
	15173 15174 15175 15176 15177 15178 15179 15180 15257 15264 15265 \
	15266 15267 15268 15269 15270 15271 15272 15273 15274 15275 15276 \
	15277 15278 15279 15280 15288 15289 15290 15291 15292 15357 15358 \
	15359 15360 15363 15364 15365 15366 15369 15370 15372 15373 15374 \
	15375 15376 15377 15378 15379 15380 15381 15388 15460 15463 15464 \
	15465 15466 15469 15470 15471 15472 15473 15475 15476 15477 15478 \
	15479 15480 15481 15482 15483 15484 15485 15488 15560 15561 15563 \
	15564 15565 15566 15569 15570 15571 15572 15573 15575 15576 15577 \
	15578 15579 15580 15581 15584 15585 15586 15587 15588 15661 15662 \
	15663 15664 15665 15666 15667 15668 15669 15670 15671 15672 15673 \
	15674 15675 15676 15677 15678 15679 15680 15681 15682 15683 15684 \
	15685 15686 15687 15688 15689 15762 15763 15764 15766 15767 15768 \
	15769 15770 15771 15772 15773 15774 15775 15776 15777 15778 15779 \
	15780 15781 15782 15783 15784 15789 15864 15866 15867 15869 15870 \
	15871 15872 15873 15874 15875 15876 15877 15878 15879 15881 15882 \
	15883 15884 15885 15889 15964 15965 15966 15967 15968 15969 15970 \
	15971 15972 15973 15974 15975 15976 15977 15978 15979 15981 15982 \
	15983 15984 15985 15989 16057 16058 16059 16060 16061 16062 16065 \
	16066 16067 16068 16069 16070 16071 16072 16073 16074 16075 16076 \
	16077 16078 16079 16080 16081 16082 16083 16084 16085 16089 16162 \
	16163 16164 16165 16166 16167 16168 16169 16170 16171 16172 16173 \
	16174 16175 16176 16177 16178 16179 16180 16181 16182 16183 16184 \
	16185 16189 16262 16266 16267 16268 16269 16270 16271 16272 16273 \
	16274 16275 16276 16277 16278 16279 16280 16281 16282 16283 16284 \
	16285 16289 16357 16358 16359 16360 16361 16362 16363 16364 16365 \
	16366 16367 16368 16369 16370 16371 16372 16373 16374 16375 16376 \
	16377 16378 16379 16380 16381 16382 16383 16384 16385 16389 16451 \
	16452 16453 16454 16455 16456 16457 16464 16465 16466 16467 16468 \
	16469 16470 16471 16472 16473 16474 16475 16476 16477 16478 16482 \
	16483 16484 16489 16551 16557 16564 16565 16566 16567 16568 16569 \
	16570 16571 16572 16573 16574 16575 16576 16577 16578 16582 16583 \
	16584 16589 16651 16657 16666 16669 16670 16671 16672 16673 16674 \
	16675 16676 16677 16678 16683 16689 16750 16751 16752 16753 16754 \
	16755 16756 16757 16766 16769 16770 16771 16772 16773 16774 16775 \
	16776 16777 16783 16786 16787 16788 16789 16850 16866 16869 16872 \
	16873 16875 16877 16883 16886 16950 16964 16965 16966 16967 16968 \
	16969 16970 16971 16972 16973 16975 16977 16983 16984 16985 16986 \
	17067 17073 17075 17077 17085 17086 17167 17173 17175 17177 17185 \
	17267 17268 17273 17274 17275 17277 17285 17368 17369 17370 17371 \
	17372 17373 17374 17377 17385 17468 17469 17472 17473 17474 17477 \
	17485 17569 17570 17571 17572 17573 17574 17575 17576 17577 17578 \
	17579 17580 17581 17582 17583 17584 17585 17586 17669 17672 17673 \
	17674 17675 17676 17685 17686 17687 17688 17689 17768 17769 17770 \
	17771 17772 17773 17774 17775 17776 17785 17786 17787 17788 17866 \
	17867 17868 17869 17870 17871 17872 17873 17874 17966 17967 17968 \
	17969 17970 17971 17973 17974 18067 18068 18069 18070 18073 18074 \
	18173 18174 18273 18274 18275 18276 18277 18278 18371 18372 18373 \
	18374 18375 18376 18377 18378 18470 18471 18472 18473 18474 18475 \
	18476 18477 18478 18570 18571 18572 18573 18574 18575 18576 18577 \
	18578 18579 18671 18672 18673 18674 21177 21817 23345 25423 26112 \
	32942 36093 38190 39793 42798 56768 56782 56848 56949 56959 57030 \
	57060 57133 57195 57294 57325 57331 57355 57368 57371 57401 57544 \
	57547 57553 57602 57675 57686 57731 57754 57826 57842 57870 57920 \
	57934 57957 57978 58031 58053 58056 58073 58112 58166 58200 58251 \
	58259 58270 58349 58408 58427 58493 58559 58592 58600 58615 58635 \
	58643 58666 58676 58736 59226 59317 59389 59517 60290 60465 60921 \
	61329 61820 62349 62437 62492 62796 62825 62916 63252 63615 65107 \
	65398 65441 65482 66065 66688 66925 67062 68196 68212 68537 68690 \
	68752 69345 69592 70009 70229 70385 70829 70876 71192 71288 71496 \
	71839 71948 72176 72202 73104 73534 73538 73785 74213 74974 74980 \
	75095 75332 75426 75513 75720 76276 76435 76712 76718 78449 78586 \
	78780 78832 78892 
 un 9494 6200 2420 1010 118924 9106 7428 69084 60856 \
	103826 132986 127782 143358 128033 77564 5301 70461 9842 
 uf 134417 79040 124249 123653 89499 
 am 2420 0 51167 51454 51478 52468 52606 53436 54636 \
	55184 55374 55526 55749 56136 56183 56406 56542 
 am 2748 0 52468 51478 56542 56136 52606 55184 54636 \
	51454 53436 
 am 3831 0 52468 51478 56542 56136 52606 55184 54636 \
	51454 53436 
 am 3839 0 52468 51478 56542 56136 52606 55184 54636 \
	51454 53436 
 am 5301 0 51167 51454 51478 52468 52606 53436 54636 \
	55184 50762 55374 55526 55749 56136 56183 56406 56542 
 am 6200 1 
 am 6529 0 52468 51478 56542 56136 52606 55184 54636 \
	51454 53436 
 am 8693 0 52468 51478 56542 56136 52606 55184 54636 \
	51454 53436 
 am 9106 1 
 am 9269 0 52468 51478 56542 56136 52606 55184 54636 \
	51454 53436 
 am 9494 0 51167 51454 51478 52468 52606 53436 54636 \
	55184 50762 55374 55526 55749 56136 56183 56406 56542 
 am 9600 0 52468 51478 56542 56136 52606 55184 54636 \
	51454 53436 
 am 51454 0 53436 52606 54636 
 am 64945 0 52468 51478 56542 56136 52606 55184 54636 \
	51454 53436 
 am 72654 0 52468 51478 56542 56136 52606 55184 54636 \
	51454 53436 
 am 73104 0 52468 51478 56542 56136 52606 55184 54636 \
	51454 53436 
 am 74254 0 52468 51478 56542 56136 52606 55184 54636 \
	51454 53436 
CO
 li accept 0 0
 ar 0 0 0 0 0 0 0 0
 st 1

9494 char 0
na Gambit
il	1 900 \
	54 1 \
	73881 1
LI
 wh 15584
CH
 lo 54636
 he 100
 lk 2
 lr 1
 sl	630 2 28 0 0 \
	680 2 21 6 0 \
	682 2 14 19 0 \
	631 2 14 8 0 \
	610 2 21 23 0 \
	613 2 14 1 0 \
	641 2 28 1 0 \
	670 2 28 0 0 \
	671 2 14 1 0 \
	672 2 21 2 0 \
	639 2 21 0 0 \
	612 2 28 1 0 \
	617 2 14 0 0 \
	615 2 21 0 0 \
	611 2 28 0 0
 at 80
 df 80
 mi 50
CM
 hs 1
CO
 li fly n
 ar 0 1 15584 0 0 4 15684 0
 st 1
 ue 1
 de 4
 pr 2

6200 char 0
na Eirinn Banba
il	1 249 \
	54 3
LI
 wh 10559
CH
 lo 54636
 pl 56746
 he 100
 lk 3
 lr 115
 sl	610 2 21 23 0 \
	750 2 35 10 0 \
	751 2 28 41 0 \
	753 2 21 66 0 \
	756 2 28 73 0 \
	614 2 14 14 0 \
	755 2 28 0 0 \
	754 2 28 0 0 \
	752 2 28 16 0 \
	612 2 28 1 0 \
	615 2 21 8 0 \
	616 2 14 3 0 \
	617 2 14 7 0 \
	630 2 28 0 0 \
	631 2 14 1 0 \
	700 2 21 0 0 \
	702 2 14 20 0 \
	613 2 14 7 0 \
	635 2 28 0 0 \
	704 2 14 0 0 \
	703 2 14 0 0 \
	705 2 14 0 0 \
	701 2 14 0 0 \
	634 2 14 4 0 \
	639 2 21 0 0 \
	641 2 28 1 0 \
	632 2 14 0 0 \
	633 2 14 1 0
 bh 3
 at 88
 df 148
 mi 69
CM
 hs 1
 pr 1
 vp 9
 vi 2592 4339 4876 5301 6229 9711 9758 10851 15972 56938 \
	57200 57658 58014 58031 60471 61209 72330 73898 78059 90853 115498 \
	128528 142112 148147 
CO
 li give garrison 16
 ar 74398 16 0 0 0 0 0 0
 st 1
 ue 5
 pr 1

2420 char 0
na Bishop
il	1 1881 \
	54 4 \
	282 189
tl	2 95 2 9 0 0 0 0
LI
 wh 6895
 hl 1010 118924 9106 7428 69084 60856 103826 132986 127782 \
	143358 128033 77564 
CH
 lo 54636
 he 100
 lk 2
 lr 2
 sl	650 2 28 0 0 \
	655 2 14 14 0 \
	656 2 14 15 0 \
	630 2 28 0 0 \
	631 2 14 4 0 \
	651 2 21 16 0 \
	652 2 28 0 0 \
	653 2 28 0 0 \
	654 2 28 133 0 \
	610 2 21 2 0 \
	612 2 28 2 0 \
	657 2 21 3 0 \
	641 2 28 1 0 \
	611 2 28 0 0 \
	617 2 14 0 0 \
	616 2 14 0 0
 ra 70
 at 80
 df 30
 dt 130 12 3882
CM
 hs 1
 vp 5
 pl 4339
CO
 li breed 282 282
 ar 282 282 0 0 0 0 0 0
 cs 2
 wa 5
 st 1
 ue 1
 de 1
 pr 3

1010 char 0
na The Illustrated Man
il	63 1 \
	81 2 \
	90952 1 \
	101405 1 \
	111541 1 \
	113069 1 \
	146724 1
LI
 wh 2420
CH
 lo 54636
 pl 100
 he 100
 lk 3
 lr 62
 sl	610 2 21 27 0 \
	617 2 14 67 0 \
	690 2 28 5 0 \
	693 2 21 41 0 \
	696 2 14 0 0 \
	694 2 21 0 0 \
	697 2 28 0 0 \
	695 2 21 4 0 \
	691 2 21 28 0 \
	700 2 21 0 0 \
	702 2 14 9 0 \
	650 2 28 0 0 \
	654 2 28 90 0 \
	692 2 21 11 0 \
	653 2 28 0 0 \
	612 2 28 1 0
 at 80
 df 80
CM
 vp 4
MI
 di 4
 ds Servant of the Lords
CO
 li give 2420 282
 ar 2420 282 0 0 0 0 0 0
 st 1
 ue 4
 pr 1

118924 char 0
na Breeder
LI
 wh 2420
CH
 lo 54636
 pl 100
 he 100
 lk 3
 lr 88
 sl	610 2 21 0 0 \
	650 2 28 0 0 \
	653 2 28 0 0 \
	654 2 28 13 0
 bp 50
 at 80
 df 80
CM
 vp 7
CO
 li give 2420 282
 ar 2420 282 0 0 0 0 0 0
 st 1
 pr 1

9106 char 0
na Wolverine
il	1 2288
ah 135063 
LI
 wh 2420
CH
 lo 54636
 he 100
 lk 2
 lr 1
 sl	720 2 21 0 0 \
	722 2 14 53 0 \
	721 2 14 44 0 \
	650 2 28 0 0 \
	655 2 14 28 0 \
	656 2 14 19 0 \
	610 2 21 22 0 \
	617 2 14 18 0 \
	616 2 14 11 0 \
	611 2 28 0 0 \
	612 2 28 1 0 \
	657 2 21 22 0 \
	723 2 14 0 0 \
	615 2 21 0 0 \
	630 2 28 0 0 \
	654 2 28 58 0 \
	653 2 28 0 0
 at 80
 df 80
 mi 50
CM
 vp 12
CO
 li give 2420 282
 ar 2420 282 0 0 0 0 0 0
 st 1
 ue 3
 pr 1

7428 char 0
na Yoda
il	1 167 \
	54 3
LI
 wh 2420
CH
 lo 54636
 pl 50837
 he 100
 lk 3
 lr 154
 sl	750 2 35 8 0 \
	751 2 28 52 0 \
	610 2 21 28 0 \
	614 2 14 1 0 \
	612 2 28 1 0 \
	615 2 21 8 0 \
	754 2 28 0 0 \
	756 2 28 24 0 \
	755 2 28 0 0 \
	752 2 28 13 0 \
	753 2 21 65 0 \
	616 2 14 2 0 \
	630 2 28 0 0 \
	631 2 14 3 0 \
	632 2 14 0 0 \
	617 2 14 10 0 \
	635 2 28 0 0 \
	613 2 14 0 0 \
	634 2 14 0 0 \
	633 2 14 0 0 \
	700 2 21 0 0 \
	702 2 14 0 0 \
	703 2 14 0 0 \
	641 2 28 1 0 \
	650 2 28 0 0 \
	654 2 28 14 0
 bh 9
 at 88
 df 84
 mi 100
CM
 hs 1
 pr 1
 vp 13
 vi 1010 1245 1506 2420 2830 2974 3616 3711 4955 5301 \
	5363 5943 6229 6356 6387 6427 6588 7244 7921 16283 17964 \
	59238 61044 62715 63291 66755 68226 71401 72584 73373 74309 76425 \
	77001 77175 77590 78806 78899 
MI
 ds Use The Force Luke
CO
 li give 2420 282
 ar 2420 282 0 0 0 0 0 0
 st 1
 ue 4
 pr 1

69084 char 0
na Pikachu
il	1 320
LI
 wh 2420
CH
 lo 54636
 he 100
 lk 3
 lr 106
 sl	610 2 21 16 0 \
	612 2 28 1 0 \
	630 2 28 0 0 \
	631 2 14 0 0 \
	616 2 14 0 0 \
	613 2 14 13 0 \
	650 2 28 0 0 \
	654 2 28 14 0
 bh 9
 at 80
 df 80
CO
 li give 2420 282
 ar 2420 282 0 0 0 0 0 0
 st 1
 ue 3
 pr 1

60856 char 0
na Ponyta
il	1 807 \
	54 2 \
	94 5
LI
 wh 2420
CH
 lo 54636
 he 100
 lk 3
 lr 108
 sl	610 2 21 18 0 \
	612 2 28 1 0 \
	615 2 21 0 0 \
	630 2 28 0 0 \
	616 2 14 0 0 \
	613 2 14 18 0 \
	670 2 28 0 0 \
	671 2 14 0 0 \
	650 2 28 0 0 \
	654 2 28 7 0
 bh 5
 at 80
 df 80
 mi 50
CO
 li give 2420 282
 ar 2420 282 0 0 0 0 0 0
 st 1
 ue 3
 pr 1

103826 char 0
na Breeder
LI
 wh 2420
CH
 lo 54636
 he 100
 lk 3
 lr 98
 sl	650 2 28 0 0 \
	610 2 21 0 0 \
	654 2 28 6 0
 bh 5
 bp 50
 at 80
 df 80
CO
 li give 2420 282
 ar 2420 282 0 0 0 0 0 0
 st 1
 pr 1

132986 char 0
na Breeder
LI
 wh 2420
CH
 lo 54636
 he 100
 lk 3
 lr 98
 sl	650 2 28 0 0 \
	610 2 21 0 0 \
	654 2 28 7 0
 bh 5
 bp 50
 at 80
 df 80
CO
 li give 2420 282
 ar 2420 282 0 0 0 0 0 0
 st 1
 pr 1

127782 char 0
na Breeder
LI
 wh 2420
CH
 lo 54636
 he 100
 lk 3
 lr 98
 sl	650 2 28 0 0 \
	610 2 21 0 0 \
	654 2 28 7 0
 bh 5
 bp 50
 at 80
 df 80
CO
 li give 2420 282
 ar 2420 282 0 0 0 0 0 0
 st 1
 pr 1

143358 char 0
na Breeder
LI
 wh 2420
CH
 lo 54636
 he 100
 lk 3
 lr 98
 sl	650 2 28 0 0 \
	610 2 21 0 0 \
	654 2 28 7 0
 bh 5
 bp 50
 at 80
 df 80
CO
 li give 2420 282
 ar 2420 282 0 0 0 0 0 0
 st 1
 pr 1

128033 char 0
na Breeder
LI
 wh 2420
CH
 lo 54636
 he 100
 lk 3
 lr 99
 sl	650 2 28 0 0 \
	610 2 21 0 0 \
	654 2 28 6 0
 bh 5
 bp 50
 at 80
 df 80
CO
 li give 2420 282
 ar 2420 282 0 0 0 0 0 0
 st 1
 pr 1

77564 char 0
na Traiteur
il	1 114
LI
 wh 2420
CH
 lo 54636
 he 100
 lk 3
 lr 106
 sl	610 2 21 23 0 \
	612 2 28 1 0 \
	617 2 14 2 0 \
	630 2 28 0 0 \
	631 2 14 0 0 \
	616 2 14 0 0 \
	613 2 14 23 0 \
	670 2 28 0 0 \
	671 2 14 0 0 \
	650 2 28 0 0 \
	654 2 28 6 0
 bh 5
 at 80
 df 80
CM
 vp 1
CO
 li give 2420 282
 ar 2420 282 0 0 0 0 0 0
 st 1
 ue 4
 pr 1

5301 char 0
na Malec-Keth
il	1 34830 \
	54 17 \
	69 2 \
	62004 1 \
	64910 1 \
	65476 1 \
	67023 1 \
	69375 1 \
	70924 1 \
	71154 1 \
	71455 1 \
	77914 1 \
	78274 1 \
	78774 1 \
	93579 1 \
	134796 1
LI
 wh 70009
CH
 lo 1010
 he 100
 lk 2
 lr 1
 sl	800 2 28 0 0 \
	690 2 28 0 0 \
	750 2 35 4 0 \
	802 2 14 27 0 \
	900 2 42 0 0 \
	903 2 21 33 0 \
	801 2 14 0 0 \
	610 2 21 0 0 \
	803 2 14 0 0 \
	755 2 28 0 0 \
	805 2 14 0 0 \
	904 2 21 0 0 \
	751 2 28 7 0 \
	902 2 21 0 0 \
	804 2 21 0 0 \
	630 2 28 0 0 \
	908 2 28 5 0 \
	641 2 28 2 0 \
	911 2 21 2 0 \
	909 2 21 11 0 \
	806 2 21 30 0 \
	905 2 21 0 0 \
	907 2 21 0 0 \
	808 2 21 0 0 \
	614 2 14 13 0 \
	814 2 21 0 0 \
	906 2 21 0 0 \
	813 2 21 23 0 \
	754 2 0 0 0 \
	752 2 0 0 0 \
	753 2 0 6 0 \
	756 2 0 11 0 \
	811 2 0 0 0 \
	807 2 21 8 0 \
	809 2 21 0 0 \
	812 2 21 0 0 \
	840 2 35 0 0 \
	842 2 14 2 0 \
	843 2 0 1 0 \
	844 2 0 0 0 \
	845 2 0 1 0 \
	846 2 0 0 0 \
	847 2 0 2 0 \
	848 2 0 0 0 \
	849 2 0 6 0 \
	851 2 0 7 0 \
	852 2 0 0 0 \
	880 2 42 0 0 \
	884 2 28 0 0 \
	885 2 14 0 0 \
	887 2 21 0 0 \
	881 2 14 1 0 \
	882 2 14 0 0 \
	883 2 14 0 0 \
	886 2 14 0 0 \
	893 2 21 0 0 \
	894 2 21 0 0 \
	888 2 21 0 0 \
	891 2 21 0 0 \
	892 2 21 0 0 \
	730 2 0 0 0 \
	732 2 0 0 0 \
	733 2 0 0 0 \
	731 2 0 0 0 \
	841 2 0 3 0 \
	901 2 28 0 0 \
	889 2 21 0 0 \
	860 2 35 0 0 \
	820 2 35 0 0 \
	920 2 0 0 0 \
	921 2 28 9 0 \
	922 2 28 36 0 \
	861 2 14 2 0 \
	862 2 14 0 0 \
	650 2 0 0 0 \
	655 2 0 0 0 \
	656 2 0 0 0 \
	654 2 0 0 0 \
	652 2 0 0 0 \
	657 2 0 0 0 \
	653 2 0 0 0 \
	612 2 0 1 0 \
	651 2 0 0 0 \
	821 2 0 0 0 \
	822 2 0 0 0 \
	823 2 0 0 0 \
	824 2 0 0 0 \
	833 2 0 0 0 \
	829 2 0 0 0 \
	828 2 0 0 0 \
	831 2 0 0 0 \
	827 2 0 0 0 \
	826 2 0 0 0 \
	832 2 0 0 0 \
	825 2 0 0 0 \
	863 2 14 0 0 \
	611 2 28 0 0
 bh 9
 ra 70
 at 80
 df 63
 dt 96 30 2880
CM
 im 1
 ma 18
 ca 128
 hs 1
 pr 1
 kw 1
 vp 15
 pl 8116
 ar 70924
 vi 1112 1245 
CO
 li use 813
 ar 0 0 0 0 0 0 0 813
 st 1
 us 813
 ue 4
 de 6
 pr 3

70461 char 0
na Kheldar II
il	54 2
LI
 wh 2592
CH
 lo 54636
 he 100
 lk 3
 lr 93
 sl	610 2 21 13 0 \
	630 2 28 0 0 \
	641 2 28 1 0 \
	612 2 28 1 0 \
	617 2 14 0 0 \
	615 2 21 2 0 \
	616 2 14 0 0 \
	613 2 14 20 0
 bh 5
 at 80
 df 80
 mi 59
CM
 hs 1
 vp 1
CO
 li stack 2592
 ar 2592 0 0 0 0 0 0 0
 st 1
 ue 3
 pr 1

9842 char 0
na Storm II
il	1 200 \
	54 2
LI
 wh 2592
CH
 lo 54636
 he 100
 lk 3
 lr 94
 sl	610 2 21 24 0 \
	630 2 28 0 0 \
	641 2 28 1 0 \
	616 2 14 7 0 \
	617 2 14 1 0 \
	612 2 28 0 0 \
	615 2 21 0 0 \
	613 2 14 20 0
 bh 5
 bp 50
 at 80
 df 80
 mi 50
CM
 hs 1
 vp 1
CO
 li stack 2592
 ar 2592 0 0 0 0 0 0 0
 st 1
 ue 3
 pr 1

