54684 player pl_regular
na Dusk Troopers
il	1 5551
ad 1599 3634 3843 3920 5934 6344 50822 51992 52793 \
	54134 54422 54684 55734 59068 67810 69471 72381 77196 77218 78501 
CH
PL
 fn Joao Alexandre Isidro
 em ralek@ip.pt
 ve dusk.troopers@iname.com
 pw sulputcaf
 np 30
 fs 18
 ft 7
 lt 156
 kn 69 600 601 602 603 610 611 612 613 614 \
	615 616 617 630 631 632 633 634 635 636 637 \
	639 641 650 651 652 653 654 655 656 657 658 \
	659 661 670 671 672 673 674 680 681 682 690 \
	693 700 701 702 703 704 720 721 722 723 730 \
	731 732 733 750 751 752 753 754 756 800 801 \
	802 803 804 805 806 807 808 809 811 812 813 \
	814 820 821 822 823 824 825 826 827 828 829 \
	831 832 833 840 841 842 843 844 845 846 847 \
	848 849 851 852 860 861 862 863 864 865 866 \
	867 868 869 871 872 880 881 882 883 884 885 \
	886 887 888 889 891 892 893 894 900 904 905 \
	906 908 911 1938 4670 5161 5677 7564 8169 9399 10405 \
	10505 10506 10507 10508 10509 10602 10603 10604 10605 10606 10607 \
	10608 10609 10702 10704 10705 10706 10707 10802 10803 10804 10805 \
	10806 10807 10808 10809 10810 10811 10812 10813 10814 10815 10902 \
	10903 10904 10905 10906 10907 10908 10909 10910 10911 10912 10913 \
	10914 10915 11002 11003 11004 11005 11006 11007 11008 11009 11010 \
	11011 11012 11013 11014 11015 11103 11104 11105 11106 11107 11108 \
	11109 11110 11111 11112 11113 11114 11115 11203 11204 11205 11206 \
	11207 11208 11209 11210 11304 11305 11306 11307 11308 11309 11310 \
	11987 11988 11989 11990 12087 12088 12089 12090 12093 12094 12187 \
	12188 12189 12190 12191 12193 12194 12287 12288 12289 12290 12291 \
	12292 12293 12294 12387 12388 12389 12390 12391 12392 12393 12394 \
	12487 12488 12489 12490 12491 12492 12493 12494 12495 12587 12588 \
	12589 12590 12591 12592 12594 12595 12596 12687 12688 12689 12690 \
	12691 12692 12693 12694 12695 12696 12787 12788 12789 12790 12791 \
	12792 12793 12794 12795 12796 12887 12888 12889 12890 12892 12893 \
	12894 12895 12896 12986 12987 12988 12989 12990 12991 12992 12993 \
	12994 12995 12996 13086 13087 13088 13089 13090 13091 13092 13093 \
	13094 13095 13096 13186 13187 13188 13189 13190 13191 13192 13193 \
	13194 13195 13196 13286 13287 13288 13289 13290 13291 13292 13293 \
	13294 13295 13386 13387 13388 13389 13390 13391 13392 13393 13394 \
	13486 13487 13488 13489 13490 13491 13492 13493 13597 13598 13599 \
	13697 13698 13797 13798 13897 13898 13902 13903 13904 13905 13983 \
	13984 13985 13986 13987 13988 13989 13995 13997 13998 14000 14001 \
	14002 14003 14004 14005 14006 14007 14008 14009 14083 14084 14085 \
	14086 14087 14088 14089 14090 14091 14092 14093 14094 14095 14096 \
	14097 14098 14100 14101 14102 14103 14104 14105 14106 14107 14108 \
	14109 14183 14184 14185 14186 14187 14188 14189 14190 14191 14192 \
	14193 14194 14195 14196 14197 14198 14199 14200 14201 14202 14203 \
	14204 14205 14206 14207 14208 14209 14210 14211 14212 14213 14214 \
	14215 14216 14217 14218 14219 14220 14221 14222 14223 14283 14284 \
	14285 14286 14287 14288 14289 14290 14291 14292 14293 14294 14295 \
	14296 14297 14298 14299 14302 14303 14304 14305 14309 14310 14311 \
	14312 14313 14314 14384 14385 14386 14387 14388 14389 14390 14391 \
	14392 14393 14394 14395 14396 14397 14398 14399 14402 14403 14404 \
	14405 14409 14410 14412 14413 14484 14485 14486 14487 14488 14489 \
	14490 14491 14492 14493 14494 14495 14496 14497 14498 14499 14502 \
	14503 14504 14505 14506 14507 14508 14509 14511 14512 14585 14586 \
	14587 14588 14589 14590 14591 14592 14593 14594 14595 14596 14597 \
	14598 14599 14602 14603 14604 14607 14608 14609 14610 14611 14685 \
	14686 14687 14688 14689 14690 14691 14692 14693 14694 14695 14696 \
	14697 14698 14699 14702 14703 14704 14708 14709 14710 14785 14786 \
	14787 14788 14789 14790 14791 14792 14793 14794 14795 14796 14797 \
	14798 14799 14802 14803 14804 14805 14806 14807 14808 14809 14810 \
	14885 14886 14887 14888 14889 14890 14891 14892 14893 14894 14895 \
	14896 14897 14898 14899 14902 14903 14904 14905 14906 14907 14908 \
	14909 14986 14987 14988 14989 14990 14991 14992 14993 14994 14995 \
	14996 14997 14998 14999 15000 15001 15002 15003 15004 15005 15006 \
	15007 15008 15087 15088 15089 15090 15091 15092 15096 15097 15098 \
	15099 15101 15103 15104 15105 15106 15107 15191 15192 15199 15201 \
	15203 15204 15205 15206 15207 15291 15292 15299 15301 15303 15304 \
	15305 15306 15307 15392 15393 15394 15395 15396 15397 15398 15399 \
	15401 15402 15403 15404 15405 15406 15407 15501 15507 16020 16021 \
	16022 16023 16120 16123 16220 16223 16320 16321 16322 16323 16420 \
	16518 16519 16520 16618 16619 16620 16718 16719 16720 16819 16820 \
	18176 18177 18272 18273 18274 18275 18276 18277 18278 18372 18373 \
	18374 18375 18376 18377 18378 18472 18473 18474 18475 18476 18572 \
	18672 23288 24100 24949 25063 25563 26988 28150 28968 32560 36970 \
	37494 43357 44998 45127 46398 46482 46857 57006 57027 57030 57114 \
	57133 57134 57140 57195 57392 57397 57426 57576 57598 57622 57626 \
	57628 57748 57943 57948 58010 58025 58138 58152 58159 58288 58364 \
	58407 58539 58573 58582 58589 58644 59089 59119 59851 60372 60789 \
	60903 60914 61244 61310 61318 61441 61517 61580 61937 61945 61972 \
	62859 63180 63212 63297 63392 64346 64610 64835 65237 65241 65502 \
	65785 65796 65842 65971 66077 66207 66469 66901 67352 67725 68371 \
	68544 68917 68956 69015 69016 69150 69417 69453 69484 69661 69811 \
	70480 70517 70794 70864 70911 71060 71171 71365 71748 71759 72122 \
	72579 72696 72701 72762 73111 73451 73631 73703 73748 73993 74386 \
	74573 74655 74689 74954 75494 76288 77184 77391 77768 78046 78053 \
	78068 78238 78485 78871 107250 107856 129643 136435 
 un 1385 5934 3920 4099 
 uf 70939 77960 95618 109574 86834 
 am 1385 0 50822 55734 3920 52793 
 am 1938 0 1599 3582 3634 3843 3920 5934 50822 \
	51992 52793 54422 55734 67810 69471 78501 
 am 3920 0 50822 55734 3920 52793 
 am 4190 0 50822 55734 3920 52793 
 am 5161 0 50822 55734 3920 52793 
 am 5934 0 50822 55734 3920 52793 
CO
 li accept qn4 0 0
 ar 54294 0 0 0 0 0 0 0
 st 1

1385 char 0
na Lord Etake
il	1 4011 \
	62410 1
LI
 wh 5721
CH
 lo 54684
 he 100
 lk 2
 lr 2
 sl	610 2 21 13 0 \
	617 2 14 6 0 \
	616 2 14 9 0 \
	650 2 28 0 0 \
	652 2 28 0 0 \
	655 2 14 13 0 \
	656 2 14 5 0 \
	653 2 28 0 0 \
	654 2 28 12 0 \
	614 2 14 4 0 \
	657 2 21 18 0 \
	612 2 28 1 0 \
	651 2 21 0 0 \
	611 2 28 0 0 \
	658 2 21 0 0 \
	659 1 9 0 0 \
	900 1 39 0 0
 at 116
 df 100
CM
 vp 6
MI
 ds Kingdom of Cragstan
CO
 li stack garrison
 ar 5721 0 0 0 0 0 0 0
 st 1
 ue 3
 pr 1

5934 char 0
na Yoshi Romanov
il	1 1798 \
	105744 1 \
	142343 1
LI
 wh 12986
CH
 lo 54684
 he 100
 lk 2
 lr 1
 sl	610 2 21 15 0 \
	616 2 14 27 0 \
	617 2 14 6 0 \
	614 2 14 24 0 \
	612 2 28 1 0 \
	615 2 21 1 0 \
	611 2 28 0 0 \
	630 2 28 0 0 \
	613 2 14 0 0 \
	631 2 14 0 0 \
	632 2 14 0 0 \
	635 2 28 0 0 \
	633 2 14 6 0 \
	639 2 21 0 0 \
	641 2 28 1 0 \
	670 2 28 0 0 \
	671 2 14 0 0 \
	634 2 14 5 0 \
	672 2 21 0 0 \
	673 2 14 0 0 \
	674 2 21 0 0
 at 168
 df 163
 mi 52
CM
 hs 1
 vp 10
CO
 li fly n
 ar 0 1 12986 0 0 3 13086 0
 st 1
 ue 2
 de 3
 pr 2

3920 char 0
na Will Shakespear
il	1 3213 \
	54 2 \
	69 1
LI
 wh 13989
CH
 lo 54684
 he 100
 lk 2
 lr 1
 sl	630 2 28 0 0 \
	730 2 21 0 0 \
	631 2 14 14 0 \
	731 2 14 0 0 \
	732 2 14 7 0 \
	733 2 14 2 0 \
	635 2 28 0 0 \
	610 2 21 23 0 \
	616 2 14 26 0 \
	634 2 14 2 0 \
	612 2 28 1 0 \
	632 2 14 2 0 \
	633 2 14 2 0 \
	637 2 21 0 0 \
	636 2 14 0 0 \
	639 2 21 0 0 \
	611 2 28 0 0 \
	641 2 28 1 0 \
	670 2 28 0 0 \
	671 2 14 0 0 \
	672 2 21 0 0 \
	673 2 14 0 0 \
	674 2 21 0 0 \
	614 2 14 22 0 \
	617 2 14 0 0 \
	613 2 14 0 0 \
	615 2 21 0 0
 at 173
 df 171
 mi 50
CM
 hs 1
 vp 9
CO
 li fly out
 ar 0 8 13989 0 0 1 57628 0
 st 1
 ue 1
 de 1
 pr 2

4099 char 0
na Nagayama
tl	2 95 9999 7 0 0 0 0
LI
 wh 14102
CH
 lo 54684
 he 100
 lk 3
 lr 8
 sl	650 2 28 0 0 \
	654 2 28 73 0 \
	652 2 28 0 0 \
	653 2 28 0 0 \
	657 2 21 9 0 \
	610 2 21 0 0 \
	658 2 21 0 0 \
	661 2 21 2 0 \
	655 2 14 4 0 \
	656 2 14 0 0 \
	616 2 14 0 0 \
	612 2 28 0 0 \
	613 2 14 0 0 \
	614 2 14 0 0 \
	617 2 14 0 0 \
	651 2 21 0 0 \
	659 2 21 0 0 \
	611 1 14 0 0
 bp 50
 at 80
 df 80
CM
 vp 3
MI
 ds Kingdom of Cragstan
CO
 li breed 55 55
 ar 55 55 0 0 0 0 0 0
 st 1
 ue 2
 de 13
 pr 3

