54936 player pl_regular
na Color Guard
il	1 100
CH
PL
 fn Robert Mason
 em brandonlee_1999@yahoo.com
 pw navy01
 np 3
 ft 154
 so 1
 lt 260
 kn 600 601 602 603 610 611 612 613 614 615 \
	616 617 630 641 650 651 652 653 654 655 656 \
	657 680 690 700 701 702 703 730 731 732 733 \
	1572 5508 6625 13139 13140 13141 13241 13341 13342 13343 13344 \
	13345 13346 13347 13348 13441 13442 13448 13449 13450 13451 13541 \
	13542 13551 13639 13640 13641 13651 13732 13733 13734 13735 13751 \
	13832 13835 13848 13851 13932 13935 13948 13949 13950 13951 13952 \
	14015 14016 14017 14018 14019 14020 14021 14022 14023 14030 14031 \
	14032 14035 14048 14052 14115 14116 14117 14123 14124 14125 14126 \
	14127 14128 14129 14130 14135 14148 14150 14151 14152 14207 14210 \
	14211 14212 14213 14214 14215 14216 14217 14223 14235 14248 14249 \
	14250 14307 14308 14309 14310 14311 14312 14313 14323 14335 14348 \
	14349 14407 14408 14409 14410 14423 14435 14448 14449 14507 14508 \
	14509 14523 14535 14548 14549 14607 14608 14609 14610 14611 14623 \
	14635 14646 14647 14648 14649 14650 14651 14706 14707 14708 14711 \
	14720 14721 14722 14723 14735 14746 14747 14748 14749 14750 14751 \
	14806 14807 14808 14811 14815 14820 14835 14846 14847 14848 14849 \
	14850 14851 14907 14911 14915 14920 14935 14936 14937 14938 14939 \
	14940 14941 14942 14943 14944 14945 14946 14947 14948 14949 14950 \
	14951 15007 15011 15015 15020 15045 15046 15047 15048 15049 15050 \
	15051 15107 15111 15112 15113 15114 15115 15116 15117 15118 15119 \
	15120 15145 15146 15147 15148 15149 15150 15151 15207 15215 15246 \
	15247 15248 15249 15250 15251 15252 15307 15308 15309 15310 15315 \
	15347 15348 15349 15350 15351 15352 15408 15410 15415 15447 15448 \
	15449 15450 15451 15452 15508 15509 15510 15515 15549 15550 15551 \
	15552 15610 15615 15650 15651 15652 15653 15654 15655 15656 15657 \
	15658 15659 15660 15661 15662 15710 15715 15752 15753 15762 15763 \
	15764 15765 15766 15810 15815 15852 15853 15854 15866 15910 15915 \
	15952 15954 15966 16010 16015 16052 16053 16054 16066 16067 16070 \
	16110 16115 16153 16154 16167 16168 16170 16210 16211 16212 16213 \
	16214 16215 16253 16254 16268 16269 16270 16353 16354 16369 16370 \
	16371 16372 16453 16454 16469 16470 16569 16570 16669 16670 16770 \
	16870 16969 16970 17070 17170 17270 17370 17470 17568 17569 17570 \
	17668 17768 17846 17847 17848 17849 17850 17851 17852 17853 17854 \
	17855 17856 17857 17858 17859 17860 17861 17862 17863 17864 17865 \
	17866 17867 17868 17946 17947 17948 17949 17950 18049 18050 20745 \
	21922 22674 23345 26248 26323 28599 29723 31408 31620 34838 35157 \
	36118 36545 36700 39378 40791 40804 42384 43386 43401 43813 43992 \
	44086 48806 49421 57012 57061 57081 57140 57149 57166 57397 57622 \
	57679 57747 57757 57798 57842 58013 58288 58323 58324 58423 58601 \
	58635 58758 61112 62573 62884 64299 64959 65502 65749 67062 67309 \
	67725 69581 70480 70500 71270 73593 74124 74206 76967 77423 89010 \
	92416 120152 
 un 96859 131218 82992 86175 83619 104673 118123 146596 147109 \
	82291 149031 132130 97797 
 uf 132325 110627 114467 104529 123102 
 am 6625 1 
CO
 li accept 0 0
 ar 0 0 0 0 0 0 0 0
 st 1

96859 char 0
na Black Dragon
il	1 1500 \
	54 17
LI
 wh 58423
CH
 lo 54936
 he 100
 lk 3
 lr 87
 sl	610 2 21 0 0 \
	650 2 28 0 0 \
	654 2 28 6 0 \
	600 2 21 0 0
 bp 50
 at 80
 df 80
MI
 ds Greyfell Dragons
CO
 li breed 54 54
 ar 54 54 0 0 0 0 0 0
 cs 2
 wa 3
 st 1
 de 3
 pr 3

131218 char 0
na Red Knight
il	54 11
LI
 wh 58423
CH
 lo 54936
 he 100
 lk 3
 lr 89
 sl	610 2 21 0 0 \
	650 2 28 0 0 \
	654 2 28 5 0 \
	611 2 28 0 0 \
	600 2 21 0 0 \
	601 1 3 0 0
 bp 50
 at 80
 df 80
MI
 ds Greyfell Dragons
CO
 li breed 54 54
 ar 54 54 0 0 0 0 0 0
 cs 2
 wa 3
 st 1
 de 3
 pr 3

82992 char 0
na Red Dragon
il	54 16
LI
 wh 58423
CH
 lo 54936
 he 100
 lk 2
 lr 1
 sl	610 2 21 2 0 \
	650 2 28 0 0 \
	653 2 28 0 0 \
	652 2 28 0 0 \
	611 2 28 0 0 \
	630 2 28 0 0 \
	612 2 28 0 0 \
	657 2 21 0 0 \
	614 2 14 3 0 \
	641 2 28 1 0 \
	654 2 28 10 0 \
	730 2 21 0 0 \
	733 2 14 0 0 \
	732 2 14 0 0 \
	655 2 14 0 0 \
	600 2 21 0 0 \
	601 2 14 0 0 \
	602 2 14 0 0
 bp 50
 at 80
 df 105
MI
 ds Greyfell Dragons
CO
 li move out
 ar 0 8 58423 0 0 0 61112 1
 st 1
 ue 1
 pr 2

86175 char 0
na Black Bart
il	54 60
LI
 wh 14508
CH
 lo 54936
 he 100
 lk 2
 lr 1
 sl	610 2 21 0 0 \
	611 2 28 0 0 \
	617 2 14 0 0 \
	612 2 28 0 0 \
	650 2 28 0 0 \
	654 2 28 61 0 \
	600 2 21 0 0 \
	601 2 14 0 0 \
	653 2 28 0 0 \
	630 2 28 0 0 \
	641 2 28 2 0 \
	651 2 21 0 0 \
	652 2 28 0 0 \
	602 2 14 0 0
 bp 50
 at 80
 df 80
CM
 hs 1
MI
 ds wearing a grim smile
CO
 li breed 54 54
 ar 54 54 0 0 0 0 0 0
 cs 2
 wa 1
 st 1
 ue 1
 de 5
 pr 3

83619 char 0
na Blue Dragon
il	1 4120 \
	10 5 \
	19 10 \
	20 25 \
	54 6
LI
 wh 14609
CH
 lo 54936
 he 100
 lk 3
 lr 71
 sl	600 2 21 0 0 \
	610 2 21 2 0 \
	630 2 28 0 0 \
	611 2 28 0 0 \
	601 2 14 2 0 \
	602 2 14 0 0 \
	730 2 21 0 0 \
	731 2 14 0 0 \
	732 2 14 0 0 \
	700 2 21 0 0 \
	701 2 14 0 0 \
	702 2 14 2 0
 bp 50
 at 80
 df 80
 ct 51665 
MI
 ds Greyfell Dragon
CO
 li study 701
 ar 701 0 0 0 0 0 0 0
 wa 7
 po 1
 pr 3

104673 char 0
na Green Knight
il	54 19
LI
 wh 14609
CH
 lo 54936
 he 100
 lk 3
 lr 88
 sl	610 2 21 0 0 \
	650 2 28 0 0 \
	611 2 28 0 0 \
	654 2 28 7 0 \
	653 2 28 0 0
 bp 50
 at 80
 df 80
MI
 ds Greyfell Lord
CO
 li breed 54 54
 ar 54 54 0 0 0 0 0 0
 cs 2
 wa 5
 st 1
 de 1
 pr 3

118123 char 0
na White Dragon
il	54 3
LI
 wh 14609
CH
 lo 54936
 he 100
 lk 3
 lr 91
 sl	610 2 21 0 0 \
	650 2 28 0 0 \
	611 2 28 0 0 \
	654 2 28 5 0
 bp 50
 at 80
 df 80
MI
 ds Greyfell Dragons
CO
 li breed 54 54
 ar 54 54 0 0 0 0 0 0
 cs 2
 wa 1
 st 1
 de 5
 pr 3

146596 char 0
na Black queen
il	1 100 \
	54 39
LI
 wh 14609
CH
 lo 54936
 he 100
 lk 3
 lr 89
 sl	610 2 21 0 0 \
	650 2 28 0 0 \
	611 2 28 0 0 \
	614 2 14 1 0 \
	654 2 28 5 0 \
	653 2 28 0 0
 bp 50
 at 80
 df 89
CO
 li breed 54 54
 ar 54 54 0 0 0 0 0 0
 wa 7
 st 1
 ue 1
 pr 3

147109 char 0
na White Knight
il	54 4
LI
 wh 14609
CH
 lo 54936
 he 100
 lk 3
 lr 91
 sl	610 2 21 0 0 \
	650 2 28 0 0 \
	611 2 28 0 0 \
	654 2 28 5 0 \
	600 2 21 0 0
 bp 50
 at 80
 df 80
CO
 li give 146596 54 0 3
 ar 146596 54 0 3 0 0 0 0
 st 1
 pr 1

82291 char 0
na Yellow Jacket
il	1 131 \
	11 9 \
	19 10 \
	54 5 \
	77 37
LI
 wh 14708
CH
 lo 54936
 he 100
 lk 3
 lr 71
 sl	600 2 21 0 0 \
	610 2 21 3 0 \
	630 2 28 0 0 \
	602 2 14 1 0 \
	700 2 21 0 0 \
	702 2 14 1 0 \
	601 2 14 1 0 \
	603 1 7 0 0
 bp 50
 at 80
 df 80
MI
 ds Even A Bee can Sting a Bear
CO
 li move out
 ar 0 8 14708 0 0 2 57397 0
 st 1
 de 2
 pr 2

149031 char 0
na Lilith
il	1 177 \
	12 10
LI
 wh 4114
CH
 lo 54936
 he 100
 lk 3
 lr 86
 sl	610 2 21 2 0 \
	730 2 21 0 0 \
	611 2 28 0 0 \
	732 1 7 0 0 \
	600 1 10 0 0
 bp 50
 at 80
 df 30
 dt 230 17 6887
MI
 ds Dragon Lady in Leather
CO
 li study 600
 ar 600 0 0 0 0 0 0 0
 cs 2
 wa 4
 st 1
 de 3
 po 1
 pr 3

132130 char 0
na Sex Slave
il	1 5944 \
	12 20 \
	54 44
ah 4646 84005 99866 
LI
 wh 17846
 hl 4646 
CH
 lo 54936
 he 100
 lk 2
 lr 1
 sl	610 2 21 7 0 \
	616 2 14 0 0 \
	650 2 28 0 0 \
	654 2 28 34 0 \
	617 2 14 0 0 \
	653 2 28 0 0 \
	611 2 28 0 0 \
	652 2 28 0 0
 bp 50
 at 80
 df 80
MI
 ds Dragon Lady in Leather
CO
 li train 12 0
 ar 12 0 0 10 0 0 0 0
 st 1
 de 10
 po 1
 pr 3

97797 char 0
na Samantha
il	1 138 \
	10 34 \
	12 15
LI
 wh 17946
CH
 lo 54936
 he 100
 lk 3
 lr 85
 sl	610 2 21 1 0 \
	730 2 21 0 0 \
	731 1 8 0 0 \
	611 2 28 0 0 \
	732 2 14 0 0 \
	733 2 14 0 0
 mo 7796
 bp 50
 at 80
 df 30
 dt 230 17 6887
MI
 ds Dragon Lady in Leather
CO
 li move n
 ar 0 1 17846 0 0 12 17946 0
 cs 2
 wa 7
 st 1
 de 5
 pr 2

