54935 player pl_regular
na Mantu Rangers
il	1 2334
an 54935 
CH
PL
 fn Bob Barbour
 em humakt2@hotmail.com,2thdoc@home.com
 ve 2thdoc@home.com
 pw hosteen~hot shells
 np 7
 ft 14
 so 1
 lt 260
 kn 69 600 601 602 603 610 611 612 613 614 \
	615 616 617 630 631 632 633 634 635 636 637 \
	639 641 650 651 652 653 654 655 656 657 658 \
	659 661 670 671 672 673 674 675 676 680 681 \
	682 690 691 692 693 694 695 696 697 700 701 \
	702 703 704 705 706 707 720 721 722 723 730 \
	731 732 733 800 801 802 803 804 805 806 807 \
	808 809 811 812 813 814 820 821 822 823 824 \
	825 826 827 828 829 831 832 833 840 841 842 \
	843 844 845 846 847 848 849 851 852 860 861 \
	862 863 864 865 866 867 868 869 871 872 880 \
	881 882 883 884 885 886 887 888 889 891 892 \
	893 894 900 901 902 903 904 905 906 907 908 \
	909 911 920 921 922 1400 1714 4681 5353 5532 5895 \
	6160 8170 8534 8951 9353 9572 9896 10162 10163 10164 10165 \
	10262 10265 10266 10267 10352 10353 10354 10362 10365 10366 10367 \
	10452 10454 10456 10457 10458 10459 10462 10465 10466 10467 10468 \
	10469 10552 10554 10556 10559 10562 10565 10566 10567 10568 10569 \
	10650 10652 10653 10654 10656 10659 10662 10665 10666 10667 10668 \
	10669 10748 10749 10750 10751 10752 10753 10754 10756 10759 10762 \
	10765 10766 10767 10768 10769 10849 10853 10854 10856 10859 10862 \
	10865 10866 10867 10868 10869 10949 10953 10954 10956 10959 10962 \
	10965 10966 10967 10968 10969 11049 11053 11054 11056 11059 11062 \
	11065 11066 11067 11068 11069 11149 11150 11151 11152 11153 11154 \
	11155 11156 11159 11162 11165 11166 11167 11168 11169 11249 11252 \
	11253 11254 11255 11256 11257 11258 11259 11260 11261 11262 11265 \
	11266 11267 11268 11269 11349 11359 11360 11361 11362 11363 11364 \
	11365 11366 11367 11368 11369 11449 11549 11647 11648 11649 11747 \
	11749 11847 11849 11947 11949 12046 12047 12049 12146 12149 12246 \
	12249 12345 12346 12347 12348 12349 12445 12446 12545 12546 12645 \
	12646 12745 12746 12845 12846 12945 12946 13045 13046 13145 13146 \
	13245 13246 13345 13346 13347 13348 13349 13350 13351 13446 13447 \
	13448 13449 13450 13452 13453 13454 13455 13550 13555 13650 13651 \
	13652 13653 13654 13655 13755 13855 13856 13857 13858 13859 13860 \
	13955 13956 13957 13958 13959 13960 13961 13962 13963 14055 14056 \
	14057 14058 14059 14060 14061 14062 14063 14105 14151 14152 14153 \
	14154 14155 14156 14157 14158 14159 14160 14161 14162 14163 14164 \
	14165 14166 14167 14168 14169 14170 14171 14172 14202 14203 14204 \
	14205 14206 14207 14208 14251 14252 14253 14254 14255 14256 14257 \
	14258 14259 14260 14261 14262 14263 14264 14265 14266 14267 14268 \
	14271 14272 14273 14274 14275 14303 14304 14305 14308 14351 14352 \
	14353 14354 14355 14356 14357 14358 14359 14360 14361 14362 14363 \
	14364 14365 14366 14367 14368 14369 14370 14371 14372 14373 14375 \
	14404 14405 14406 14407 14408 14451 14452 14453 14454 14455 14456 \
	14457 14458 14459 14460 14461 14462 14463 14464 14465 14466 14467 \
	14468 14469 14470 14471 14472 14473 14474 14475 14476 14505 14507 \
	14508 14509 14510 14511 14549 14550 14551 14552 14553 14554 14555 \
	14556 14557 14558 14559 14560 14561 14562 14563 14564 14565 14566 \
	14567 14568 14569 14570 14571 14572 14573 14574 14575 14576 14577 \
	14605 14607 14608 14611 14649 14650 14651 14652 14653 14654 14657 \
	14658 14659 14660 14661 14662 14663 14664 14665 14666 14667 14668 \
	14669 14670 14671 14672 14674 14675 14677 14678 14705 14706 14707 \
	14708 14711 14749 14750 14751 14752 14753 14754 14755 14756 14757 \
	14758 14759 14760 14761 14762 14763 14764 14765 14766 14767 14768 \
	14769 14770 14771 14772 14773 14774 14775 14778 14811 14849 14850 \
	14851 14852 14853 14854 14855 14856 14857 14858 14859 14860 14861 \
	14862 14863 14864 14865 14866 14867 14868 14869 14870 14871 14872 \
	14878 14911 14946 14947 14948 14949 14950 14951 14952 14953 14954 \
	14955 14956 14957 14958 14959 14960 14961 14962 14963 14964 14965 \
	14967 14968 14969 14970 14971 14972 14973 14974 14975 14976 14978 \
	15011 15044 15045 15046 15047 15048 15050 15051 15052 15053 15054 \
	15057 15058 15059 15060 15061 15062 15063 15064 15065 15066 15067 \
	15068 15069 15070 15071 15072 15073 15074 15075 15076 15078 15111 \
	15144 15145 15146 15147 15150 15153 15154 15155 15156 15157 15158 \
	15159 15160 15161 15162 15163 15164 15165 15166 15167 15168 15169 \
	15170 15171 15172 15174 15175 15176 15177 15178 15211 15212 15213 \
	15214 15215 15216 15217 15245 15246 15247 15250 15253 15254 15257 \
	15258 15259 15260 15261 15262 15263 15264 15265 15266 15267 15268 \
	15269 15270 15271 15272 15273 15274 15275 15276 15277 15278 15317 \
	15346 15347 15348 15349 15350 15352 15353 15354 15355 15356 15357 \
	15359 15360 15361 15362 15363 15364 15365 15366 15367 15368 15369 \
	15370 15371 15372 15373 15374 15375 15376 15377 15417 15447 15448 \
	15449 15450 15451 15452 15453 15454 15455 15456 15457 15458 15459 \
	15460 15461 15462 15463 15464 15465 15466 15467 15468 15469 15470 \
	15471 15472 15473 15476 15517 15552 15553 15554 15555 15556 15557 \
	15558 15559 15560 15561 15562 15563 15564 15565 15566 15567 15568 \
	15569 15570 15571 15572 15573 15574 15576 15617 15654 15655 15656 \
	15657 15658 15659 15660 15661 15662 15663 15664 15665 15666 15667 \
	15668 15669 15670 15671 15672 15673 15674 15675 15676 15684 15685 \
	15686 15687 15688 15717 15760 15761 15762 15763 15764 15765 15766 \
	15767 15768 15769 15770 15771 15772 15773 15774 15775 15776 15777 \
	15778 15779 15780 15781 15782 15783 15784 15785 15788 15817 15860 \
	15861 15862 15863 15864 15865 15866 15867 15868 15869 15870 15887 \
	15888 15917 15960 15961 15962 15965 15966 15968 15969 15970 15982 \
	15983 15984 15985 15986 15987 16017 16061 16062 16065 16066 16067 \
	16068 16069 16070 16071 16072 16073 16074 16075 16076 16077 16078 \
	16079 16080 16081 16082 16117 16161 16162 16165 16166 16167 16168 \
	16169 16170 16171 16179 16180 16181 16217 16261 16262 16263 16264 \
	16265 16266 16268 16270 16271 16279 16317 16361 16362 16363 16364 \
	16365 16366 16367 16368 16369 16370 16371 16372 16373 16374 16379 \
	16417 16462 16466 16467 16468 16471 16472 16473 16474 16475 16476 \
	16477 16479 16517 16562 16568 16571 16574 16575 16576 16577 16578 \
	16579 16617 16662 16668 16671 16672 16673 16674 16675 16676 16677 \
	16678 16679 16717 16762 16768 16771 16772 16773 16774 16775 16817 \
	16862 16868 16871 16872 16917 16962 16963 16964 16965 16966 16967 \
	16968 16969 16970 16971 17017 17062 17068 17070 17071 17117 17162 \
	17168 17170 17171 17217 17262 17268 17270 17271 17317 17362 17368 \
	17370 17371 17417 17462 17468 17470 17471 17517 17564 17565 17566 \
	17567 17568 17569 17570 17571 17572 17573 17574 17575 17576 17577 \
	17578 17579 17580 17581 17582 17583 17584 17617 17618 17633 17634 \
	17635 17636 17637 17638 17662 17663 17664 17665 17666 17667 17668 \
	17670 17671 17672 17673 17674 17675 17676 17677 17678 17679 17680 \
	17681 17682 17683 17684 17685 17718 17719 17731 17732 17733 17734 \
	17735 17736 17737 17738 17762 17765 17768 17770 17771 17772 17773 \
	17774 17775 17776 17777 17778 17779 17785 17786 17819 17831 17832 \
	17833 17834 17835 17836 17837 17838 17839 17840 17841 17842 17843 \
	17844 17845 17846 17847 17848 17849 17850 17851 17852 17853 17854 \
	17855 17856 17857 17858 17862 17865 17866 17867 17868 17869 17870 \
	17871 17872 17873 17874 17875 17876 17877 17878 17879 17886 17887 \
	17919 17932 17933 17934 17935 17936 17937 17938 17939 17940 17941 \
	17942 17944 17945 17946 17950 17951 17954 17957 17958 17959 17960 \
	17961 17962 17963 17964 17965 17966 17967 17968 17969 17987 18019 \
	18033 18034 18035 18036 18037 18038 18039 18040 18041 18042 18044 \
	18051 18052 18053 18054 18065 18066 18067 18068 18069 18087 18088 \
	18119 18133 18134 18135 18136 18137 18138 18139 18140 18141 18142 \
	18143 18144 18165 18166 18167 18168 18188 18219 18235 18236 18237 \
	18238 18239 18240 18241 18242 18243 18244 18276 18286 18287 18288 \
	18319 18335 18336 18337 18338 18339 18340 18341 18342 18343 18344 \
	18345 18346 18347 18348 18349 18351 18386 18413 18414 18415 18416 \
	18417 18418 18419 18420 18421 18422 18423 18424 18425 18426 18427 \
	18428 18429 18430 18431 18432 18433 18434 18435 18436 18437 18438 \
	18439 18440 18441 18442 18443 18444 18445 18446 18447 18448 18449 \
	18450 18451 18486 18513 18514 18515 18516 18517 18519 18528 18529 \
	18530 18535 18536 18537 18538 18539 18540 18541 18542 18543 18544 \
	18551 18584 18585 18586 18608 18609 18610 18611 18612 18613 18614 \
	18615 18616 18617 18619 18630 18631 18651 18684 18708 18709 18710 \
	18711 18712 18713 18714 18717 18719 18731 18732 18751 18782 18783 \
	18784 18808 18809 18810 18811 18812 18813 18814 18817 18819 18832 \
	18851 18881 18882 18908 18909 18910 18911 18912 18913 18914 18917 \
	18919 18920 18932 18951 18979 18980 18981 19008 19009 19010 19011 \
	19012 19013 19014 19017 19020 19021 19031 19032 19051 19077 19078 \
	19079 19108 19109 19110 19111 19112 19113 19114 19115 19116 19117 \
	19118 19119 19120 19121 19122 19123 19124 19125 19126 19127 19128 \
	19129 19130 19131 19151 19152 19153 19154 19155 19156 19157 19158 \
	19159 19160 19161 19162 19163 19164 19175 19176 19177 19217 19221 \
	19264 19265 19266 19267 19268 19274 19275 19317 19321 19366 19367 \
	19368 19369 19370 19371 19372 19373 19374 19417 19421 19466 19467 \
	19472 19473 19517 19521 19522 19617 19622 19623 19717 19718 19719 \
	19720 19721 19722 19723 20906 21177 21240 21987 22538 24154 24672 \
	26112 26195 28740 31733 32692 34462 36093 37606 37633 38322 40584 \
	40920 43294 48231 49218 49423 56761 56765 56848 57011 57012 57061 \
	57081 57143 57189 57224 57246 57266 57293 57294 57345 57368 57371 \
	57397 57401 57422 57430 57477 57496 57553 57686 57731 57798 57842 \
	57870 57874 57885 57893 57924 57958 58006 58013 58054 58070 58073 \
	58112 58200 58288 58323 58370 58424 58427 58493 58521 58527 58562 \
	58600 58601 58615 58635 58643 58716 58728 58736 59101 59516 60184 \
	60455 60558 60611 60782 61096 61244 62026 62113 62195 62370 62744 \
	62870 62936 63099 63132 63225 63252 64297 64442 64790 64792 65516 \
	66044 66698 66764 66791 67041 67271 67358 67953 68240 68333 68472 \
	68708 68893 69148 69230 69479 69668 69764 69979 70123 70232 71068 \
	71228 72124 72232 72391 72406 72677 72724 72743 72824 73102 73341 \
	73781 73846 74157 74206 74213 74437 74479 74626 74666 75162 75428 \
	75452 75475 75855 76458 77580 77606 78554 78747 78835 
 un 5492 6890 5374 6451 7441 68748 7440 5042 9854 \
	9828 77562 4923 6183 5943 6411 
 uf 77101 74665 67139 76027 77408 
 am 1055 0 50535 50837 51323 53249 54295 54172 54935 \
	55263 55275 56297 56309 56455 56746 
 am 1071 1 
 am 1127 0 50535 50837 51323 53249 54295 54172 54935 \
	55263 55275 56297 56309 56455 56746 
 am 1152 1 
 am 1206 1 
 am 1267 1 
 am 1362 1 
 am 1400 1 
 am 1585 1 
 am 1685 0 50535 50837 51323 53249 54295 54172 54935 \
	55263 55275 56297 56309 56455 56746 
 am 1712 0 50535 50837 51323 53249 54172 54295 54404 \
	54597 54587 54935 55263 55275 56297 56309 56455 56746 
 am 1714 1 
 am 1742 1 
 am 1843 1 
 am 1856 0 50535 50837 51323 53249 54295 54172 54935 \
	55263 55275 56297 56309 56455 56746 
 am 2068 0 50535 50837 51323 53249 54295 54172 54935 \
	55263 55275 56297 56309 56455 56746 
 am 2069 1 
 am 2136 1 
 am 2391 0 50535 50837 51323 53249 54295 54172 54935 \
	55263 55275 56297 56309 56455 56746 
 am 2444 1 
 am 2468 0 50535 50837 51323 53249 54172 54295 54404 \
	54597 54587 54935 55263 55275 56297 56309 56455 56746 
 am 2509 0 50535 50837 51323 53249 54295 54172 54935 \
	55263 55275 56297 56309 56455 56746 
 am 2626 0 50535 50837 51323 53249 54172 54295 54587 \
	54935 55263 55275 56297 56309 56455 56746 
 am 3070 1 
 am 3084 0 50535 50837 51323 53249 54295 54172 54935 \
	55263 55275 56297 56309 56455 56746 
 am 3287 0 50535 50837 51323 53249 54172 54295 54404 \
	54597 54587 54935 55263 55275 56297 56309 56455 56746 
 am 3852 1 
 am 3869 0 50535 50837 51323 53249 54295 54172 54935 \
	55263 55275 56297 56309 56455 56746 
 am 4036 1 
 am 4303 1 
 am 4399 0 50535 50837 51323 53249 54295 54172 54935 \
	55263 55275 56297 56309 56455 56746 
 am 4681 0 50535 50837 51323 53249 54172 54295 54404 \
	54597 54587 54935 55263 55275 56297 56309 56455 56746 
 am 4768 1 
 am 4923 0 50535 50837 51323 53249 54172 54295 54587 \
	54935 55263 55275 56297 56309 56455 56746 
 am 4933 1 
 am 5042 0 50535 50837 51323 53249 54172 54295 54587 \
	54935 55263 55275 56297 56309 56455 56746 
 am 5353 1 
 am 5374 0 50535 50837 51323 53249 54172 54295 54587 \
	54935 55263 55275 56297 56309 56455 56746 
 am 5492 0 50535 50837 51323 53249 54172 54295 54587 \
	54935 55263 55275 56297 56309 56455 56746 
 am 5532 0 50535 50837 51323 53249 54295 54172 54935 \
	55263 55275 56297 56309 56455 56746 
 am 5739 0 50535 50837 51323 53249 54295 54172 54935 \
	55263 55275 56297 56309 56455 56746 
 am 5787 1 
 am 5895 0 50535 50837 51323 53249 54172 54295 54404 \
	54597 54587 54935 55263 55275 56297 56309 56455 56746 
 am 5943 0 50535 50837 51323 53249 54172 54295 54587 \
	54935 55263 55275 56297 56309 56455 56746 
 am 6134 0 50535 50837 51323 53249 54295 54172 54935 \
	55263 55275 56297 56309 56455 56746 
 am 6138 0 50535 50837 51323 53249 54295 54172 54935 \
	55263 55275 56297 56309 56455 56746 
 am 6160 0 50333 50535 50797 50837 51323 51665 51853 \
	53249 53513 53627 54172 54295 54404 54597 54587 54935 54948 55115 \
	55263 55275 55705 56223 56297 56309 56363 56455 56746 
 am 6183 0 50535 50837 51323 53249 54172 54295 54587 \
	54935 55263 55275 56297 56309 56455 56746 
 am 6247 0 50535 50837 51323 53249 54295 54172 54935 \
	55263 55275 56297 56309 56455 56746 
 am 6411 0 50535 50837 51323 53249 54172 54295 54587 \
	54935 55263 55275 56297 56309 56455 56746 
 am 6451 0 50535 50837 51323 53249 54172 54295 54587 \
	54935 55263 55275 56297 56309 56455 56746 
 am 6575 1 
 am 6821 1 
 am 6852 0 50535 50837 51323 53249 54295 54172 54935 \
	55263 55275 56297 56309 56455 56746 
 am 6890 0 50535 50837 51323 53249 54172 54295 54587 \
	54935 55263 55275 56297 56309 56455 56746 
 am 7301 1 
 am 7440 0 50535 50837 51323 53249 54172 54295 54587 \
	54935 55263 55275 56297 56309 56455 56746 
 am 7441 0 50535 50837 51323 53249 54172 54295 54587 \
	54935 55263 55275 56297 56309 56455 56746 
 am 7699 0 50535 50837 51323 53249 54295 54172 54935 \
	55263 55275 56297 56309 56455 56746 
 am 7769 0 50535 50837 51323 53249 54295 54172 54935 \
	55263 55275 56297 56309 56455 56746 
 am 7879 1 
 am 7911 1 
 am 8130 0 50535 50837 51323 53249 54295 54172 54935 \
	55263 55275 56297 56309 56455 56746 
 am 8831 0 50535 50837 51323 53249 54172 54295 54404 \
	54597 54587 54935 55263 55275 56297 56309 56455 56746 
 am 8951 1 
 am 9022 0 50535 50837 51323 53249 54295 54172 54935 \
	55263 55275 56297 56309 56455 56746 
 am 9310 0 50535 50837 51323 53249 54295 54172 54935 \
	55263 55275 56297 56309 56455 56746 
 am 9516 1 
 am 9549 0 50535 50837 51323 53249 54172 54295 54404 \
	54597 54587 54935 55263 55275 56297 56309 56455 56746 
 am 9714 1 
 am 9828 0 50535 50837 51323 53249 54172 54295 54587 \
	54935 55263 55275 56297 56309 56455 56746 
 am 9835 1 
 am 9854 0 50535 50837 51323 53249 54172 54295 54587 \
	54935 55263 55275 56297 56309 56455 56746 
 am 9896 1 
 am 56814 1 
 am 57165 0 50535 50837 51323 53249 54295 54172 54935 \
	55263 55275 56297 56309 56455 56746 
 am 57266 1 
 am 57294 1 
 am 57477 1 
 am 57496 1 
 am 57539 1 
 am 57686 0 50535 50837 51323 53249 54295 54172 54935 \
	55263 55275 56297 56309 56455 56746 
 am 57731 0 50535 50837 51323 53249 54295 54172 54935 \
	55263 55275 56297 56309 56455 56746 
 am 57798 0 50535 50837 51323 53249 54295 54172 54935 \
	55263 55275 56297 56309 56455 56746 
 am 57826 1 
 am 57870 1 
 am 57885 0 50535 50837 51323 53249 54295 54172 54935 \
	55263 55275 56297 56309 56455 56746 
 am 58006 0 50535 50837 51323 53249 54295 54172 54935 \
	55263 55275 56297 56309 56455 56746 
 am 58073 0 50535 50837 51323 53249 54295 54172 54935 \
	55263 55275 56297 56309 56455 56746 
 am 58270 1 
 am 58315 1 
 am 58323 0 50535 50837 51323 53249 54295 54172 54935 \
	55263 55275 56297 56309 56455 56746 
 am 58349 1 
 am 58493 0 50535 50837 51323 53249 54295 54172 54935 \
	55263 55275 56297 56309 56455 56746 
 am 58615 0 50535 50837 51323 53249 54295 54172 54935 \
	55263 55275 56297 56309 56455 56746 
 am 58643 1 
 am 58716 1 
 am 58736 0 50535 50837 51323 54172 54935 55263 55275 \
	56297 56309 56455 
 am 58755 1 
 am 59101 0 50535 50837 51323 53249 54295 54172 54935 \
	55263 55275 56297 56309 56455 56746 
 am 59516 0 50535 50837 51323 53249 54295 54172 54935 \
	55263 55275 56297 56309 56455 56746 
 am 59552 0 50535 50837 51323 53249 54295 54172 54935 \
	55263 55275 56297 56309 56455 56746 
 am 60621 1 
 am 61096 1 
 am 62345 0 50535 50837 51323 53249 54295 54172 54935 \
	55263 55275 56297 56309 56455 56746 
 am 62449 0 50535 50837 51323 53249 54295 54172 54935 \
	55263 55275 56297 56309 56455 56746 
 am 62492 1 
 am 62497 1 
 am 62796 0 50535 50837 51323 53249 54295 54172 54935 \
	55263 55275 56297 56309 56455 56746 
 am 63602 0 50535 50837 51323 53249 54295 54172 54935 \
	55263 55275 56297 56309 56455 56746 
 am 63667 1 
 am 64121 1 
 am 64596 0 50535 50837 51323 53249 54295 54172 54935 \
	55263 55275 56297 56309 56455 56746 
 am 64812 1 
 am 65369 1 
 am 65374 1 
 am 65403 1 
 am 66084 1 
 am 66105 1 
 am 66185 1 
 am 66262 0 50535 50837 51323 53249 54295 54172 54935 \
	55263 55275 56297 56309 56455 56746 
 am 66303 0 50535 50837 51323 53249 54295 54172 54935 \
	55263 55275 56297 56309 56455 56746 
 am 66688 1 
 am 66791 1 
 am 66799 1 
 am 67471 1 
 am 68095 1 
 am 68249 1 
 am 68708 0 50535 50837 51323 53249 54295 54172 54935 \
	55263 55275 56297 56309 56455 56746 
 am 69593 1 
 am 70102 0 50535 50837 51323 53249 54295 54172 54935 \
	55263 55275 56297 56309 56455 56746 
 am 70123 0 50535 50837 51323 53249 54295 54172 54935 \
	55263 55275 56297 56309 56455 56746 
 am 70255 0 50535 50837 51323 53249 54295 54172 54935 \
	55263 55275 56297 56309 56455 56746 
 am 70266 1 
 am 70370 1 
 am 70385 0 50535 50837 51323 53249 54295 54172 54935 \
	55263 55275 56297 56309 56455 56746 
 am 70782 0 50535 50837 51323 53249 54295 54172 54935 \
	55263 55275 56297 56309 56455 56746 
 am 70883 1 
 am 71068 1 
 am 71147 0 50535 50837 51323 53249 54295 54172 54935 \
	55263 55275 56297 56309 56455 56746 
 am 71882 0 50535 50837 51323 53249 54295 54172 54935 \
	55263 55275 56297 56309 56455 56746 
 am 72081 0 50535 50837 51323 53249 54295 54172 54935 \
	55263 55275 56297 56309 56455 56746 
 am 72124 0 50535 50837 51323 53249 54295 54172 54935 \
	55263 55275 56297 56309 56455 56746 
 am 72149 0 50535 50837 51323 53249 54172 54295 54404 \
	54597 54587 54935 55263 55275 56297 56309 56455 56746 
 am 72380 0 50535 50837 51323 53249 54295 54172 54935 \
	55263 55275 56297 56309 56455 56746 
 am 72727 1 
 am 72824 1 
 am 73102 1 
 am 73104 0 50535 50837 51323 53249 54172 54295 54404 \
	54597 54587 54935 55263 55275 56297 56309 56455 56746 
 am 73454 0 50535 50837 51323 53249 54295 54172 54935 \
	55263 55275 56297 56309 56455 56746 
 am 74441 1 
 am 74490 0 50535 50837 51323 53249 54172 54295 54404 \
	54597 54587 54935 55263 55275 56297 56309 56455 56746 
 am 74578 0 50535 50837 51323 53249 54295 54172 54935 \
	55263 55275 56297 56309 56455 56746 
 am 74786 0 50535 50837 51323 53249 54295 54172 54935 \
	55263 55275 56297 56309 56455 56746 
 am 75926 1 
 am 76425 0 50535 50837 51323 53249 54295 54172 54935 \
	55263 55275 56297 56309 56455 56746 
 am 77285 0 50535 50837 51323 53249 54295 54172 54935 \
	55263 55275 56297 56309 56455 56746 
 am 77562 0 50535 50837 51323 53249 54172 54295 54587 \
	54935 55263 55275 56297 56309 56455 56746 
 am 77698 0 50535 50837 51323 53249 54295 54172 54935 \
	55263 55275 56297 56309 56455 56746 
 am 77895 0 50535 50837 51323 53249 54295 54172 54935 \
	55263 55275 56297 56309 56455 56746 
 am 78217 1 
 am 78462 1 
 am 78524 0 50535 50837 51323 53249 54172 54295 54587 \
	54935 55263 55275 56297 56309 56455 56746 
 am 78554 0 50535 50837 51323 53249 54295 54172 54935 \
	55263 55275 56297 56309 56455 56746 
 am 78701 1 
 am 78832 0 50535 50837 51323 53249 54295 54172 54935 \
	55263 55275 56297 56309 56455 56746 
 am 78835 1 
 am 78890 1 
 am 78954 1 
 am 125522 0 50535 50837 51323 53249 54172 54295 54404 \
	54597 54587 54935 55263 55275 56297 56309 56455 56746 
CO
 li accept zy6 0
 ar 56746 0 0 0 0 0 0 0
 st 1

5492 char 0
na Ma'ii Tsoh
il	1 397 \
	54 7 \
	77 30
LI
 wh 14160
CH
 lo 54935
 he 100
 lk 3
 lr 927
 sl	630 2 28 0 0 \
	631 2 14 25 0 \
	610 2 21 50 0 \
	615 2 21 18 0 \
	700 2 21 0 0 \
	702 2 14 70 0 \
	680 2 21 1 0 \
	612 2 28 1 0 \
	682 2 14 0 0 \
	670 2 28 0 0 \
	614 2 14 48 0 \
	730 2 21 0 0 \
	733 2 14 7 0 \
	690 2 28 0 0 \
	732 2 14 9 0 \
	616 2 14 6 0 \
	617 2 14 64 0 \
	671 2 14 0 0 \
	704 2 14 0 0 \
	634 2 14 0 0 \
	705 2 14 0 0 \
	703 2 14 0 0 \
	672 2 21 0 0 \
	613 2 14 0 0 \
	701 2 14 0 0 \
	681 2 14 0 0 \
	731 2 14 0 0 \
	632 2 14 0 0 \
	673 2 14 0 0 \
	674 2 21 0 0 \
	693 2 21 0 0 \
	692 2 21 0 0 \
	691 2 21 0 0 \
	633 2 14 0 0 \
	639 2 21 0 0 \
	641 2 28 1 0 \
	635 2 28 0 0
 bh 3
 at 103
 df 162
 mi 141
 dt 206 7 6157
CM
 hs 1
 vp 1
CO
 li use 615
 ar 0 0 0 0 0 0 0 615
 cs 2
 wa 4
 st 1
 us 615
 ue 3
 de 2
 pr 3

6890 char 0
na Kweo Bichei
il	1 1697 \
	10 92 \
	11 21 \
	12 338 \
	13 125 \
	15 83 \
	16 27 \
	18 8568 \
	20 3 \
	22 827 \
	31 5454 \
	51 252 \
	53 57 \
	54 31 \
	61 67 \
	72 732 \
	73 10 \
	74 321 \
	75 957 \
	76 13 \
	77 378 \
	79 208 \
	82 39 \
	85 934 \
	94 33 \
	98 33 \
	261 1 \
	278 6 \
	280 70 \
	281 14 \
	282 327 \
	286 15 \
	288 6 \
	60538 1 \
	61015 1 \
	61182 1 \
	62190 1 \
	62290 1 \
	62987 1 \
	64622 1 \
	64974 1 \
	65031 1 \
	65642 1 \
	66405 1 \
	68602 1 \
	69056 1 \
	73792 1 \
	74409 1 \
	75813 1 \
	76364 1 \
	80014 1 \
	86565 1 \
	87607 1 \
	100259 1 \
	105801 1 \
	117589 1 \
	140511 1 \
	149134 1
tl	2 95 22 7 0 0 0 0
LI
 wh 6160
 hl 4972 6451 7441 68748 7440 71540 68083 68556 
CH
 lo 54935
 he 100
 lk 2
 lr 2
 sl	800 2 28 0 0 \
	802 2 14 60 0 \
	801 2 14 2 0 \
	803 2 14 0 0 \
	610 2 21 13 0 \
	617 2 14 2 0 \
	614 2 14 4 0 \
	612 2 28 1 0 \
	615 2 21 74 0 \
	616 2 14 9 0 \
	680 2 21 0 0 \
	730 2 21 0 0 \
	690 2 28 0 0 \
	733 2 14 0 0 \
	804 2 21 0 0 \
	805 2 14 0 0 \
	732 2 14 0 0 \
	682 2 14 0 0 \
	681 2 14 0 0 \
	731 2 14 0 0 \
	613 2 14 0 0 \
	630 2 28 0 0 \
	631 2 14 0 0 \
	634 2 14 0 0 \
	635 2 28 0 0 \
	695 2 21 3 0 \
	633 2 14 0 0 \
	806 2 21 10 0 \
	808 2 21 13 0 \
	807 2 21 6 0 \
	641 2 28 3 0 \
	632 2 14 0 0 \
	809 2 21 1 0 \
	812 2 21 0 0 \
	811 2 21 0 0 \
	814 2 21 0 0 \
	813 2 21 52 0 \
	840 2 35 0 0 \
	841 2 21 2 0 \
	691 2 21 0 0 \
	692 2 21 0 0 \
	611 2 28 0 0 \
	842 2 14 0 0 \
	849 2 21 2 0 \
	851 2 21 2 0 \
	900 2 42 0 0 \
	904 2 21 0 0 \
	905 2 21 0 0 \
	906 2 21 0 0 \
	907 2 21 0 0 \
	908 2 28 4 0 \
	909 2 21 1 0 \
	911 2 21 34 0 \
	639 2 21 0 0 \
	843 2 21 0 0 \
	844 2 21 0 0 \
	845 2 21 0 0 \
	846 2 21 0 0 \
	847 2 21 6 0 \
	848 2 21 0 0 \
	852 2 21 0 0 \
	903 2 21 23 0 \
	902 2 21 0 0 \
	860 2 0 0 0 \
	861 2 0 0 0 \
	863 2 0 0 0 \
	864 2 0 0 0 \
	865 2 0 0 0 \
	866 2 0 0 0 \
	867 2 0 0 0 \
	868 2 0 0 0 \
	869 2 0 0 0 \
	871 2 0 0 0 \
	872 2 0 0 0 \
	862 2 0 0 0 \
	650 2 0 0 0 \
	700 2 0 0 0 \
	655 2 0 0 0 \
	654 2 0 23 0 \
	653 2 0 0 0 \
	652 2 0 0 0 \
	701 2 0 0 0 \
	880 2 0 0 0 \
	920 2 0 0 0 \
	881 2 0 1 0 \
	882 2 0 0 0 \
	883 2 0 0 0 \
	884 2 0 0 0 \
	885 2 0 0 0 \
	886 2 0 0 0 \
	887 2 0 0 0 \
	888 2 0 0 0 \
	889 2 0 0 0 \
	891 2 0 0 0 \
	892 2 0 0 0 \
	893 2 0 0 0 \
	894 2 0 0 0 \
	921 2 0 0 0 \
	922 2 0 46 0 \
	901 2 28 0 0 \
	820 2 0 0 0 \
	821 2 0 0 0 \
	822 2 0 0 0 \
	825 2 0 0 0 \
	826 2 0 0 0 \
	827 2 0 0 0 \
	828 2 0 0 0 \
	829 2 0 0 0 \
	831 2 0 0 0 \
	832 2 0 0 0 \
	833 2 0 0 0 \
	823 2 0 0 0 \
	824 2 0 0 0
 bh 3
 ra 70
 at 83
 df 95
 mi 53
 ct 8120 51323 56455 55263 50535 50837 51323 53249 54295 \
	54172 54587 54935 55263 55275 56297 56309 56455 56746 50535 50837 \
	51323 53249 54295 54172 54587 54935 55263 55275 56297 56309 56455 \
	56746 50535 50837 51323 53249 54295 54172 54587 54935 55263 55275 \
	56297 56309 56455 56746 50535 50837 51323 53249 54295 54172 54587 \
	54935 55263 55275 56297 56309 56455 56746 50535 50837 51323 53249 \
	54295 54172 54587 54935 55263 55275 56297 56309 56455 56746 50535 \
	50837 51323 53249 54295 54172 54587 54935 55263 55275 56297 56309 \
	56455 56746 50535 50837 51323 53249 54295 54172 54587 54935 55263 \
	55275 56297 56309 56455 56746 50535 50837 51323 53249 54295 54172 \
	54587 54935 55263 55275 56297 56309 56455 56746 50535 50837 51323 \
	53249 54295 54172 54587 54935 55263 55275 56297 56309 56455 56746 \
	50535 50837 51323 53249 54295 54172 54587 54935 55263 55275 56297 \
	56309 56455 56746 50535 50837 51323 53249 54295 54172 54587 54935 \
	55263 55275 56297 56309 56455 56746 50535 50837 51323 53249 54295 \
	54172 54587 54935 55263 55275 56297 56309 56455 56746 50535 50837 \
	51323 53249 54295 54172 54587 54935 55263 55275 56297 56309 56455 \
	56746 50535 50837 51323 53249 54295 54172 54587 54935 55263 55275 \
	56297 56309 56455 56746 50535 50837 51323 53249 54295 54172 54587 \
	54935 55263 55275 56297 56309 56455 56746 50535 50837 51323 53249 \
	54295 54172 54587 54935 55263 55275 56297 56309 56455 56746 50535 \
	50837 51323 53249 54295 54172 54587 54935 55263 55275 56297 56309 \
	56455 56746 50535 50837 51323 53249 54295 54172 54587 54935 55263 \
	55275 56297 56309 56455 56746 50535 50837 51323 53249 54295 54172 \
	54587 54935 55263 55275 56297 56309 56455 56746 50535 50837 51323 \
	53249 54295 54172 54404 54587 54935 55263 55275 56297 56309 56455 \
	56746 50535 50837 51323 53249 54295 54172 54404 54587 54935 55263 \
	55275 56297 56309 56455 56746 50535 50837 51323 53249 54295 54172 \
	54404 54587 54935 55263 55275 56297 56309 56455 56746 50535 50837 \
	51323 53249 54295 54172 54404 54587 54935 55263 55275 56297 56309 \
	56455 56746 50535 50837 51323 53249 54295 54172 54404 54587 54935 \
	55263 55275 56297 56309 56455 56746 50535 50837 51323 53249 54295 \
	54172 54404 54587 54935 55263 55275 56297 56309 56455 56746 50535 \
	50837 51323 53249 54295 54172 54404 54587 54935 55263 55275 56297 \
	56309 56455 56746 50535 50837 51323 53249 54295 54172 54404 54587 \
	54935 55263 55275 56297 56309 56455 56746 50535 50837 51323 53249 \
	54295 54172 54404 54587 54935 55263 55275 56297 56309 56455 56746 \
	50535 50837 51323 53249 54295 54172 54404 54587 54935 55263 55275 \
	56297 56309 56455 56746 50535 50837 51323 53249 54295 54172 54404 \
	54587 54935 55263 55275 56297 56309 56455 56746 50535 50837 51323 \
	53249 54295 54172 54404 54587 54935 55263 55275 56297 56309 56455 \
	56746 50535 50837 51323 53249 54295 54172 54404 54587 54935 55263 \
	55275 56297 56309 56455 56746 50535 50837 51323 53249 54295 54172 \
	54404 54587 54935 55263 55275 56297 56309 56455 56746 50535 50837 \
	51323 53249 54295 54172 54404 54587 54935 55263 55275 56297 56309 \
	56455 56746 50535 50837 51323 53249 54295 54172 54404 54587 54935 \
	55263 55275 56297 56309 56455 56746 50535 50837 51323 53249 54295 \
	54172 54404 54587 54935 55263 55275 56297 56309 56455 56746 50535 \
	50837 51323 53249 54295 54172 54404 54587 54935 55263 55275 56297 \
	56309 56455 56746 50535 50837 51323 53249 54295 54172 54404 54587 \
	54935 55263 55275 56297 56309 56455 56746 50535 50837 51323 53249 \
	54295 54172 54404 54587 54935 55263 55275 56297 56309 56455 56746 \
	50535 50837 51323 53249 54295 54172 54404 54587 54935 55263 55275 \
	56297 56309 56455 56746 50535 50837 51323 53249 54295 54172 54404 \
	54587 54935 55263 55275 56297 56309 56455 56746 50535 50837 51323 \
	53249 54295 54172 54404 54587 54935 55263 55275 56297 56309 56455 \
	56746 50535 50837 51323 53249 54295 54172 54404 54587 54935 55263 \
	55275 56297 56309 56455 56746 50535 50837 51323 53249 54295 54172 \
	54404 54587 54935 55263 55275 56297 56309 56455 56746 50535 50837 \
	51323 53249 54295 54172 54404 54587 54935 55263 55275 56297 56309 \
	56455 56746 50535 50837 51323 53249 54295 54172 54404 54587 54935 \
	55263 55275 56297 56309 56455 56746 50535 50837 51323 53249 54295 \
	54172 54404 54587 54935 55263 55275 56297 56309 56455 56746 50535 \
	50837 51323 53249 54295 54172 54404 54587 54935 55263 55275 56297 \
	56309 56455 56746 50535 50837 51323 53249 54295 54172 54404 54587 \
	54935 55263 55275 56297 56309 56455 56746 50535 50837 51323 53249 \
	54295 54172 54404 54587 54935 55263 55275 56297 56309 56455 56746 \
	50535 50837 51323 53249 54295 54172 54404 54587 54935 55263 55275 \
	56297 56309 56455 56746 50535 50837 51323 53249 54295 54172 54404 \
	54587 54935 55263 55275 56297 56309 56455 56746 50535 50837 51323 \
	53249 54295 54172 54404 54587 54935 55263 55275 56297 56309 56455 \
	56746 50535 50837 51323 53249 54295 54172 54404 54587 54935 55263 \
	55275 56297 56309 56455 56746 50535 50837 51323 53249 54295 54172 \
	54404 54587 54935 55263 55275 56297 56309 56455 56746 50535 50837 \
	51323 53249 54295 54172 54404 54587 54935 55263 55275 56297 56309 \
	56455 56746 50535 50837 51323 53249 54295 54172 54404 54587 54935 \
	55263 55275 56297 56309 56455 56746 50535 50837 51323 53249 54295 \
	54172 54404 54587 54935 55263 55275 56297 56309 56455 56746 50535 \
	50837 51323 53249 54295 54172 54404 54587 54935 55263 55275 56297 \
	56309 56455 56746 50535 50837 51323 53249 54295 54172 54404 54587 \
	54935 55263 55275 56297 56309 56455 56746 50535 50837 51323 53249 \
	54295 54172 54404 54587 54935 55263 55275 56297 56309 56455 56746 \
	50535 50837 51323 53249 54295 54172 54404 54587 54935 55263 55275 \
	56297 56309 56455 56746 50535 50837 51323 53249 54295 54172 54404 \
	54587 54597 54935 55263 55275 56297 56309 56455 56746 50535 50837 \
	51323 53249 54295 54172 54404 54587 54597 54935 55263 55275 56297 \
	56309 56455 56746 50535 50837 51323 53249 54295 54172 54404 54587 \
	54597 54935 55263 55275 56297 56309 56455 56746 50535 50837 51323 \
	53249 54295 54172 54404 54587 54597 54935 55263 55275 56297 56309 \
	56455 56746 50535 50837 51323 53249 54295 54172 54404 54587 54597 \
	54935 55263 55275 56297 56309 56455 56746 50535 50837 51323 53249 \
	54295 54172 54404 54587 54597 54935 55263 55275 56297 56309 56455 \
	56746 50535 50837 51323 53249 54295 54172 54404 54587 54597 54935 \
	55263 55275 56297 56309 56455 56746 50535 50837 51323 53249 54295 \
	54172 54404 54587 54597 54935 55263 55275 56297 56309 56455 56746 \
	50535 50837 51323 53249 54295 54172 54404 54587 54597 54935 55263 \
	55275 56297 56309 56455 56746 50535 50837 51323 53249 54295 54172 \
	54404 54587 54597 54935 55263 55275 56297 56309 56455 56746 50535 \
	50837 51323 53249 54295 54172 54404 54587 54597 54935 55263 55275 \
	56297 56309 56455 56746 50535 50837 51323 53249 54295 54172 54404 \
	54587 54597 54935 55263 55275 56297 56309 56455 56746 50535 50837 \
	51323 53249 54295 54172 54404 54587 54597 54935 55263 55275 56297 \
	56309 56455 56746 50535 50837 51323 53249 54295 54172 54404 54587 \
	54597 54935 55263 55275 56297 56309 56455 56746 50333 50535 50797 \
	50837 51323 51853 53249 53513 53627 54172 54295 54404 54587 54597 \
	54935 54948 55115 55263 55275 55705 56223 56297 56309 56363 56455 \
	56746 50333 50535 50797 50837 51323 51853 53249 53513 53627 54172 \
	54295 54404 54587 54597 54935 54948 55115 55263 55275 55705 56223 \
	56297 56309 56363 56455 56746 50333 50535 50797 50837 51323 51853 \
	53249 53513 53627 54172 54295 54404 54587 54597 54935 54948 55115 \
	55263 55275 55705 56223 56297 56309 56363 56455 56746 50333 50535 \
	50797 50837 51323 51853 53249 53513 53627 54172 54295 54404 54587 \
	54597 54935 54948 55115 55263 55275 55705 56223 56297 56309 56363 \
	56455 56746 50333 50535 50797 50837 51323 51853 53249 53513 53627 \
	54172 54295 54404 54587 54597 54935 54948 55115 55263 55275 55705 \
	56223 56297 56309 56363 56455 56746 50333 50535 50797 50837 51323 \
	51665 51853 53249 53513 53627 54172 54295 54404 54587 54597 54935 \
	54948 55115 55263 55275 55705 56223 56297 56309 56363 56455 56746 \
	50333 50535 50797 50837 51323 51665 51853 53249 53513 53627 54172 \
	54295 54404 54587 54597 54935 54948 55115 55263 55275 55705 56223 \
	56297 56309 56363 56455 56746 50333 50535 50797 50837 51323 51665 \
	51853 53249 53513 53627 54172 54295 54404 54587 54597 54935 54948 \
	55115 55263 55275 55705 56223 56297 56309 56363 56455 56746 50333 \
	50535 50797 50837 51323 51665 51853 53249 53513 53627 54172 54295 \
	54404 54587 54597 54935 54948 55115 55263 55275 55705 56223 56297 \
	56309 56363 56455 56746 50333 50535 50797 50837 51323 51665 51853 \
	53249 53513 53627 54172 54295 54404 54587 54597 54935 54948 55115 \
	55263 55275 55705 56223 56297 56309 56363 56455 56746 50333 50535 \
	50797 50837 51323 51665 51853 53249 53513 53627 54172 54295 54404 \
	54587 54597 54935 54948 55115 55263 55275 55705 56223 56297 56309 \
	56363 56455 56746 50333 50535 50797 50837 51323 51665 51853 53249 \
	53513 53627 54172 54295 54404 54587 54597 54935 54948 55115 55263 \
	55275 55705 56223 56297 56309 56363 56455 56746 50333 50535 50797 \
	50837 51323 51665 51853 53249 53513 53627 54172 54295 54404 54587 \
	54597 54935 54948 55115 55263 55275 55705 56223 56297 56309 56363 \
	56455 56746 50333 50535 50797 50837 51323 51665 51853 53249 53513 \
	53627 54172 54295 54404 54587 54597 54935 54948 55115 55263 55275 \
	55705 56223 56297 56309 56363 56455 56746 50333 50535 50797 50837 \
	51323 51665 51853 53249 53513 53627 54172 54295 54404 54587 54597 \
	54935 54948 55115 55263 55275 55705 56223 56297 56309 56363 56455 \
	56746 50333 50535 50797 50837 51323 51665 51853 53249 53513 53627 \
	54172 54295 54404 54587 54597 54935 54948 55115 55263 55275 55705 \
	56223 56297 56309 56363 56455 56746 50333 50535 50797 50837 51323 \
	51665 51853 53249 53513 53627 54172 54295 54404 54587 54597 54935 \
	54948 55115 55263 55275 55705 56223 56297 56309 56363 56455 56746 \
	50333 50535 50797 50837 51323 51665 51853 53249 53513 53627 54172 \
	54295 54404 54587 54597 54935 54948 55115 55263 55275 55705 56223 \
	56297 56309 56363 56455 56746 50333 50535 50797 50837 51323 51665 \
	51853 53249 53513 53627 54172 54295 54404 54587 54597 54935 54948 \
	55115 55263 55275 55705 56223 56297 56309 56363 56455 56746 50333 \
	50535 50797 50837 51323 51665 51853 53249 53513 53627 54172 54295 \
	54404 54587 54597 54935 54948 55115 55263 55275 55705 56223 56297 \
	56309 56363 56455 56746 50333 50535 50797 50837 51323 51665 51853 \
	53249 53513 53627 54172 54295 54404 54587 54597 54935 54948 55115 \
	55263 55275 55705 56223 56297 56309 56363 56455 56746 50333 50535 \
	50797 50837 51323 51665 51853 53249 53513 53627 54172 54295 54404 \
	54587 54597 54935 54948 55115 55263 55275 55705 56223 56297 56309 \
	56363 56455 56746 50333 50535 50797 50837 51323 51665 51853 53249 \
	53513 53627 54172 54295 54404 54587 54597 54935 54948 55115 55263 \
	55275 55705 56223 56297 56309 56363 56455 56746 50333 50535 50797 \
	50837 51323 51665 51853 53249 53513 53627 54172 54295 54404 54587 \
	54597 54935 54948 55115 55263 55275 55705 56223 56297 56309 56363 \
	56455 56746 50333 50535 50797 50837 51323 51665 51853 53249 53513 \
	53627 54172 54295 54404 54587 54597 54935 54948 55115 55263 55275 \
	55705 56223 56297 56309 56363 56455 56746 50333 50535 50797 50837 \
	51323 51665 51853 53249 53513 53627 54172 54295 54404 54587 54597 \
	54935 54948 55115 55263 55275 55705 56223 56297 56309 56363 56455 \
	56746 50333 50535 50797 50837 51323 51665 51853 53249 53513 53627 \
	54172 54295 54404 54587 54597 54935 54948 55115 55263 55275 55705 \
	56223 56297 56309 56363 56455 56746 50333 50535 50797 50837 51323 \
	51665 51853 53249 53513 53627 54172 54295 54404 54587 54597 54935 \
	54948 55115 55263 55275 55705 56223 56297 56309 56363 56455 56746 \
	50333 50535 50797 50837 51323 51665 51853 53249 53513 53627 54172 \
	54295 54404 54587 54597 54935 54948 55115 55263 55275 55705 56223 \
	56297 56309 56363 56455 56746 50333 50535 50797 50837 51323 51665 \
	51853 53249 53513 53627 54172 54295 54404 54587 54597 54935 54948 \
	55115 55263 55275 55705 56223 56297 56309 56363 56455 56746 50333 \
	50535 50797 50837 51323 51665 51853 53249 53513 53627 54172 54295 \
	54404 54587 54597 54935 54948 55115 55263 55275 55705 56223 56297 \
	56309 56363 56455 56746 50333 50535 50797 50837 51323 51665 51853 \
	53249 53513 53627 54172 54295 54404 54587 54597 54935 54948 55115 \
	55263 55275 55705 56223 56297 56309 56363 56455 56746 
CM
 im 1
 ma 5
 ca 141
 hs 1
 kw 1
 pl 4972
 ar 140511
MI
 ds Rimmon Musketeer
CO
 li train 22
 ar 22 0 0 18 0 0 0 0
 cs 2
 wa -1
 st 1
 ue 5
 de 18
 po 1
 pr 3

5374 char 0
na Nashobah Nizhoni
il	1 177 \
	94 18 \
	278 5 \
	281 2 \
	282 2 \
	71568 1 \
	141686 1
tl	2 95 88 7 0 0 0 0 \
	2 94 100 4 0 0 0 0
LI
 wh 4972
CH
 lo 54935
 he 100
 lk 2
 lr 1
 sl	650 2 28 0 0 \
	655 2 14 18 0 \
	656 2 14 18 0 \
	652 2 28 0 0 \
	653 2 28 0 0 \
	610 2 21 0 0 \
	614 2 14 0 0 \
	654 2 28 191 0 \
	651 2 21 0 0 \
	612 2 28 1 0 \
	615 2 21 6 0 \
	690 2 28 1 0 \
	630 2 28 0 0 \
	611 2 28 0 0 \
	616 2 14 0 0 \
	617 2 14 0 0 \
	657 2 21 14 0 \
	661 2 21 0 0 \
	631 2 14 0 0 \
	658 2 21 0 0 \
	659 2 21 0 0 \
	695 2 21 6 0 \
	641 2 28 1 0 \
	639 2 21 0 0
 at 80
 df 80
 mi 78
CM
 hs 1
 vp 1
 pl 4972
MI
 ds Rimmon Musketeer
CO
 li breed 281 282
 ar 281 282 0 0 0 0 0 0
 cs 2
 wa 19
 st 1
 ue 2
 de 25
 pr 3

6451 char 0
na Shash Ditloi
il	1 19 \
	13 1 \
	54 1 \
	65 11
tl	2 95 99 7 0 0 0 0 \
	2 94 100 4 0 0 0 0
LI
 wh 6890
CH
 lo 54935
 he 100
 lk 3
 lr 44
 sl	700 2 21 0 0 \
	702 2 14 23 0 \
	680 2 21 1 0 \
	682 2 14 1 0 \
	610 2 21 43 0 \
	614 2 14 37 0 \
	612 2 28 1 0 \
	615 2 21 62 0 \
	690 2 28 0 0 \
	704 2 14 0 0 \
	695 2 21 3 0 \
	616 2 14 17 0 \
	630 2 28 0 0 \
	730 2 21 0 0 \
	733 2 14 0 0 \
	732 2 14 0 0 \
	631 2 14 2 0 \
	705 2 14 0 0 \
	703 2 14 0 0 \
	731 2 14 0 0 \
	617 2 14 19 0 \
	635 2 28 0 0 \
	634 2 14 0 0 \
	633 2 14 0 0 \
	613 2 14 0 0 \
	701 2 14 0 0 \
	681 2 14 0 0 \
	632 2 14 0 0 \
	691 2 21 0 0 \
	692 2 21 1 0 \
	693 2 21 8 0 \
	641 2 28 1 0 \
	670 2 28 0 0 \
	671 2 14 3 0 \
	672 2 21 0 0 \
	639 2 21 0 0 \
	611 2 28 0 0 \
	696 2 14 0 0 \
	694 2 21 0 0
 bh 3
 at 130
 df 197
 mi 197
 ct 50535 50837 51323 53249 54295 54172 54404 54587 54597 \
	54935 55263 55275 56297 56309 56455 56746 50535 50837 51323 53249 \
	54295 54172 54404 54587 54597 54935 55263 55275 56297 56309 56455 \
	56746 50535 50837 51323 53249 54295 54172 54404 54587 54597 54935 \
	55263 55275 56297 56309 56455 56746 50535 50837 51323 53249 54295 \
	54172 54404 54587 54597 54935 55263 55275 56297 56309 56455 56746 \
	50535 50837 51323 53249 54295 54172 54404 54587 54597 54935 55263 \
	55275 56297 56309 56455 56746 50535 50837 51323 53249 54295 54172 \
	54404 54587 54597 54935 55263 55275 56297 56309 56455 56746 50535 \
	50837 51323 53249 54295 54172 54404 54587 54597 54935 55263 55275 \
	56297 56309 56455 56746 50535 50837 51323 53249 54295 54172 54404 \
	54587 54597 54935 55263 55275 56297 56309 56455 56746 50535 50837 \
	51323 53249 54295 54172 54404 54587 54597 54935 55263 55275 56297 \
	56309 56455 56746 50535 50837 51323 53249 54295 54172 54404 54587 \
	54597 54935 55263 55275 56297 56309 56455 56746 50535 50837 51323 \
	53249 54295 54172 54404 54587 54597 54935 55263 55275 56297 56309 \
	56455 56746 50535 50837 51323 53249 54295 54172 54404 54587 54597 \
	54935 55263 55275 56297 56309 56455 56746 50535 50837 51323 53249 \
	54295 54172 54404 54587 54597 54935 55263 55275 56297 56309 56455 \
	56746 50535 50837 51323 53249 54295 54172 54404 54587 54597 54935 \
	55263 55275 56297 56309 56455 56746 50535 50837 51323 53249 54295 \
	54172 54404 54587 54597 54935 55263 55275 56297 56309 56455 56746 \
	50535 50837 51323 53249 54295 54172 54404 54587 54597 54935 55263 \
	55275 56297 56309 56455 56746 50535 50837 51323 53249 54295 54172 \
	54404 54587 54597 54935 55263 55275 56297 56309 56455 56746 50535 \
	50837 51323 53249 54295 54172 54404 54587 54597 54935 55263 55275 \
	56297 56309 56455 56746 50535 50837 51323 53249 54295 54172 54404 \
	54587 54597 54935 55263 55275 56297 56309 56455 56746 50535 50837 \
	51323 53249 54295 54172 54404 54587 54597 54935 55263 55275 56297 \
	56309 56455 56746 50535 50837 51323 53249 54295 54172 54404 54587 \
	54597 54935 55263 55275 56297 56309 56455 56746 50535 50837 51323 \
	53249 54295 54172 54404 54587 54597 54935 55263 55275 56297 56309 \
	56455 56746 50535 50837 51323 53249 54295 54172 54404 54587 54597 \
	54935 55263 55275 56297 56309 56455 56746 50535 50837 51323 53249 \
	54295 54172 54404 54587 54597 54935 55263 55275 56297 56309 56455 \
	56746 50535 50837 51323 53249 54295 54172 54404 54587 54597 54935 \
	55263 55275 56297 56309 56455 56746 50535 50837 51323 53249 54295 \
	54172 54404 54587 54597 54935 55263 55275 56297 56309 56455 56746 \
	50535 50837 51323 53249 54295 54172 54404 54587 54597 54935 55263 \
	55275 56297 56309 56455 56746 50535 50837 51323 53249 54295 54172 \
	54404 54587 54597 54935 55263 55275 56297 56309 56455 56746 50535 \
	50837 51323 53249 54295 54172 54404 54587 54597 54935 55263 55275 \
	56297 56309 56455 56746 50535 50837 51323 53249 54295 54172 54404 \
	54587 54597 54935 55263 55275 56297 56309 56455 56746 50535 50837 \
	51323 53249 54295 54172 54404 54587 54597 54935 55263 55275 56297 \
	56309 56455 56746 50535 50837 51323 53249 54295 54172 54404 54587 \
	54597 54935 55263 55275 56297 56309 56455 56746 50535 50837 51323 \
	53249 54295 54172 54404 54587 54597 54935 55263 55275 56297 56309 \
	56455 56746 50535 50837 51323 53249 54295 54172 54404 54587 54597 \
	54935 55263 55275 56297 56309 56455 56746 50535 50837 51323 53249 \
	54295 54172 54404 54587 54597 54935 55263 55275 56297 56309 56455 \
	56746 50535 50837 51323 53249 54295 54172 54404 54587 54597 54935 \
	55263 55275 56297 56309 56455 56746 50535 50837 51323 53249 54295 \
	54172 54404 54587 54597 54935 55263 55275 56297 56309 56455 56746 \
	50535 50837 51323 53249 54295 54172 54404 54587 54597 54935 55263 \
	55275 56297 56309 56455 56746 50535 50837 51323 53249 54295 54172 \
	54404 54587 54597 54935 55263 55275 56297 56309 56455 56746 50535 \
	50837 51323 53249 54295 54172 54404 54587 54597 54935 55263 55275 \
	56297 56309 56455 56746 50535 50837 51323 53249 54295 54172 54404 \
	54587 54597 54935 55263 55275 56297 56309 56455 56746 50535 50837 \
	51323 53249 54295 54172 54404 54587 54597 54935 55263 55275 56297 \
	56309 56455 56746 50535 50837 51323 53249 54295 54172 54404 54587 \
	54597 54935 55263 55275 56297 56309 56455 56746 50535 50837 51323 \
	53249 54295 54172 54404 54587 54597 54935 55263 55275 56297 56309 \
	56455 56746 50535 50837 51323 53249 54295 54172 54404 54587 54597 \
	54935 55263 55275 56297 56309 56455 56746 50535 50837 51323 53249 \
	54295 54172 54404 54587 54597 54935 55263 55275 56297 56309 56455 \
	56746 
 dt 174 21 5211
CM
 hs 1
MI
 ds Rimmon Musketeer
CO
 li give 6890 22 0
 ar 6890 22 0 0 0 0 0 0
 st 1
 ue 5
 pr 1

7441 char 0
na Lawng Nahalin
il	1 23 \
	54 1 \
	72 15
tl	2 95 76 7 0 0 0 0
LI
 wh 6890
CH
 lo 54935
 he 100
 lk 3
 lr 126
 sl	610 2 21 64 0 \
	612 2 28 1 0 \
	690 2 28 0 0 \
	614 2 14 40 0 \
	630 2 28 0 0 \
	695 2 21 2 0 \
	615 2 21 79 0 \
	730 2 21 0 0 \
	733 2 14 4 0 \
	732 2 14 7 0 \
	631 2 14 6 0 \
	616 2 14 10 0 \
	617 2 14 33 0 \
	731 2 14 0 0 \
	680 2 21 0 0 \
	670 2 28 0 0 \
	700 2 21 0 0 \
	702 2 14 15 0 \
	682 2 14 0 0 \
	704 2 14 0 0 \
	703 2 14 0 0 \
	705 2 14 0 0 \
	613 2 14 0 0 \
	691 2 21 0 0 \
	692 2 21 0 0 \
	693 2 21 0 0 \
	634 2 14 0 0 \
	641 2 28 1 0 \
	671 2 14 0 0 \
	611 2 28 0 0 \
	632 2 14 0 0 \
	900 2 42 0 0 \
	911 2 21 0 0 \
	908 2 28 0 0 \
	909 2 21 0 0 \
	904 2 21 0 0 \
	905 2 21 0 0 \
	906 2 21 0 0 \
	907 2 21 0 0 \
	903 2 21 36 0 \
	902 2 21 0 0
 ra 70
 at 131
 df 175
 mi 231
 ct 51323 56455 55263 51323 56455 55263 51323 56455 55263 \
	51323 56455 55263 51323 56455 55263 51323 56455 55263 51323 56455 \
	55263 51323 56455 55263 51323 56455 55263 51323 56455 55263 51323 \
	56455 55263 51323 56455 55263 51323 56455 55263 51323 56455 55263 \
	51323 56455 55263 51323 56455 55263 51323 56455 55263 51323 56455 \
	55263 51323 56455 55263 51323 56455 55263 51323 56455 55263 51323 \
	56455 55263 51323 56455 55263 51323 56455 55263 51323 56455 55263 \
	51323 56455 55263 51323 56455 55263 51323 56455 55263 51323 56455 \
	55263 51323 56455 55263 51323 56455 55263 51323 56455 55263 51323 \
	56455 55263 51323 56455 55263 51323 56455 55263 51323 56455 55263 \
	51323 56455 55263 51323 56455 55263 51323 56455 55263 51323 56455 \
	55263 51323 56455 55263 51323 56455 55263 51323 56455 55263 51323 \
	56455 55263 51323 56455 55263 
CM
 im 1
 ma 10
 ca 10
 hs 1
 pl 9394
MI
 ds Rimmon Musketeer
CO
 li use 615
 ar 0 0 0 0 0 0 0 615
 cs 2
 wa 5
 st 1
 us 615
 ue 5
 de 1
 pr 3

68748 char 0
na Speaker for Arrnor
il	1 931 \
	54 7 \
	281 3
LI
 wh 6890
CH
 lo 54935
 pl 100
 he 100
 lk 3
 lr 908
 sl	610 2 21 1 0 \
	630 2 28 0 0 \
	641 2 28 1 0 \
	650 2 28 0 0 \
	611 2 28 0 0 \
	654 2 28 84 0 \
	653 2 28 0 0 \
	612 2 28 3 0 \
	614 2 14 0 0 \
	615 2 21 14 0 \
	616 2 14 0 0 \
	617 2 14 0 0
 at 80
 df 80
 mi 113
CM
 hs 1
CO
 li breed 281 281
 ar 281 281 0 0 0 0 0 0
 cs 2
 wa 24
 st 1
 ue 3
 de 3
 pr 3

7440 char 0
na Volk Nahalin
tl	2 94 71 4 0 0 0 0
LI
 wh 6890
CH
 lo 54935
 he 100
 lk 3
 lr 36
 sl	610 2 21 98 0 \
	614 2 14 14 0 \
	700 2 21 0 0 \
	702 2 14 44 0 \
	730 2 21 0 0 \
	733 2 14 5 0 \
	732 2 14 5 0 \
	612 2 28 1 0 \
	615 2 21 39 0 \
	616 2 14 4 0 \
	630 2 28 0 0 \
	631 2 14 7 0 \
	635 2 28 0 0 \
	704 2 14 0 0 \
	703 2 14 0 0 \
	705 2 14 0 0 \
	617 2 14 53 0 \
	613 2 14 0 0 \
	701 2 14 0 0 \
	670 2 28 0 0 \
	731 2 14 0 0 \
	634 2 14 0 0 \
	633 2 14 0 0 \
	632 2 14 0 0 \
	671 2 14 1 0 \
	672 2 21 0 0 \
	673 2 14 0 0 \
	690 2 28 0 0 \
	691 2 21 0 0 \
	639 2 21 0 0 \
	641 2 28 1 0 \
	611 2 28 0 0 \
	692 2 21 3 0 \
	693 2 21 0 0
 at 103
 df 140
 mi 116
CM
 hs 1
 pl 4972
MI
 ds Rimmon Musketeer
CO
 li seek
 ar 0 0 0 0 0 0 0 0
 cs 2
 wa 5
 st 1
 ue 5
 de 2
 po 1
 pr 3

5042 char 0
na Tasha Caddo
il	1 4686 \
	54 5
tl	1 73552 48 110 0 0 0 0 \
	2 81300 1 100 1 0 0 0
an 54935 76136 
LI
 wh 14256
CH
 lo 54935
 he 100
 lk 3
 lr 32
 sl	680 2 21 7 0 \
	682 2 14 12 0 \
	610 2 21 40 0 \
	614 2 14 9 0 \
	612 2 28 1 0 \
	615 2 21 25 0 \
	617 2 14 38 0 \
	700 2 21 0 0 \
	630 2 28 0 0 \
	702 2 14 22 0 \
	704 2 14 0 0 \
	616 2 14 11 0 \
	634 2 14 0 0 \
	635 2 28 0 0 \
	613 2 14 0 0 \
	705 2 14 0 0 \
	703 2 14 0 0 \
	631 2 14 3 0 \
	632 2 14 0 0 \
	633 2 14 0 0 \
	701 2 14 0 0 \
	670 2 28 0 0 \
	671 2 14 0 0 \
	672 2 21 0 0 \
	673 2 14 0 0 \
	681 2 14 0 0 \
	690 2 28 0 0 \
	730 2 21 0 0 \
	732 2 14 14 0 \
	733 2 14 9 0 \
	731 2 14 0 0 \
	674 2 21 0 0 \
	691 2 21 8 0 \
	692 2 21 0 0 \
	693 2 21 0 0 \
	641 2 28 1 0 \
	611 2 28 0 0
 mo 7800
 bh 1
 at 113
 df 147
 mi 157
CM
 hs 1
 pl 1405
MI
 ds Rimmon Musketeer
CO
 li fly n
 ar 0 1 14156 0 0 3 14256 0
 cs 2
 wa 2
 st 1
 ue 2
 de 1
 pr 2

9854 char 0
na Kurt Lycanus
il	1 82632 \
	54 5 \
	60708 1 \
	72734 26 \
	72989 1
LI
 wh 57422
CH
 lo 54935
 he 100
 lk 3
 lr 60
 sl	610 2 21 52 0 \
	617 2 14 3 0 \
	612 2 28 1 0 \
	700 2 21 0 0 \
	630 2 28 0 0 \
	614 2 14 49 0 \
	616 2 14 37 0 \
	702 2 14 0 0 \
	670 2 28 0 0 \
	639 2 21 0 0 \
	641 2 28 1 0 \
	671 2 14 0 0 \
	611 2 28 0 0
 bh 3
 at 262
 df 285
 ct 50535 50837 51323 53249 54295 54172 54404 54587 54597 \
	54935 55263 55275 56297 56309 56455 56746 51323 53249 54295 54172 \
	54404 54587 54597 54935 55263 55275 56297 56309 56455 56746 51323 \
	53249 54295 54172 54404 54587 54597 54935 55263 55275 56297 56309 \
	56455 56746 51323 53249 54295 54172 54404 54587 54597 54935 55263 \
	55275 56297 56309 56455 56746 51323 53249 54295 54172 54404 54587 \
	54597 54935 55263 55275 56297 56309 56455 56746 51323 53249 54295 \
	54172 54404 54587 54597 54935 55263 55275 56297 56309 56455 56746 \
	51323 53249 54295 54172 54404 54587 54597 54935 55263 55275 56297 \
	56309 56455 56746 51323 53249 54295 54172 54404 54587 54597 54935 \
	55263 55275 56297 56309 56455 56746 51323 53249 54295 54172 54404 \
	54587 54597 54935 55263 55275 56297 56309 56455 56746 51323 53249 \
	54295 54172 54404 54587 54597 54935 55263 55275 56297 56309 56455 \
	56746 51323 53249 54295 54172 54404 54587 54597 54935 55263 55275 \
	56297 56309 56455 56746 51323 53249 54295 54172 54404 54587 54597 \
	54935 55263 55275 56297 56309 56455 56746 51323 53249 54295 54172 \
	54404 54587 54597 54935 55263 55275 56297 56309 56455 56746 51323 \
	53249 54295 54172 54404 54587 54597 54935 55263 55275 56297 56309 \
	56455 56746 51323 53249 54295 54172 54404 54587 54597 54935 55263 \
	55275 56297 56309 56455 56746 51323 53249 54295 54172 54404 54587 \
	54597 54935 55263 55275 56297 56309 56455 56746 51323 53249 54295 \
	54172 54404 54587 54597 54935 55263 55275 56297 56309 56455 56746 \
	51323 53249 54295 54172 54404 54587 54597 54935 55263 55275 56297 \
	56309 56455 56746 51323 53249 54295 54172 54404 54587 54597 54935 \
	55263 55275 56297 56309 56455 56746 51323 53249 54295 54172 54404 \
	54587 54597 54935 55263 55275 56297 56309 56455 56746 51323 53249 \
	54295 54172 54404 54587 54597 54935 55263 55275 56297 56309 56455 \
	56746 51323 53249 54295 54172 54404 54587 54597 54935 55263 55275 \
	56297 56309 56455 56746 51323 53249 54295 54172 54404 54587 54597 \
	54935 55263 55275 56297 56309 56455 56746 51323 53249 54295 54172 \
	54404 54587 54597 54935 55263 55275 56297 56309 56455 56746 51323 \
	53249 54295 54172 54404 54587 54597 54935 55263 55275 56297 56309 \
	56455 56746 51323 53249 54295 54172 54404 54587 54597 54935 55263 \
	55275 56297 56309 56455 56746 51323 53249 54295 54172 54404 54587 \
	54597 54935 55263 55275 56297 56309 56455 56746 51323 53249 54295 \
	54172 54404 54587 54597 54935 55263 55275 56297 56309 56455 56746 \
	51323 53249 54295 54172 54404 54587 54597 54935 55263 55275 56297 \
	56309 56455 56746 51323 53249 54295 54172 54404 54587 54597 54935 \
	55263 55275 56297 56309 56455 56746 51323 53249 54295 54172 54404 \
	54587 54597 54935 55263 55275 56297 56309 56455 56746 51323 53249 \
	54295 54172 54404 54587 54597 54935 55263 55275 56297 56309 56455 \
	56746 51323 53249 54295 54172 54404 54587 54597 54935 55263 55275 \
	56297 56309 56455 56746 51323 53249 54295 54172 54404 54587 54597 \
	54935 55263 55275 56297 56309 56455 56746 51323 53249 54295 54172 \
	54404 54587 54597 54935 55263 55275 56297 56309 56455 56746 51323 \
	53249 54295 54172 54404 54587 54597 54935 55263 55275 56297 56309 \
	56455 56746 51323 53249 54295 54172 54404 54587 54597 54935 55263 \
	55275 56297 56309 56455 56746 51323 53249 54295 54172 54404 54587 \
	54597 54935 55263 55275 56297 56309 56455 56746 51323 53249 54295 \
	54172 54404 54587 54597 54935 55263 55275 56297 56309 56455 56746 \
	51323 53249 54295 54172 54404 54587 54597 54935 55263 55275 56297 \
	56309 56455 56746 51323 53249 54295 54172 54404 54587 54597 54935 \
	55263 55275 56297 56309 56455 56746 51323 53249 54295 54172 54404 \
	54587 54597 54935 55263 55275 56297 56309 56455 56746 
 dt 103 3 3063
CM
 hs 1
CO
 li seek
 ar 0 0 0 0 0 0 0 0
 cs 2
 wa 1
 st 1
 ue 5
 de 6
 po 1
 pr 3

9828 char 0
na Lii Tsxigo
il	1 6000 \
	54 89 \
	80477 2 \
	96725 1
tl	2 95 67 7 0 0 0 0 \
	1 72734 26 18 1 0 0 0
an 69241 
LI
 wh 15662
CH
 lo 54935
 he 100
 lk 3
 lr 48
 sl	690 2 28 1 0 \
	693 2 21 4 0 \
	610 2 21 24 0 \
	697 2 28 0 0 \
	614 2 14 13 0 \
	615 2 21 18 0 \
	691 2 21 0 0 \
	692 2 21 0 0 \
	696 2 14 0 0 \
	695 2 21 24 0 \
	694 2 21 0 0 \
	630 2 28 0 0 \
	639 2 21 0 0 \
	641 2 28 1 0 \
	636 2 14 0 0 \
	631 2 14 5 0 \
	612 2 28 1 0 \
	616 2 14 5 0 \
	617 2 14 9 0 \
	613 2 14 1 0 \
	632 2 14 0 0 \
	637 2 21 0 0 \
	635 2 28 0 0 \
	633 2 14 0 0 \
	634 2 14 0 0 \
	700 2 21 0 0 \
	702 2 14 0 0 \
	670 2 28 0 0 \
	671 2 14 1 0 \
	673 2 14 0 0 \
	706 2 14 0 0 \
	674 2 21 0 0 \
	675 2 21 0 0 \
	676 2 14 0 0 \
	704 2 14 0 0 \
	703 2 14 0 0 \
	705 2 14 0 0 \
	672 2 21 2 0 \
	701 2 14 0 0 \
	707 2 14 0 0 \
	611 2 28 0 0 \
	730 2 21 0 0 \
	732 2 14 3 0 \
	733 2 14 1 0 \
	731 2 14 0 0
 mo 7800
 at 104
 df 158
 mi 135
CM
 hs 1
 vp 1
 pl 4972
MI
 ds Rimmon Musketeer
CO
 li fly w
 ar 0 4 15661 0 0 3 15662 0
 cs 2
 wa 2
 st 1
 ue 1
 de 1
 pr 2

77562 char 0
na Pambisilia Vilk
il	1 22707 \
	72734 26
tl	2 63819 47 72 1 0 0 0 \
	2 72734 26 108 1 0 0 0
LI
 wh 58200
CH
 lo 54935
 he 100
 lk 3
 lr 51
 sl	610 2 21 34 0 \
	700 2 21 0 0 \
	612 2 28 1 0 \
	614 2 14 30 0 \
	630 2 28 0 0 \
	639 2 21 0 0 \
	641 2 28 1 0 \
	670 2 28 0 0 \
	615 2 21 52 0 \
	617 2 14 3 0 \
	616 2 14 0 0 \
	702 2 14 0 0 \
	730 2 21 0 0 \
	733 2 14 4 0 \
	732 2 14 3 0 \
	731 2 14 0 0 \
	611 2 28 0 0 \
	671 2 14 0 0 \
	672 2 21 0 0
 bh 3
 at 80
 df 218
 mi 228
 ct 50535 50837 51323 53249 54295 54172 54404 54587 54597 \
	54935 55263 55275 56297 56309 56455 56746 
 dt 103 28 3088
CM
 hs 1
CO
 li use 732
 ar 0 0 0 0 0 0 0 732
 cs 2
 wa 9
 st 1
 us 732
 ue 1
 de 12
 pr 3

4923 char 0
na Zhin Amagook
il	16 50 \
	54 6 \
	140049 1
tl	2 95 2 7 0 0 0 0
ad 50535 50837 51323 53249 54172 54295 54587 54935 55275 \
	56297 56309 56455 56746 
LI
 wh 9758
CH
 lo 54935
 he 100
 lk 3
 lr 818
 sl	610 2 21 27 0 \
	720 2 21 0 0 \
	880 2 42 0 0 \
	722 2 14 39 0 \
	721 2 14 28 0 \
	614 2 14 7 0 \
	680 2 21 3 0 \
	682 2 14 53 0 \
	612 2 28 1 0 \
	615 2 21 35 0 \
	730 2 21 0 0 \
	881 2 14 1 0 \
	690 2 28 0 0 \
	723 2 14 16 0 \
	616 2 14 3 0 \
	617 2 14 31 0 \
	882 2 14 0 0 \
	883 2 14 0 0 \
	732 2 14 0 0 \
	733 2 14 0 0 \
	731 2 14 0 0 \
	886 2 14 0 0 \
	700 2 21 0 0 \
	702 2 14 7 0 \
	704 2 14 1 0 \
	705 2 14 0 0 \
	703 2 14 0 0 \
	613 2 14 1 0 \
	681 2 14 0 0 \
	701 2 14 0 0 \
	693 2 21 0 0 \
	691 2 21 1 0 \
	692 2 21 0 0 \
	630 2 28 0 0 \
	639 2 21 0 0 \
	641 2 28 1 0 \
	884 2 28 0 0 \
	885 2 14 0 0 \
	887 2 21 0 0 \
	888 2 21 0 0 \
	889 2 21 0 0 \
	891 2 21 0 0 \
	892 2 21 0 0 \
	893 2 21 0 0 \
	894 2 21 0 0 \
	800 2 28 0 0 \
	802 2 14 4 0 \
	801 2 14 0 0 \
	803 2 14 0 0 \
	804 2 21 0 0 \
	805 2 14 0 0 \
	806 2 21 2 0 \
	807 2 21 1 0 \
	808 2 21 0 0 \
	809 2 21 0 0 \
	811 2 21 0 0 \
	812 2 21 0 0 \
	813 2 21 21 0 \
	814 2 21 0 0 \
	840 2 35 0 0 \
	841 2 21 0 0 \
	842 2 14 0 0 \
	843 2 21 0 0 \
	844 2 21 0 0 \
	845 2 21 0 0 \
	846 2 21 0 0 \
	847 2 21 3 0 \
	848 2 21 0 0 \
	849 2 21 0 0 \
	851 2 21 0 0 \
	852 2 21 0 0 \
	900 2 42 0 0 \
	902 2 21 0 0 \
	903 2 21 19 0 \
	908 2 28 3 0 \
	911 2 21 0 0 \
	904 2 21 0 0 \
	909 2 21 0 0 \
	905 2 21 0 0 \
	906 2 21 0 0 \
	907 2 21 0 0 \
	860 2 0 0 0 \
	861 2 0 0 0 \
	863 2 0 0 0 \
	864 2 0 0 0 \
	865 2 0 0 0 \
	866 2 0 0 0 \
	867 2 0 0 0 \
	868 2 0 0 0 \
	869 2 0 0 0 \
	871 2 0 0 0 \
	872 2 0 0 0 \
	862 2 0 0 0 \
	611 2 28 0 0 \
	820 2 0 0 0 \
	821 2 0 0 0 \
	822 2 0 0 0 \
	827 2 0 0 0 \
	823 2 0 0 0 \
	824 2 0 0 0 \
	825 2 0 0 0 \
	826 2 0 0 0 \
	828 2 0 0 0 \
	829 2 0 0 0 \
	833 2 0 0 0 \
	831 2 0 0 0 \
	832 2 0 0 0 \
	920 2 0 0 0 \
	922 2 28 1 0 \
	921 2 28 0 0
 at 80
 df 118
 mi 123
 ct 50535 50837 51323 53249 54295 54172 54404 54587 54597 \
	54935 55263 55275 56297 56309 56455 56746 50535 50837 51323 53249 \
	54295 54172 54404 54587 54597 54935 55263 55275 56297 56309 56455 \
	56746 50535 50837 51323 53249 54295 54172 54404 54587 54597 54935 \
	55263 55275 56297 56309 56455 56746 50535 50837 51323 53249 54295 \
	54172 54404 54587 54597 54935 55263 55275 56297 56309 56455 56746 \
	50535 50837 51323 53249 54295 54172 54404 54587 54597 54935 55263 \
	55275 56297 56309 56455 56746 50535 50837 51323 53249 54295 54172 \
	54404 54587 54597 54935 55263 55275 56297 56309 56455 56746 50535 \
	50837 51323 53249 54295 54172 54404 54587 54597 54935 55263 55275 \
	56297 56309 56455 56746 50535 50837 51323 53249 54295 54172 54404 \
	54587 54597 54935 55263 55275 56297 56309 56455 56746 50535 50837 \
	51323 53249 54295 54172 54404 54587 54597 54935 55263 55275 56297 \
	56309 56455 56746 50535 50837 51323 53249 54295 54172 54404 54587 \
	54597 54935 55263 55275 56297 56309 56455 56746 50535 50837 51323 \
	53249 54295 54172 54404 54587 54597 54935 55263 55275 56297 56309 \
	56455 56746 50535 50837 51323 53249 54295 54172 54404 54587 54597 \
	54935 55263 55275 56297 56309 56455 56746 50535 50837 51323 53249 \
	54295 54172 54404 54587 54597 54935 55263 55275 56297 56309 56455 \
	56746 50535 50837 51323 53249 54295 54172 54404 54587 54597 54935 \
	55263 55275 56297 56309 56455 56746 50535 50837 51323 53249 54295 \
	54172 54404 54587 54597 54935 55263 55275 56297 56309 56455 56746 \
	50535 50837 51323 53249 54295 54172 54404 54587 54597 54935 55263 \
	55275 56297 56309 56455 56746 50535 50837 51323 53249 54295 54172 \
	54404 54587 54597 54935 55263 55275 56297 56309 56455 56746 50535 \
	50837 51323 53249 54295 54172 54404 54587 54597 54935 55263 55275 \
	56297 56309 56455 56746 
CM
 im 1
 ma 3
 ca 8
 hs 1
 kw 1
 ar 140049
MI
 ds Rimmon Musketeer
CO
 li trance
 ar 0 0 0 0 0 0 0 0
 cs 2
 wa 1
 st 1
 ue 1
 de 27
 pr 3

6183 char 0
na Micaksica Shikis
il	1 54286 \
	54 2 \
	64 11 \
	61401 3 \
	73393 26 \
	109393 1 \
	131873 1
LI
 wh 57143
CH
 lo 54935
 he 100
 lk 2
 lr 1
 sl	730 2 21 0 0 \
	733 2 14 0 0 \
	732 2 14 2 0 \
	610 2 21 53 0 \
	614 2 14 27 0 \
	680 2 21 3 0 \
	682 2 14 19 0 \
	612 2 28 1 0 \
	615 2 21 7 0 \
	616 2 14 12 0 \
	630 2 28 0 0 \
	700 2 21 0 0 \
	617 2 14 8 0 \
	702 2 14 9 0 \
	731 2 14 0 0 \
	631 2 14 0 0 \
	704 2 14 3 0 \
	641 2 28 1 0 \
	670 2 28 0 0 \
	671 2 14 1 0 \
	611 2 28 0 0 \
	703 2 14 0 0
 at 123
 df 125
 mi 77
 ct 67133 
 dt 172 20 5150
CM
 hs 1
 vp 29
MI
 ds Airborne Explorer
CO
 li seek
 ar 0 0 0 0 0 0 0 0
 st 1
 ue 1
 de 7
 po 1
 pr 3

5943 char 0
na Iyani Legai
il	1 1867 \
	54 5 \
	61401 1 \
	131873 1
tl	2 95 90 7 0 0 0 0 \
	2 94714 139 62 1 0 0 0 \
	2 63021 72 81 0 0 0 0 \
	2 73393 27 138 1 0 0 0 \
	1 128357 40 15 1 0 0 0 \
	2 128357 40 72 1 0 0 0 \
	2 62378 39 173 1 0 0 0 \
	1 73393 27 37 1 0 0 0
LI
 wh 58600
CH
 lo 54935
 he 100
 lk 3
 lr 824
 sl	700 2 21 0 0 \
	702 2 14 32 0 \
	703 2 14 2 0 \
	704 2 14 0 0 \
	705 2 14 0 0 \
	610 2 21 46 0 \
	614 2 14 4 0 \
	680 2 21 2 0 \
	612 2 28 1 0 \
	682 2 14 0 0 \
	615 2 21 15 0 \
	616 2 14 6 0 \
	617 2 14 40 0 \
	630 2 28 0 0 \
	634 2 14 0 0 \
	631 2 14 0 0 \
	632 2 14 0 0 \
	635 2 28 0 0 \
	690 2 28 0 0 \
	695 2 21 4 0 \
	613 2 14 0 0 \
	633 2 14 0 0 \
	641 2 28 1 0 \
	681 2 14 0 0 \
	701 2 14 0 0 \
	693 2 21 0 0 \
	691 2 21 0 0 \
	692 2 21 0 0 \
	670 2 28 0 0 \
	671 2 14 0 0 \
	673 2 14 0 0 \
	674 2 21 0 0 \
	672 2 21 0 0 \
	730 2 21 0 0 \
	733 2 14 7 0 \
	732 2 14 5 0 \
	731 2 14 0 0 \
	611 2 28 0 0
 bh 3
 at 106
 df 107
 mi 102
CM
 hs 1
 pl 3475
MI
 ds Rimmon Musketeer
CO
 li contact bh3 cb5 db7 df7 et5 fc3
 ar 50333 50535 50797 50837 51235 51323 0 0
 st 1
 ue 2

6411 char 0
na Caksi Shikis
il	54 4
tl	2 95 1 7 0 0 0 0
LI
 wh 14202
CH
 lo 54935
 he 100
 lk 2
 lr 1
 sl	610 2 21 48 0 \
	617 2 14 5 0 \
	615 2 21 13 0 \
	614 2 14 16 0 \
	680 2 21 0 0 \
	700 2 21 0 0 \
	630 2 28 0 0 \
	670 2 28 0 0 \
	612 2 28 1 0 \
	616 2 14 2 0 \
	702 2 14 1 0 \
	690 2 28 0 0 \
	682 2 14 0 0 \
	704 2 14 0 0 \
	703 2 14 0 0 \
	705 2 14 0 0 \
	639 2 21 0 0 \
	641 2 28 1 0 \
	611 2 28 0 0
 bh 3
 at 80
 df 81
 mi 103
 dt 147 3 4383
CM
 hs 1
MI
 ds Rimmon Musketeer
CO
 li explore
 ar 0 0 0 0 0 0 0 0
 wa 7
 ue 3
 pr 3

