54948 player pl_regular
na The Agency
il	1 400
ad 50333 51853 53513 53627 54948 55115 55705 56223 56309 \
	56363 
CH
PL
 fn Pieter Johannus
 em ribas_pedro@hotmail.com
 ve sineus@hotmail.com
 pw Novgorod
 np 2
 ft 83
 so 1
 lt 260
 kn 69 600 601 602 603 610 611 612 613 614 \
	615 616 617 630 631 632 633 634 635 636 637 \
	639 641 650 651 652 653 654 655 656 657 658 \
	659 661 670 671 672 673 674 675 676 680 681 \
	682 690 691 692 693 694 695 696 697 700 701 \
	702 703 704 705 706 707 720 721 722 723 730 \
	731 732 733 750 751 800 801 802 803 804 805 \
	806 807 808 809 811 812 813 814 820 821 822 \
	823 824 825 826 827 828 829 831 832 833 840 \
	841 842 843 844 845 846 847 848 849 851 852 \
	860 861 862 863 864 865 866 867 868 869 871 \
	872 880 881 882 883 884 885 886 887 888 889 \
	891 892 893 894 900 901 902 903 904 905 906 \
	907 908 909 911 920 921 922 2042 2105 2578 2935 \
	2977 4827 6416 7238 9578 9998 10259 10260 10261 10262 10263 \
	10264 10265 10359 10365 10366 10367 10459 10467 10559 10560 10567 \
	10658 10659 10660 10667 10668 10669 10758 10759 10760 10761 10762 \
	10763 10764 10765 10766 10767 10768 10769 10859 10866 10867 10868 \
	10869 10955 10956 10957 10959 10967 10968 11055 11056 11057 11058 \
	11059 11060 11067 11068 11154 11155 11156 11157 11158 11159 11160 \
	11167 11168 11254 11256 11257 11258 11260 11266 11267 11268 11354 \
	11358 11359 11360 11366 11367 11454 11466 11467 11554 11654 11749 \
	11750 11751 11752 11753 11754 11849 11949 12049 12149 12246 12247 \
	12248 12249 12346 12446 12546 12646 12746 12845 12846 12945 13039 \
	13040 13041 13042 13043 13044 13045 13046 13047 13139 13145 13147 \
	13238 13239 13240 13241 13242 13243 13244 13245 13246 13247 13248 \
	13249 13250 13251 13335 13336 13337 13338 13339 13342 13343 13344 \
	13345 13346 13347 13348 13349 13350 13351 13431 13432 13433 13434 \
	13435 13436 13437 13438 13439 13440 13441 13442 13443 13444 13445 \
	13446 13447 13448 13449 13450 13451 13527 13528 13529 13530 13531 \
	13532 13533 13534 13535 13536 13538 13539 13540 13541 13542 13543 \
	13544 13545 13546 13547 13548 13549 13550 13551 13552 13627 13628 \
	13629 13630 13631 13634 13635 13638 13639 13640 13641 13642 13643 \
	13644 13645 13646 13647 13648 13649 13650 13651 13727 13728 13738 \
	13739 13740 13741 13742 13743 13744 13745 13746 13747 13748 13749 \
	13750 13751 13822 13823 13824 13825 13826 13827 13828 13839 13840 \
	13841 13842 13843 13844 13845 13846 13847 13848 13849 13850 13851 \
	13918 13919 13920 13921 13922 13923 13924 13925 13926 13927 13939 \
	13941 13942 13943 13944 13945 13946 13947 13948 13949 13951 14016 \
	14017 14018 14019 14020 14021 14022 14023 14024 14025 14026 14027 \
	14028 14029 14030 14031 14032 14033 14034 14035 14036 14037 14038 \
	14039 14040 14041 14042 14043 14044 14045 14046 14047 14048 14049 \
	14116 14118 14122 14132 14135 14138 14139 14140 14141 14142 14143 \
	14144 14145 14146 14147 14148 14216 14217 14218 14219 14220 14221 \
	14222 14224 14225 14226 14227 14228 14229 14230 14231 14232 14233 \
	14234 14235 14236 14237 14238 14239 14240 14241 14242 14243 14244 \
	14245 14246 14247 14248 14316 14317 14318 14324 14332 14333 14334 \
	14335 14336 14337 14338 14339 14340 14341 14342 14343 14344 14345 \
	14346 14347 14348 14349 14351 14352 14416 14417 14418 14424 14433 \
	14434 14438 14439 14440 14441 14442 14443 14444 14445 14446 14447 \
	14448 14449 14451 14452 14512 14513 14514 14515 14516 14517 14518 \
	14524 14534 14535 14536 14537 14538 14539 14540 14541 14542 14543 \
	14544 14545 14546 14547 14548 14549 14550 14551 14552 14610 14611 \
	14612 14613 14614 14615 14616 14617 14624 14634 14635 14636 14637 \
	14638 14639 14640 14641 14642 14643 14644 14645 14646 14647 14648 \
	14649 14650 14710 14712 14724 14735 14736 14737 14738 14739 14740 \
	14741 14742 14743 14744 14745 14746 14747 14748 14749 14750 14806 \
	14809 14810 14811 14812 14813 14814 14823 14824 14835 14836 14837 \
	14838 14839 14840 14841 14842 14843 14844 14845 14846 14847 14848 \
	14850 14906 14907 14908 14909 14910 14911 14912 14914 14915 14919 \
	14920 14921 14922 14923 14935 14936 14937 14938 14939 14940 14941 \
	14942 14943 14944 14945 14946 14947 14948 14950 15006 15007 15008 \
	15009 15010 15011 15012 15013 15014 15015 15016 15017 15018 15019 \
	15030 15031 15032 15033 15035 15036 15037 15038 15039 15040 15041 \
	15042 15043 15044 15045 15046 15047 15048 15050 15106 15107 15108 \
	15109 15110 15111 15112 15113 15114 15115 15116 15117 15118 15119 \
	15130 15131 15132 15133 15138 15141 15142 15143 15144 15145 15146 \
	15147 15148 15149 15150 15151 15206 15207 15208 15209 15211 15212 \
	15214 15219 15230 15231 15232 15233 15238 15242 15244 15246 15247 \
	15248 15249 15251 15306 15308 15309 15310 15311 15312 15313 15314 \
	15319 15330 15331 15332 15333 15334 15335 15336 15337 15338 15339 \
	15340 15341 15342 15343 15344 15345 15346 15347 15348 15349 15351 \
	15406 15408 15409 15410 15411 15412 15413 15414 15415 15416 15417 \
	15418 15419 15420 15421 15431 15432 15433 15438 15440 15441 15442 \
	15443 15444 15445 15446 15447 15448 15449 15450 15451 15506 15510 \
	15511 15512 15514 15517 15518 15519 15520 15521 15531 15532 15533 \
	15536 15537 15538 15540 15542 15544 15546 15547 15548 15549 15550 \
	15551 15552 15606 15610 15611 15612 15613 15614 15615 15616 15617 \
	15618 15619 15620 15621 15632 15636 15640 15642 15644 15646 15649 \
	15652 15653 15706 15710 15711 15712 15713 15714 15715 15716 15717 \
	15718 15719 15720 15732 15736 15740 15742 15744 15746 15749 15753 \
	15806 15807 15808 15809 15810 15811 15812 15813 15832 15836 15840 \
	15842 15844 15846 15849 15853 15906 15909 15910 15911 15912 15932 \
	15936 15940 15942 15944 15946 15949 15953 15954 15955 15956 15957 \
	15958 15959 15960 15961 15962 15963 15964 15965 15966 15967 15968 \
	15969 15970 16006 16009 16010 16011 16015 16016 16017 16018 16019 \
	16020 16021 16022 16023 16024 16025 16026 16027 16028 16029 16030 \
	16031 16032 16036 16037 16038 16039 16040 16042 16043 16044 16046 \
	16049 16070 16106 16109 16110 16115 16144 16146 16149 16170 16206 \
	16207 16208 16209 16210 16215 16244 16246 16249 16270 16306 16307 \
	16308 16309 16310 16315 16344 16346 16349 16370 16410 16415 16444 \
	16446 16449 16510 16515 16544 16545 16546 16549 16610 16615 16644 \
	16645 16646 16647 16648 16649 16710 16715 16744 16745 16746 16747 \
	16810 16811 16812 16813 16814 16815 16816 16817 16818 16819 16820 \
	16821 16844 16845 16846 16847 16914 16915 16916 16917 16918 16919 \
	16920 16921 16922 16923 16924 16944 16945 16946 16947 17017 17024 \
	17025 17026 17027 17045 17117 17124 17127 17130 17131 17132 17133 \
	17134 17135 17136 17137 17138 17139 17140 17141 17142 17143 17144 \
	17145 17217 17224 17225 17226 17227 17228 17229 17230 17317 17318 \
	17319 17320 17321 17324 17327 17421 17424 17427 17521 17524 17527 \
	17621 17624 17627 17721 17724 17727 17821 17824 17827 17921 17924 \
	17927 18021 18022 18023 18024 18025 18027 18124 18125 18127 18128 \
	18129 18130 18131 18132 18133 18224 18225 18226 18227 18228 18229 \
	18230 18231 18232 18233 18234 18333 18334 18433 18434 18435 18436 \
	18533 18536 18537 18633 18637 18733 18734 18735 18736 18737 18738 \
	18739 18740 18741 18837 18839 18937 18939 19037 19039 19137 19139 \
	19237 19239 19337 19338 19339 19340 19437 19438 19439 19440 19525 \
	19526 19533 19534 19535 19536 19537 19538 19539 19540 19625 19626 \
	19631 19632 19633 19637 19638 19640 19725 19726 19728 19729 19730 \
	19731 19737 19738 19825 19827 19828 19837 19838 19925 19926 19927 \
	19928 19937 19938 20272 20540 20798 21275 22068 22117 22293 22591 \
	23062 23264 23266 23571 23968 24372 24463 24532 24689 24836 25328 \
	25406 25725 25849 26133 26188 26669 27097 27284 27607 27642 27651 \
	27919 28510 28867 29073 29372 29784 30036 30643 30718 31037 31238 \
	31376 31600 31976 32124 32452 32570 32705 33048 33886 34003 34546 \
	34602 34733 34939 35065 35430 35489 35513 35616 36060 36694 36722 \
	37270 37749 38014 39317 39610 39658 39732 39940 41020 41307 41331 \
	41487 41591 41900 42197 42951 43174 43424 44674 44845 45248 45415 \
	45717 46211 46437 46487 46557 46819 47485 47945 47991 48041 48253 \
	48383 48674 48775 49460 49981 56827 56896 56964 56983 57081 57141 \
	57166 57190 57268 57330 57356 57357 57364 57366 57396 57485 57537 \
	57625 57646 57679 57757 57794 57798 57804 57877 57885 58008 58055 \
	58071 58137 58318 58374 58423 58424 58446 58468 58516 58522 58575 \
	58599 58622 58684 58687 58707 58738 58758 59118 59168 59252 59257 \
	59561 59774 59880 60046 60050 60268 60364 60419 60759 60910 61188 \
	61485 61536 61544 61809 62098 62112 62198 62313 62343 62573 63187 \
	63292 63390 63579 63615 63674 63806 63828 64583 65025 65596 65619 \
	65627 65913 65933 65949 66128 66258 66271 66275 66713 66736 67160 \
	67196 67209 67290 67297 67370 67612 67621 67668 67788 67800 67887 \
	67974 68033 68042 68121 68265 68711 68767 68906 69140 69239 69343 \
	69419 69639 69665 69684 70124 70412 71013 71316 71355 71420 71565 \
	71910 72267 72290 72497 72873 72962 73119 73180 73595 73740 74013 \
	74114 74144 74447 74449 74511 74637 74717 74893 74976 74977 74997 \
	75018 75177 75311 75592 75633 75811 75893 76007 76118 76274 76495 \
	76500 76902 77157 77307 77310 77432 77473 78257 78343 78396 78475 \
	78478 78593 78823 85172 102528 
 un 80924 63330 60608 59499 59116 72040 59593 68968 67984 \
	65543 63090 67105 
 uf 79356 96363 105030 95530 82916 
 am 2042 0 54948 50333 55115 53627 56309 56363 55705 \
	56223 
 am 2977 0 50333 54948 55115 
 am 9998 0 50333 
 am 54948 0 50333 55115 51665 50797 
 am 59499 0 50333 55115 
 am 59593 1 
 am 60608 0 50333 54948 55115 51665 
 am 65419 0 50333 55115 
 am 68121 0 50333 54948 55115 
 am 68968 0 117144 
 am 69419 0 50333 54948 55115 78205 
 am 72040 0 55115 54948 50333 51665 50797 53513 55705 \
	56309 56363 51853 53627 
 am 72267 0 50333 54948 55115 51665 
 am 74114 0 50333 55115 54948 51665 50797 53513 56309 \
	56223 56363 51853 55705 53627 50535 50837 51323 53249 54172 54295 \
	54404 54587 54597 54935 55263 55275 56297 56455 56746 
 am 75592 0 50333 54948 55115 51665 
CO
 li accept 0 xy3
 ar 0 56223 0 0 0 0 0 0
 st 1

80924 char 0
na Vsevolod III of the Large Nest
il	1 900 \
	54 3
tl	2 128885 336 75 0 0 0 0 \
	2 95 999 7 0 0 0 0 \
	2 94 999 4 0 0 0 0
LI
 wh 13438
CH
 lo 54948
 he 100
 lk 3
 lr 79
 sl	610 2 21 2 0 \
	690 2 28 0 0 \
	630 2 28 0 0 \
	670 2 28 0 0 \
	680 2 21 0 0 \
	611 2 28 0 0 \
	612 2 28 0 0
 bp 50
 at 80
 df 80
MI
 ds Greyfell Lord
CO
 li Move v14
 ar 58374 0 0 0 0 0 0 0
 wa -1
 st 1
 pr 2

63330 char 0
na Iuri Dolgorukii
il	1 40 \
	76 5 \
	67039 1
LI
 wh 13445
CH
 lo 54948
 he 100
 lk 2
 lr 1
 sl	730 2 21 0 0 \
	680 2 21 0 0 \
	610 2 21 0 0 \
	700 2 21 0 0 \
	732 2 14 2 0 \
	611 2 28 0 0 \
	612 2 28 0 0 \
	703 2 14 2 0 \
	704 2 14 0 0 \
	617 2 14 0 0 \
	682 2 14 0 0 \
	616 2 14 7 0 \
	733 2 14 0 0
 bp 50
 at 128
 df 80
CO
 li study 702
 ar 702 0 0 0 0 0 0 0
 wa 7
 st 1
 ue 2
 po 1
 pr 3

60608 char 0
na Sviatoslav
il	1 6782 \
	12 9 \
	16 68 \
	75 339 \
	77 105 \
	85 109 \
	271 29 \
	67645 1
LI
 wh 13543
CH
 lo 54948
 he 100
 lk 2
 lr 1
 sl	610 2 21 15 0 \
	611 2 28 0 0 \
	612 2 28 1 0 \
	615 2 21 9 0 \
	617 2 14 19 0 \
	630 2 28 0 0 \
	700 2 21 0 0 \
	641 2 28 0 0 \
	702 2 14 9 0 \
	703 2 14 0 0 \
	600 2 21 0 0 \
	601 2 14 79 0 \
	680 2 21 0 0 \
	613 2 14 6 0 \
	614 2 14 9 0 \
	631 2 14 0 0 \
	616 2 14 0 0 \
	706 2 14 0 0 \
	730 2 21 0 0 \
	732 2 14 3 0 \
	733 2 14 2 0 \
	704 2 14 0 0 \
	637 2 21 0 0 \
	636 2 14 0 0 \
	632 2 14 0 0 \
	639 2 21 0 0 \
	701 2 14 0 0 \
	705 2 14 0 0 \
	731 2 14 0 0 \
	602 2 14 0 0 \
	603 2 14 0 0 \
	633 2 14 0 0 \
	681 2 14 0 0 \
	634 2 14 0 0 \
	682 2 14 0 0
 mo 7790
 at 80
 df 158
 mi 80
CO
 li Move S
 ar 0 3 13643 0 0 20 13543 0
 cs 2
 wa 9
 st 1
 ue 1
 de 11
 pr 2

59499 char 0
na Iaroslav the Wise
il	1 3382 \
	10 3 \
	51 20 \
	52 5 \
	53 1 \
	69 2 \
	76 1 \
	94 26 \
	261 3 \
	271 4 \
	282 1 \
	284 22 \
	291 1 \
	295 1 \
	75949 1
tl	2 74368 27 254 0 0 0 0 \
	2 94 984 4 0 0 0 0
LI
 wh 58599
CH
 lo 54948
 he 100
 lk 3
 lr 67
 sl	650 2 28 0 0 \
	655 2 14 15 0 \
	656 2 14 8 0 \
	652 2 28 0 0 \
	610 2 21 11 0 \
	615 2 21 1 0 \
	630 2 28 0 0 \
	657 2 21 21 0 \
	690 2 28 0 0 \
	658 2 21 0 0 \
	661 2 21 3 0 \
	659 2 21 0 0 \
	641 2 28 1 0 \
	653 2 28 0 0 \
	695 2 21 1 0 \
	691 2 21 0 0 \
	654 2 28 41 0 \
	693 2 21 0 0 \
	651 2 21 0 0 \
	692 2 21 0 0 \
	617 2 14 0 0 \
	611 1 8 0 0
 bp 50
 at 80
 df 80
 mi 59
MI
 ds Greyfell Lord
CO
 li Breed 51 10
 ar 51 10 0 0 0 0 0 0
 cs 2
 wa 4
 st 1
 ue 1
 de 2
 pr 3

59116 char 0
na Iaropolk
il	1 2568 \
	61 4 \
	68 10 \
	76 13 \
	77 11
LI
 wh 13645
CH
 lo 54948
 he 100
 lk 2
 lr 1
 sl	610 2 21 39 0 \
	611 2 28 0 0 \
	612 2 28 1 0 \
	617 2 14 13 0 \
	630 2 28 0 0 \
	616 2 14 10 0 \
	637 2 21 0 0 \
	636 2 14 0 0 \
	639 2 21 0 0 \
	613 2 14 17 0 \
	615 2 21 9 0 \
	614 2 14 7 0 \
	631 2 14 0 0 \
	632 2 14 0 0 \
	730 2 21 0 0 \
	641 2 28 0 0 \
	733 2 14 0 0 \
	634 2 14 0 0 \
	750 2 35 0 0 \
	751 1 7 0 0
 bh 5
 at 121
 df 129
 mi 136
CO
 li move W
 ar 0 0 0 0 0 0 0 0
 wa -1
 st 1
 ue 2
 pr 2

72040 char 0
na Igor
il	1 2042 \
	52 6 \
	54 1 \
	60780 16 \
	102719 1 \
	106598 1 \
	119951 3 \
	123982 1 \
	125631 1
tl	2 75923 999 134 0 0 0 0 \
	2 94 969 4 0 0 0 0
LI
 wh 58687
CH
 lo 54948
 pl 100
 he 100
 lk 2
 lr 1
 sl	730 2 21 0 0 \
	733 2 14 9 0 \
	700 2 21 0 0 \
	610 2 21 24 0 \
	630 2 28 0 0 \
	641 2 28 1 0 \
	703 2 14 3 0 \
	612 2 28 0 0 \
	613 2 14 0 0 \
	617 2 14 12 0 \
	614 2 14 5 0 \
	615 2 21 6 0 \
	732 2 14 4 0 \
	680 2 21 0 0 \
	682 2 14 0 0 \
	701 2 14 0 0 \
	702 2 14 0 0 \
	611 2 28 0 0 \
	616 2 14 0 0 \
	704 2 14 0 0 \
	631 2 14 0 0 \
	705 2 14 0 0 \
	731 2 14 0 0 \
	670 2 28 0 0 \
	632 2 14 0 0 \
	681 2 14 0 0 \
	633 2 14 0 0 \
	634 2 14 0 0 \
	635 2 28 0 0 \
	671 2 14 0 0 \
	672 2 21 0 0 \
	673 2 14 0 0 \
	674 2 21 0 0 \
	690 2 28 0 0 \
	691 2 21 0 0 \
	692 2 21 0 0 \
	693 2 21 0 0 \
	800 2 28 0 0 \
	802 2 14 0 0
 bp 50
 at 80
 df 107
 mi 68
CM
 im 1
 ma 2
 ca 2
 pl 9333
MI
 di 4
CO
 li use 732
 ar 0 0 0 0 0 0 0 732
 cs 2
 wa 5
 st 1
 us 732
 ue 1
 de 16
 pr 3

59593 char 0
na Lord Riurik
il	1 398 \
	18 17 \
	54 28 \
	65157 1 \
	78974 1
LI
 wh 74114
CH
 lo 54948
 he 100
 lk 2
 lr 2
 sl	730 2 21 0 0 \
	733 2 14 5 0 \
	650 2 28 0 0 \
	655 2 14 12 0 \
	656 2 14 12 0 \
	732 2 14 7 0 \
	652 2 28 0 0 \
	610 2 21 7 0 \
	630 2 28 0 0 \
	641 2 28 1 0 \
	616 2 14 11 0 \
	611 2 28 0 0 \
	612 2 28 1 0 \
	651 2 21 0 0 \
	654 2 28 60 0 \
	653 2 28 0 0 \
	615 2 21 4 0 \
	614 2 14 6 0 \
	613 2 14 0 0 \
	617 2 14 10 0 \
	731 2 14 0 0 \
	657 2 21 0 0 \
	900 2 42 0 0 \
	909 2 21 0 0 \
	911 2 21 0 0 \
	904 2 21 0 0 \
	902 2 21 0 0 \
	903 2 21 7 0 \
	906 2 21 0 0
 bh 9
 bp 50
 at 137
 df 123
 mi 80
CM
 im 1
 ma 7
 ca 2
 hs 1
 pl 3475
MI
 ds Greyfell Lord
CO
 li Breed 54 54
 ar 54 54 0 0 0 0 0 0
 cs 2
 wa 1
 st 1
 ue 2
 de 5
 pr 3

68968 char 0
na Sineus
il	54 1
tl	1 60780 893 150 0 0 0 0
LI
 wh 14939
CH
 lo 54948
 he 100
 lk 2
 lr 1
 sl	610 2 21 52 0 \
	617 2 14 16 0 \
	612 2 28 1 0 \
	613 2 14 0 0 \
	616 2 14 3 0 \
	630 2 28 0 0 \
	641 2 28 2 0 \
	670 2 28 0 0 \
	614 2 14 19 0 \
	615 2 21 10 0 \
	637 2 21 0 0 \
	634 2 14 3 0 \
	671 2 14 0 0 \
	672 2 21 0 0 \
	673 2 14 0 0 \
	611 2 28 0 0 \
	631 2 14 0 0 \
	632 2 14 0 0 \
	633 2 14 0 0 \
	674 2 21 0 0 \
	680 2 21 0 0 \
	681 2 14 0 0 \
	682 2 14 0 0 \
	635 2 28 0 0 \
	675 2 21 0 0 \
	676 2 14 0 0 \
	690 2 28 0 0
 mo 7800
 bh 9
 ra 70
 at 103
 df 222
 mi 102
CM
 hs 1
 pl 5540
CO
 li fly S
 ar 0 3 15039 0 0 4 14939 0
 cs 2
 wa 3
 st 1
 ue 1
 de 1
 pr 2

67984 char 0
na Oleg
il	1 24076 \
	52 4 \
	54 1 \
	95 8 \
	79106 3 \
	80987 1 \
	94192 1
tl	2 60780 893 222 0 0 0 0 \
	1 75923 882 70 0 0 0 0 \
	2 95 972 7 0 0 0 0
LI
 wh 56983
CH
 lo 54948
 pl 100
 he 100
 lk 3
 lr 108
 sl	630 2 28 0 0 \
	730 2 21 0 0 \
	731 2 14 0 0 \
	732 2 14 9 0 \
	733 2 14 3 0 \
	610 2 21 14 0 \
	617 2 14 23 0 \
	641 2 28 1 0 \
	700 2 21 0 0 \
	612 2 28 0 0 \
	616 2 14 4 0 \
	614 2 14 17 0 \
	615 2 21 8 0 \
	680 2 21 4 0 \
	720 2 21 0 0 \
	682 2 14 3 0 \
	721 2 14 7 0 \
	722 2 14 4 0 \
	703 2 14 1 0 \
	701 2 14 0 0 \
	702 2 14 0 0 \
	704 2 14 0 0 \
	681 2 14 0 0 \
	613 2 14 0 0 \
	631 2 14 0 0 \
	632 2 14 0 0 \
	633 2 14 0 0 \
	634 2 14 0 0 \
	723 2 14 0 0 \
	635 2 28 0 0 \
	637 2 21 0 0 \
	639 2 21 0 0 \
	636 2 14 0 0 \
	706 2 14 0 0 \
	705 2 14 0 0 \
	707 2 14 0 0 \
	690 2 28 0 0 \
	691 2 21 0 0 \
	696 2 14 0 0 \
	694 2 21 2 0 \
	695 2 21 0 0 \
	697 2 28 0 0 \
	611 2 28 0 0
 bp 50
 at 109
 df 212
 mi 87
 ct 133635 
CM
 hs 1
CO
 li use 732
 ar 0 0 0 0 0 0 0 732
 cs 2
 wa 10
 st 1
 us 732
 ue 2
 de 10
 pr 3

65543 char 0
na Mstislav the Brave
il	1 5582 \
	54 44 \
	94 9 \
	60780 60
tl	1 64388 37 2 0 0 0 0 \
	1 128885 158 22 0 0 0 0
LI
 wh 15039
CH
 lo 54948
 he 100
 lk 1
 lr 100
 sl	680 2 21 1 0 \
	681 2 14 0 0 \
	630 2 28 0 0 \
	600 2 21 0 0 \
	602 2 14 2 0 \
	601 2 14 42 0 \
	730 2 21 0 0 \
	732 2 14 8 0 \
	733 2 14 5 0 \
	731 2 14 0 0 \
	610 2 21 0 0 \
	700 2 21 0 0 \
	611 2 28 0 0 \
	612 2 28 0 0 \
	617 2 14 0 0 \
	703 2 14 2 0 \
	682 2 14 0 0 \
	701 2 14 0 0 \
	613 2 14 0 0 \
	603 2 14 0 0 \
	614 2 14 1 0
 bp 50
 at 80
 df 90
CO
 li fly W
 ar 0 0 0 0 0 0 0 0
 wa -1
 st 1
 ue 1
 pr 2

63090 char 0
na Andrew Bogoliubski
il	1 202 \
	54 2
tl	1 121826 970 27 0 0 0 0
LI
 wh 15138
CH
 lo 54948
 he 100
 lk 1
 lr 200
 sl	680 2 21 0 0 \
	700 2 21 0 0 \
	610 2 21 0 0 \
	630 2 28 0 0 \
	611 2 28 0 0 \
	614 2 14 2 0 \
	701 2 14 0 0 \
	702 2 14 2 0 \
	703 2 14 0 0
 bp 50
 at 80
 df 108
CO
 li wait unit m968
 ar 0 68968 0 0 0 0 0 0
 cs 2
 wa -1
 st 1
 ue 1
 de 6
 po 1
 pr 1

67105 char 0
na Truvor
LI
 wh 43174
CH
 lo 54948
 he 100
 lk 2
 lr 2
 sl	800 2 28 0 0 \
	802 2 14 15 0 \
	630 2 28 0 0 \
	641 2 28 1 0 \
	801 2 14 5 0 \
	803 2 14 0 0 \
	680 2 21 1 0 \
	682 2 14 2 0 \
	804 2 21 0 0 \
	814 2 21 0 0 \
	812 2 21 0 0 \
	805 2 14 0 0 \
	808 2 21 0 0 \
	807 2 21 5 0 \
	806 2 21 15 0 \
	813 2 21 0 0 \
	811 2 21 0 0 \
	809 2 21 0 0 \
	820 2 35 0 0 \
	860 2 35 0 0 \
	610 2 21 0 0 \
	617 2 14 8 0 \
	861 2 14 0 0 \
	862 2 14 14 0 \
	871 2 21 3 0 \
	821 2 21 0 0 \
	868 2 21 0 0 \
	865 2 14 0 0 \
	864 2 14 0 0 \
	872 2 21 0 0 \
	867 2 21 0 0 \
	866 2 14 0 0 \
	863 2 14 0 0 \
	869 2 14 0 0 \
	831 2 12 0 0 \
	826 2 21 0 0 \
	828 2 21 0 0 \
	900 2 42 0 0 \
	908 2 28 2 0 \
	880 2 0 0 0 \
	920 2 0 0 0 \
	824 2 0 0 0 \
	823 2 0 0 0 \
	829 2 0 0 0 \
	825 2 0 0 0 \
	832 2 0 0 0 \
	833 2 0 0 0 \
	827 2 0 0 0 \
	881 2 0 0 0 \
	882 2 0 0 0 \
	883 2 0 0 0 \
	884 2 0 0 0 \
	889 2 0 0 0 \
	922 2 0 9 0 \
	921 2 0 1 0 \
	892 2 0 1 0 \
	887 2 0 0 0 \
	893 2 0 0 0 \
	894 2 0 0 0 \
	885 2 0 0 0 \
	888 2 0 0 0 \
	907 2 0 0 0 \
	903 2 0 0 0 \
	909 2 0 0 0 \
	905 2 0 0 0 \
	902 2 0 0 0 \
	911 2 21 0 0 \
	822 2 21 0 0 \
	614 2 14 1 0 \
	615 2 21 0 0 \
	906 2 21 0 0 \
	904 2 21 0 0 \
	901 2 28 0 0 \
	886 2 14 0 0 \
	891 2 21 0 0
 bp 50
 at 80
 df 87
 mi 50
CM
 im 1
 ma 67
 ca 61
 hs 1
 kw 1
MI
 ds Greyfell Lord
CO
 li Explore
 ar 0 0 0 0 0 0 0 0
 cs 2
 wa 3
 st 1
 ue 3
 de 4
 pr 3

