55066 player pl_regular
na Lambent Crimson Glow
il	1 1600
ad 50739 51812 54112 54177 54214 54347 55066 55792 
PL
 fn Carl Burke
 em cburke@mitre.org
 pw beri8beri
 np 7
 ft 3
 lt 247
 kn 600 601 602 603 610 611 612 613 614 615 \
	616 617 630 631 632 633 634 635 636 637 639 \
	641 650 651 652 653 654 655 656 657 658 659 \
	661 670 671 672 673 674 675 676 680 681 682 \
	690 691 692 693 694 695 696 697 700 701 702 \
	703 704 705 706 707 720 721 722 723 730 731 \
	732 733 750 751 752 753 754 755 756 800 801 \
	802 803 804 805 806 807 808 809 811 812 813 \
	814 820 821 822 823 824 825 826 827 828 829 \
	831 832 833 840 841 842 843 844 845 846 847 \
	848 849 851 852 860 861 862 863 864 865 866 \
	867 868 869 871 872 880 881 882 883 884 885 \
	886 887 888 889 891 892 893 894 900 901 902 \
	903 904 905 906 907 908 909 911 920 921 922 \
	2578 2796 4912 5094 5154 5783 6525 6954 7679 8388 13345 \
	13346 13347 13444 13445 13447 13522 13541 13542 13543 13544 13545 \
	13546 13547 13622 13623 13637 13639 13640 13641 13642 13643 13644 \
	13647 13648 13649 13719 13720 13721 13722 13723 13724 13725 13726 \
	13727 13737 13738 13739 13740 13741 13742 13744 13747 13749 13818 \
	13820 13821 13822 13823 13824 13825 13826 13827 13837 13839 13840 \
	13841 13842 13844 13846 13847 13848 13849 13918 13919 13920 13921 \
	13934 13935 13936 13937 13938 13939 13944 13946 13948 14012 14013 \
	14014 14015 14016 14017 14018 14019 14020 14034 14035 14036 14037 \
	14038 14039 14041 14042 14043 14044 14045 14046 14047 14048 14114 \
	14118 14119 14120 14125 14126 14127 14128 14129 14130 14131 14132 \
	14133 14134 14135 14136 14137 14138 14139 14140 14141 14142 14143 \
	14144 14145 14214 14218 14220 14221 14222 14223 14224 14225 14230 \
	14231 14232 14233 14234 14239 14241 14242 14243 14244 14314 14315 \
	14316 14317 14318 14322 14323 14324 14325 14326 14330 14332 14338 \
	14339 14340 14341 14342 14415 14416 14417 14418 14421 14422 14423 \
	14424 14425 14426 14427 14430 14431 14432 14437 14438 14439 14441 \
	14442 14512 14513 14514 14515 14516 14517 14518 14520 14521 14522 \
	14523 14524 14525 14526 14527 14528 14529 14530 14531 14532 14533 \
	14534 14535 14536 14537 14539 14540 14541 14542 14612 14613 14614 \
	14615 14616 14617 14618 14619 14620 14621 14622 14623 14624 14625 \
	14626 14627 14633 14634 14635 14636 14637 14638 14639 14640 14641 \
	14642 14712 14713 14714 14715 14716 14717 14718 14719 14720 14721 \
	14722 14723 14724 14725 14726 14727 14728 14729 14730 14731 14732 \
	14733 14734 14735 14736 14737 14738 14739 14740 14741 14742 14743 \
	14744 14812 14813 14814 14815 14816 14817 14818 14819 14820 14821 \
	14822 14823 14824 14825 14826 14827 14828 14833 14834 14835 14836 \
	14837 14838 14839 14840 14841 14842 14843 14844 14911 14912 14913 \
	14914 14915 14916 14917 14918 14919 14920 14921 14922 14923 14924 \
	14925 14926 14927 14928 14933 14934 14935 14936 14937 14938 14939 \
	14940 14941 14942 14943 14944 15010 15011 15012 15013 15014 15015 \
	15016 15017 15018 15019 15020 15021 15022 15023 15024 15025 15026 \
	15028 15033 15034 15035 15036 15037 15038 15039 15040 15041 15042 \
	15043 15044 15100 15101 15102 15103 15104 15105 15106 15107 15108 \
	15109 15110 15111 15112 15113 15114 15115 15116 15117 15118 15119 \
	15120 15121 15122 15123 15124 15125 15126 15127 15128 15129 15130 \
	15131 15132 15133 15134 15135 15136 15137 15138 15139 15140 15141 \
	15142 15143 15144 15199 15207 15208 15209 15210 15211 15212 15213 \
	15214 15215 15216 15217 15218 15219 15220 15221 15222 15223 15224 \
	15225 15307 15314 15316 15317 15318 15319 15320 15321 15322 15323 \
	15324 15325 15407 15414 15416 15417 15418 15419 15420 15421 15506 \
	15507 15514 15516 15517 15518 15519 15520 15521 15606 15616 15620 \
	15621 15706 15707 15708 15716 15720 15808 15809 15816 15820 15909 \
	15916 15920 15972 16009 16016 16020 16109 16116 16120 16209 16216 \
	16220 16316 16416 16516 16616 20043 20195 20340 20402 20527 20768 \
	20864 20876 21203 21210 21270 21276 21333 21334 21346 21466 21530 \
	21548 21584 21587 21885 22161 22544 22548 22935 22972 23171 23279 \
	23280 23376 23399 23659 23682 23790 23929 24113 24192 24197 24231 \
	24239 24456 24602 24618 24624 25102 25222 25454 25565 25672 25730 \
	25752 25776 25879 25963 26091 26108 26224 26266 26395 26637 26747 \
	26816 27256 27404 27516 27671 27702 27755 27844 27970 28028 28045 \
	28223 28384 28748 29073 29103 29321 29335 29361 29422 29503 29584 \
	29708 29741 29825 29962 30082 30164 30223 30293 30519 30532 30959 \
	31088 31251 31353 31407 31789 31866 31971 32156 32204 32382 32413 \
	32673 33296 33574 33765 33779 33872 34030 34117 34382 34636 34770 \
	34837 34967 35323 35413 35573 35822 35888 35896 35915 35972 36033 \
	36130 36159 36323 36328 36607 36802 37114 37357 37637 38128 38309 \
	38604 38823 39141 39386 39404 39412 39440 39512 39933 40260 40352 \
	40393 40475 40909 41163 41194 41226 41240 41307 41432 41532 41583 \
	41608 41731 42086 42406 42408 42543 42576 42935 43174 43248 43291 \
	43326 43390 43811 43854 43889 43987 44112 44296 44326 44377 44482 \
	44511 44843 44884 44893 44992 45051 45119 45185 45228 45337 45344 \
	45736 45872 46325 46565 46572 46597 46742 46948 46988 47028 47095 \
	47207 47549 47632 47671 47732 47894 48124 48212 48250 48372 48451 \
	48461 48626 48677 49048 49191 49230 49261 49370 49548 49904 56801 \
	56896 56916 56937 56958 56964 56983 57140 57166 57268 57285 57364 \
	57497 57572 57730 58055 58057 58071 58137 58318 58423 58426 58446 \
	58516 58622 58687 58738 59070 59214 59378 59519 59738 59744 59796 \
	59881 60441 60501 60579 60672 60878 61392 62189 62317 62633 62711 \
	62768 62804 63323 63984 64073 64135 64301 64436 64917 64946 64985 \
	65025 65161 65205 65237 65376 65445 65597 65602 65731 65785 65833 \
	65926 66112 66134 66480 66652 66704 66713 66785 66844 66938 67009 \
	67162 67252 67370 67396 67612 67673 67850 67887 67978 68042 68051 \
	68087 68341 68420 69367 69380 69665 69931 70036 70110 70111 70654 \
	71593 71622 71661 71808 71981 72382 72422 72632 72896 73097 73128 \
	73301 73353 73584 73869 74144 74455 74607 75212 75440 75616 75822 \
	76063 76064 76580 77092 77497 78017 78181 78368 78396 78530 78559 \
	78703 
 un 4575 5663 9769 6817 2892 9510 1324 2161 7631 \
	6881 5557 9887 96074 3627 4185 
 uf 61406 61584 78963 68362 75070 
 am 1324 0 50739 54347 54112 51812 55792 54214 
 am 2161 0 50739 54347 54112 51812 55792 54214 
 am 2892 0 50739 54347 54112 51812 55792 54214 
 am 3627 0 50739 54347 54112 51812 55792 54214 
 am 4185 0 50739 54347 54112 51812 55792 54214 
 am 4575 0 50739 54347 54112 51812 55792 54214 
 am 5094 0 50739 54347 54112 51812 55792 54214 
 am 5154 0 50739 54347 54112 51812 55792 54214 
 am 5557 0 50739 54347 54112 51812 55792 54214 
 am 5663 0 50739 54347 54112 51812 55792 54214 
 am 5783 1 
 am 6525 0 50739 54347 54112 51812 55792 54214 
 am 6817 0 50739 54347 54112 51812 55792 54214 
 am 6881 0 50739 54347 54112 51812 55792 54214 
 am 6954 0 54347 50739 51812 55792 54112 
 am 7631 0 50739 54347 54112 51812 55792 54214 
 am 7679 0 54347 50739 51812 55792 54112 
 am 9510 0 50739 54347 54112 51812 55792 54214 
 am 9769 0 50739 54347 54112 51812 55792 54214 
 am 9887 0 50739 54347 54112 51812 55792 54214 
 am 55066 0 54347 50739 51812 55792 54112 
 am 96074 0 50739 54347 54112 51812 55792 54214 
CO
 li name cm22 "Grim Waste"
 ar 0 0 0 0 0 0 0 0
 st 1
 pr 1

4575 char 0
na Shadewalker
il	1 3136 \
	12 2 \
	15 1
tl	2 95 909 7 0 0 0 0
LI
 wh 5470
CH
 lo 55066
 he 100
 lk 2
 lr 1
 sl	630 2 28 0 0 \
	670 2 28 0 0 \
	631 2 14 0 0 \
	671 2 14 0 0 \
	632 2 14 0 0 \
	672 2 21 0 0 \
	633 2 14 0 0 \
	673 2 14 0 0 \
	674 2 21 0 0 \
	634 2 14 0 0 \
	680 2 21 3 0 \
	682 2 14 3 0 \
	635 2 28 0 0 \
	636 2 14 0 0 \
	637 2 21 0 0 \
	639 2 21 0 0 \
	641 2 28 0 0 \
	675 2 21 0 0 \
	676 2 14 0 0 \
	650 2 28 0 0 \
	657 2 21 0 0 \
	658 2 21 0 0 \
	659 2 21 0 0 \
	661 2 21 0 0 \
	700 2 21 0 0 \
	706 2 14 0 0 \
	701 2 14 0 0 \
	702 2 14 0 0 \
	703 2 14 0 0 \
	704 2 14 0 0 \
	707 2 14 0 0 \
	705 2 14 0 0 \
	610 2 21 3 0 \
	600 2 21 0 0 \
	651 2 21 0 0 \
	611 2 28 0 0 \
	614 2 14 6 0 \
	615 2 21 8 0 \
	616 2 14 27 0 \
	612 2 28 0 0 \
	613 2 14 0 0
 bp 50
 at 389
 df 124
 mi 113
CM
 vp 4
CO
 li use 615
 ar 0 0 0 0 0 0 0 615
 st 1
 us 615
 ue 2
 de 7
 pr 3

5663 char 0
na Brother Cestus
il	11 5 \
	15 12 \
	16 6 \
	22 1 \
	98 5
LI
 wh 5470
CH
 lo 55066
 he 100
 lk 2
 lr 1
 sl	610 2 21 30 0 \
	750 2 35 0 0 \
	755 2 28 0 0 \
	756 2 28 12 0 \
	751 2 28 18 0 \
	753 2 21 6 0 \
	754 2 28 0 0 \
	752 2 28 0 0 \
	611 2 28 0 0 \
	612 2 28 0 0 \
	614 2 14 31 0 \
	615 2 21 24 0 \
	616 2 14 42 0 \
	613 2 14 0 0 \
	617 2 14 0 0 \
	600 2 21 0 0 \
	601 2 14 0 0
 bp 50
 at 403
 df 249
 mi 218
CM
 vp 6
 vi 10114 10222 13278 14043 57600 58338 58575 58666 
CO
 li use 615
 ar 0 0 0 0 0 0 0 615
 st 1
 us 615
 ue 4
 de 6
 pr 3

9769 char 0
na Foamtreader
il	11 2 \
	12 16 \
	19 18 \
	261 7
LI
 wh 5470
CH
 lo 55066
 he 100
 lk 2
 lr 1
 sl	600 2 21 0 0 \
	601 2 14 39 0 \
	603 2 14 1 0 \
	602 2 14 0 0 \
	610 2 21 8 0 \
	611 2 28 0 0 \
	616 2 14 70 0 \
	612 2 28 1 0 \
	615 2 21 46 0 \
	614 2 14 64 0
 bh 9
 at 670
 df 611
 mi 355
CM
 bf 1
 vp 6
CO
 li use 615
 ar 0 0 0 0 0 0 0 615
 st 1
 us 615
 ue 5
 de 6
 pr 3

6817 char 0
na Doctor Drassa
il	1 9044 \
	10 9 \
	11 3 \
	15 5 \
	54 15 \
	76 29 \
	271 10 \
	272 9
tl	2 99 800 132 0 0 0 0 \
	2 94 969 4 0 0 0 0
LI
 wh 9374
CH
 lo 55066
 he 100
 lk 2
 lr 1
 sl	650 2 28 0 0 \
	654 2 28 133 0 \
	651 2 21 0 0 \
	652 2 28 0 0 \
	653 2 28 0 0 \
	655 2 14 0 0 \
	610 2 21 0 0 \
	611 2 28 0 0
 bp 50
 at 80
 df 80
MI
 ds TIB Alliance
CO
 li breed 76 76
 ar 76 76 0 0 0 0 0 0
 st 1
 de 6
 pr 3

2892 char 0
na Kvetch Drover
il	1 18398 \
	12 30 \
	15 29 \
	76 6
tl	1 68440 35 13 0 0 0 0 \
	2 68440 35 92 0 0 0 0 \
	2 94 920 4 0 0 0 0
LI
 wh 2247
CH
 lo 55066
 he 100
 lk 2
 lr 1
 sl	610 2 21 20 0 \
	730 2 21 0 0 \
	732 2 14 6 0 \
	733 2 14 7 0 \
	731 2 14 0 0 \
	611 2 28 0 0 \
	630 2 28 0 0 \
	631 2 14 0 0 \
	632 2 14 0 0 \
	690 2 28 0 0 \
	612 2 28 0 0 \
	613 2 14 0 0 \
	614 2 14 0 0 \
	615 2 21 0 0 \
	616 2 14 0 0
 bh 9
 bp 50
 at 80
 df 80
 mi 50
MI
 ds TIB Hellrangers
CO
 li make 94 16
 ar 94 16 16 16 0 0 0 0
 st 1
 ue 2
 de 16
 po 1
 pr 3

9510 char 0
na Digger Smolken
il	1 27778 \
	15 29 \
	76 6 \
	79 47
tl	2 94 967 4 0 0 0 0 \
	1 79 943 30 0 0 0 0 \
	1 68440 35 13 0 0 0 0 \
	2 68440 35 92 0 0 0 0
LI
 wh 2247
CH
 lo 55066
 he 100
 lk 2
 lr 1
 sl	720 2 21 0 0 \
	723 2 14 23 0 \
	721 2 14 67 0 \
	610 2 21 18 0 \
	617 2 14 11 0 \
	722 2 14 21 0 \
	616 2 14 38 0 \
	615 2 21 50 0 \
	611 2 28 0 0 \
	614 2 14 50 0 \
	612 2 28 1 0 \
	613 2 14 0 0 \
	700 2 21 0 0 \
	702 2 14 3 0 \
	680 2 21 2 0 \
	701 2 14 0 0 \
	703 2 14 0 0
 at 227
 df 273
 mi 273
MI
 ds Black hand, bar sinister (TIBS Alliance)
CO
 li use 615
 ar 0 0 0 0 0 0 0 615
 st 1
 us 615
 ue 5
 de 6
 pr 3

1324 char 0
na Oddi Bilisson
il	1 51610 \
	52 7 \
	76 23 \
	271 15 \
	295 1 \
	119964 1 \
	148188 1
tl	1 60739 25 21 0 0 0 0 \
	2 60739 25 111 0 0 0 0 \
	1 68440 35 13 0 0 0 0 \
	2 68440 70 92 0 0 0 0
LI
 wh 2247
CH
 lo 55066
 he 100
 lk 2
 lr 1
 sl	650 2 28 0 0 \
	655 2 14 67 0 \
	656 2 14 26 0 \
	658 2 21 0 0 \
	661 2 21 5 0 \
	657 2 21 118 0 \
	654 2 28 28 0 \
	652 2 28 0 0 \
	651 2 21 2 0 \
	653 2 28 0 0 \
	690 2 28 0 0 \
	610 2 21 0 0
 bh 9
 bp 50
 at 80
 df 80
MI
 ds Black Hand, bar sinister (TIBS Alliance)
CO
 li breed 76 76
 ar 76 76 0 0 0 0 0 0
 st 1
 ue 4
 de 6
 pr 3

2161 char 0
na Balkor Krandolf
il	1 26952 \
	15 29 \
	52 8 \
	76 6 \
	94 4 \
	62160 47 \
	68440 35
tl	1 60739 25 21 0 0 0 0 \
	2 60739 25 111 0 0 0 0 \
	2 62160 47 64 0 0 0 0 \
	1 68440 35 13 0 0 0 0 \
	2 68440 70 92 0 0 0 0
LI
 wh 2247
CH
 lo 55066
 he 100
 lk 2
 lr 1
 sl	610 2 21 18 0 \
	611 2 28 0 0 \
	612 2 28 0 0 \
	730 2 21 0 0 \
	732 2 14 4 0 \
	733 2 14 1 0 \
	731 2 14 0 0 \
	613 2 14 0 0 \
	614 2 14 20 0 \
	615 2 21 11 0 \
	616 2 14 4 0 \
	617 2 14 0 0 \
	630 2 28 0 0 \
	631 2 14 0 0 \
	632 2 14 0 0 \
	633 2 14 0 0 \
	600 2 21 0 0 \
	601 2 14 0 0
 bh 9
 bp 50
 at 110
 df 286
 mi 164
MI
 ds Black hand, bar sinister (TIBS)
CO
 li use 614
 ar 0 0 0 0 0 0 0 614
 st 1
 us 614
 ue 3
 de 6
 pr 3

7631 char 0
na Cain Birch
il	1 2448 \
	11 1
tl	2 94 915 4 0 0 0 0
LI
 wh 2247
CH
 lo 55066
 he 100
 lk 2
 lr 1
 sl	700 2 21 0 0 \
	703 2 14 26 0 \
	702 2 14 13 0 \
	610 2 21 0 0 \
	612 2 28 1 0 \
	704 2 14 16 0 \
	701 2 14 0 0 \
	611 2 28 0 0 \
	616 2 14 7 0 \
	614 2 14 8 0 \
	705 2 14 0 0 \
	615 2 21 10 0 \
	690 2 28 0 0 \
	695 2 21 0 0 \
	691 2 21 0 0 \
	692 2 21 0 0 \
	693 2 21 0 0 \
	696 2 14 0 0 \
	697 2 28 0 0 \
	694 2 21 0 0
 bh 9
 at 105
 df 123
 mi 106
MI
 ds TIB Hellrangers
CO
 li use 614
 ar 0 0 0 0 0 0 0 614
 st 1
 us 614
 ue 2
 de 7
 pr 3

6881 char 0
na Griswold The Red
il	1 10632 \
	10 20 \
	11 9 \
	12 4 \
	15 113 \
	20 12 \
	22 100 \
	65 20 \
	68 70 \
	72 5 \
	73 9 \
	75 111 \
	77 5 \
	79 1 \
	83 2 \
	84 16 \
	85 111 \
	98 62 \
	102 50 \
	63962 1 \
	69009 1 \
	78236 1 \
	109856 1 \
	122267 1 \
	123016 1
LI
 wh 6525
CH
 lo 55066
 he 100
 lk 2
 lr 2
 sl	610 2 21 46 0 \
	680 2 21 4 0 \
	616 2 14 111 0 \
	682 2 14 20 0 \
	612 2 28 2 0 \
	617 2 14 64 0 \
	615 2 21 68 0 \
	681 2 14 0 0 \
	613 2 14 0 0 \
	614 2 14 42 0 \
	690 2 28 2 0 \
	693 2 21 0 0 \
	611 2 28 0 0 \
	691 2 21 0 0 \
	692 2 21 0 0 \
	696 2 14 0 0 \
	694 2 21 0 0 \
	697 2 28 0 0 \
	695 2 21 4 0
 ra 60
 at 346
 df 308
 mi 482
CM
 vp 2
MI
 ds Black Hand, bar sinister (TIBS Alliance)
CO
 li use 615
 ar 0 0 0 0 0 0 0 615
 st 1
 us 615
 ue 5
 de 6
 pr 3

5557 char 0
na Rose Kestrel
il	1 4524 \
	11 10 \
	12 10 \
	82 47 \
	60197 1 \
	61376 1 \
	98696 1
tl	2 94 646 4 0 0 0 0
LI
 wh 4912
CH
 lo 55066
 he 100
 lk 2
 lr 1
 sl	800 2 28 0 0 \
	860 2 35 0 0 \
	862 2 14 34 0 \
	802 2 14 25 0 \
	610 2 21 21 0 \
	617 2 14 9 0 \
	615 2 21 6 0 \
	803 2 14 8 0 \
	801 2 14 4 0 \
	813 2 21 42 0 \
	804 2 21 0 0 \
	805 2 14 0 0 \
	807 2 21 0 0 \
	811 2 21 0 0 \
	808 2 21 0 0 \
	869 2 14 2 0 \
	871 2 21 0 0 \
	867 2 21 0 0 \
	863 2 14 13 0 \
	840 2 35 0 0 \
	865 2 14 0 0 \
	864 2 14 0 0 \
	868 2 21 4 0 \
	872 2 21 12 0 \
	814 2 21 0 0 \
	812 2 21 0 0 \
	611 2 28 0 0 \
	866 2 14 0 0 \
	806 2 21 0 0 \
	809 2 21 3 0 \
	846 2 21 0 0 \
	848 2 21 0 0 \
	843 2 21 0 0 \
	852 2 21 0 0 \
	849 2 21 0 0 \
	851 2 21 0 0 \
	841 2 21 1 0 \
	847 2 21 0 0 \
	861 2 14 0 0 \
	820 2 35 0 0 \
	880 2 42 0 0 \
	845 2 21 0 0 \
	842 2 14 0 0 \
	844 2 21 0 0 \
	831 2 28 0 0 \
	833 2 21 0 0 \
	826 2 21 0 0 \
	827 2 21 17 0 \
	825 2 21 0 0 \
	832 2 21 5 0 \
	829 2 21 5 0 \
	828 2 21 0 0 \
	889 2 21 0 0 \
	894 2 21 0 0 \
	886 2 14 0 0 \
	885 2 14 0 0 \
	888 2 21 3 0 \
	892 2 21 0 0 \
	891 2 21 0 0 \
	821 2 21 0 0 \
	822 2 21 0 0 \
	884 2 28 0 0 \
	823 2 21 0 0 \
	824 2 21 0 0 \
	893 2 21 0 0 \
	887 2 21 3 0 \
	900 2 42 0 0 \
	901 2 28 0 0 \
	902 2 21 0 0 \
	907 2 21 0 0 \
	904 2 21 0 0 \
	905 2 21 0 0 \
	911 2 21 0 0 \
	906 2 21 0 0 \
	908 2 28 0 0 \
	909 2 21 0 0 \
	903 2 21 0 0 \
	881 2 14 1 0 \
	882 2 14 0 0 \
	883 2 14 0 0 \
	920 2 0 0 0 \
	922 2 28 0 0 \
	921 2 28 0 0
 bh 9
 bp 50
 at 80
 df 80
 mi 68
CM
 im 1
 ma 4
 ca 156
 cm 4
 kw 1
 vp 1
 ar 98696
MI
 ds Black Hand, bar sinister (TIBS Alliance)
CO
 li use 813
 ar 0 0 0 0 0 0 0 813
 st 1
 us 813
 ue 5
 de 6
 pr 3

9887 char 0
na Bladeforger
il	1 27880 \
	14 1 \
	15 52 \
	52 1 \
	76 3 \
	79 1 \
	98 1 \
	65602 1 \
	75153 1
ad 9509 
LI
 wh 31251
 hl 96074 3627 
CH
 lo 55066
 he 100
 lk 2
 lr 1
 sl	610 2 21 28 0 \
	720 2 21 0 0 \
	721 2 14 7 0 \
	722 2 14 6 0 \
	617 2 14 17 0 \
	616 2 14 41 0 \
	612 2 28 1 0 \
	611 2 28 0 0 \
	614 2 14 11 0 \
	615 2 21 16 0
 at 156
 df 135
 mi 113
MI
 ds TIB Hellrangers
CO
 li explore
 ar 0 0 0 0 0 0 0 0
 ue 3
 de 7
 pr 3

96074 char ni
na Fawning Lackey
il	22 24
LI
 wh 9887
CH
 ni 32
 lo 55066
 he -1
 lk 4
 bh 9
 at 60
 df 60
CM
 ot 65602
MI
 ca r
 ds TIB Hellrangers
CO
 li banner "TIB Hellrangers"
 ar 0 0 0 0 0 0 0 0
 st 1
 pr 1

3627 char 0
na Kyle Rumrunner
il	1 400
tl	2 94 802 4 0 0 0 0
LI
 wh 9887
CH
 lo 55066
 he 100
 lk 2
 lr 1
 sl	700 2 21 0 0 \
	701 2 14 0 0 \
	702 2 14 0 0 \
	703 2 14 0 0 \
	610 2 21 0 0 \
	630 2 28 0 0 \
	612 2 28 0 0 \
	613 2 14 0 0 \
	615 2 21 0 0 \
	616 2 14 0 0 \
	614 2 14 0 0 \
	617 2 14 0 0 \
	631 2 14 0 0 \
	632 2 14 0 0
 bh 9
 bp 50
 at 80
 df 80
 mi 50
MI
 ds TIB Hellrangers
CO
 li explore
 ar 0 0 0 0 0 0 0 0
 de 7
 pr 3

4185 char 0
na Pierin Dunne
il	1 989
tl	2 68345 178 79 0 0 0 0 \
	2 76997 423 91 0 0 0 0 \
	2 94 652 4 0 0 0 0
LI
 wh 22548
CH
 lo 55066
 he 100
 lk 2
 lr 1
 sl	630 2 28 0 0 \
	631 2 14 0 0 \
	610 2 21 0 0 \
	632 2 14 0 0 \
	633 2 14 0 0 \
	634 2 14 0 0 \
	635 2 28 0 0 \
	612 2 28 0 0 \
	613 2 14 0 0 \
	614 2 14 0 0 \
	615 2 21 0 0 \
	616 2 14 0 0 \
	617 2 14 0 0 \
	730 2 21 0 0 \
	731 2 14 0 0 \
	732 2 14 0 0 \
	611 2 28 0 0
 bh 9
 bp 50
 at 80
 df 80
 mi 50
MI
 ds TIB Hellrangers
CO
 li move e
 ar 0 2 22548 0 1 7 40260 1
 st 1
 de 7
 pr 2

