55115 player pl_regular
na Men of Szczek
il	1 75
ad 50333 51853 53513 53627 54948 55115 55705 56223 56309 \
	56363 
CH
PL
 fn Gerry Brand
 em mordred@attglobal.net
 ve lubonski@hotmail.com
 pw Gorka
 ft 83
 so 1
 lt 260
 kn 69 600 601 602 603 610 611 612 613 614 \
	615 616 617 630 631 632 633 634 635 636 637 \
	639 641 650 653 654 670 671 672 673 674 675 \
	676 680 681 682 690 691 692 693 694 695 696 \
	697 700 701 702 703 704 705 720 721 722 730 \
	731 732 733 750 751 753 754 755 756 800 801 \
	802 803 804 805 806 807 808 809 811 812 813 \
	814 820 821 822 823 824 825 826 827 828 829 \
	831 832 833 840 841 842 843 844 845 846 847 \
	848 849 851 852 860 861 862 863 864 865 866 \
	867 868 869 871 872 880 881 882 883 884 885 \
	886 887 888 889 891 892 893 894 900 901 902 \
	903 904 905 906 907 908 909 911 920 921 922 \
	2042 2105 2578 2935 2977 3619 6416 6625 9998 12235 12239 \
	12335 12339 12435 12436 12437 12438 12439 12539 12639 12739 12839 \
	12939 13039 13047 13138 13139 13147 13151 13238 13239 13240 13241 \
	13242 13243 13244 13245 13246 13247 13248 13249 13250 13251 13338 \
	13339 13340 13345 13347 13350 13351 13430 13431 13432 13433 13434 \
	13435 13436 13437 13438 13439 13440 13441 13442 13443 13444 13445 \
	13446 13447 13448 13449 13450 13451 13528 13529 13530 13531 13532 \
	13533 13534 13535 13538 13539 13540 13541 13542 13543 13544 13545 \
	13546 13547 13548 13549 13550 13551 13628 13630 13638 13639 13640 \
	13641 13642 13643 13644 13645 13646 13647 13648 13649 13650 13651 \
	13724 13725 13726 13727 13728 13729 13730 13738 13739 13741 13744 \
	13745 13746 13747 13748 13749 13750 13751 13822 13823 13824 13825 \
	13826 13827 13828 13838 13839 13840 13841 13844 13845 13846 13847 \
	13848 13849 13850 13851 13922 13924 13939 13941 13944 13945 13946 \
	13947 13948 13949 13950 13951 14022 14024 14039 14040 14041 14043 \
	14044 14045 14046 14047 14048 14049 14050 14122 14123 14124 14139 \
	14140 14141 14142 14143 14144 14145 14214 14215 14216 14217 14218 \
	14219 14220 14221 14222 14233 14234 14235 14236 14237 14238 14239 \
	14240 14241 14242 14243 14244 14314 14318 14333 14334 14335 14336 \
	14337 14338 14339 14340 14341 14342 14343 14414 14418 14435 14439 \
	14441 14442 14508 14509 14510 14512 14513 14514 14515 14516 14517 \
	14518 14535 14539 14540 14541 14542 14612 14614 14635 14636 14637 \
	14638 14639 14640 14641 14642 14712 14714 14739 14741 14742 14809 \
	14810 14811 14812 14813 14814 14815 14839 14840 14841 14842 14906 \
	14907 14908 14909 14910 14911 14912 14914 14939 14941 14942 15006 \
	15009 15038 15039 15040 15041 15106 15109 15206 15207 15208 15209 \
	15306 15309 15406 15506 15606 15706 15806 15807 15808 15809 15906 \
	15909 15910 16006 16009 16106 16109 16206 16209 16306 16307 16308 \
	16309 16310 16410 16510 16610 16710 16810 16811 16812 16813 16814 \
	16815 16816 16817 16818 16819 16820 16821 16910 16911 16912 16913 \
	16914 16915 16916 16917 16918 16919 16920 16921 16922 16923 16924 \
	16925 16926 16927 17024 17027 17028 17029 17030 17031 17032 17033 \
	17034 17035 17036 17037 17038 17039 17040 17041 17042 17043 17044 \
	17045 17124 17130 17131 17132 17133 17134 17135 17136 17137 17138 \
	17139 17140 17141 17142 17143 17144 17145 17224 17225 17226 17227 \
	17228 17229 17230 20034 20049 20288 20364 20446 20455 20507 20540 \
	20568 21280 21487 21559 22028 22324 22480 22489 22956 23273 23337 \
	23492 23749 24057 24063 24272 24534 24684 24699 25089 25652 25705 \
	25942 26192 26441 26446 26606 26645 26700 27023 27139 27337 27467 \
	27698 27847 27999 28010 28449 28863 29253 29273 29420 29479 29488 \
	29588 29603 29772 30418 30424 30544 30700 30725 30828 30847 31399 \
	31473 31644 31854 31981 32299 32477 32842 32932 33601 33646 33895 \
	33907 33969 33975 34633 34863 34904 34955 35076 35121 35434 35745 \
	35996 36103 36155 36698 36902 37517 37634 38621 38963 39064 39192 \
	39568 39598 39647 39912 40518 40612 41068 41088 41173 41297 41748 \
	41787 41813 41847 41868 42033 42212 42296 42396 42592 42634 43273 \
	43472 44348 44434 44515 44554 44820 44844 44961 45082 45363 45372 \
	45416 45792 46003 46031 46206 46739 46753 46835 46994 47268 47384 \
	47598 47660 47877 47890 47911 48400 48433 48484 48644 48651 48673 \
	49293 49489 56896 56983 57081 57190 57268 57537 57625 57679 58318 \
	58374 58516 58575 58599 58622 58687 58707 58738 59118 59148 59441 \
	59592 60364 61831 62182 62498 62566 62751 62919 63806 65425 66192 \
	66271 66275 66439 66690 66773 66792 67290 67348 68650 69140 69239 \
	69419 69639 69684 69809 69975 70124 70834 71013 71910 72267 72962 \
	73045 74516 74637 74657 74675 74717 74976 75177 75300 75311 75592 \
	76902 77211 77310 77646 78080 78257 78343 78478 85172 89010 134602 
 un 70824 117142 111127 73492 63401 67540 101726 59434 124606 \
	69299 59379 
 uf 122638 124911 88293 96222 80757 
 am 2042 0 50333 54948 55115 53627 56309 56363 55705 \
	56223 51665 
 am 2105 0 54948 50333 51665 
 am 2578 0 50333 55115 54948 51665 50797 53513 56309 \
	56223 56363 51853 55705 53627 50535 50837 51323 53249 54172 54295 \
	54404 54587 54597 54935 55263 55275 56297 56455 56746 
 am 2935 0 50333 54948 
 am 6416 0 50333 54948 55115 53627 56309 56363 55705 \
	56223 51853 53513 
 am 55115 0 50333 54948 53627 56309 56363 55705 56223 \
	51853 53513 67105 
 am 59379 0 54948 
 am 62566 0 50333 
 am 66271 0 50333 54948 55115 65543 
 am 66791 0 50333 54948 55115 53627 56309 56363 55705 \
	56223 51853 53513 
 am 68477 0 50333 54948 
 am 69140 0 68003 75277 
 am 69299 0 50333 54948 55115 51665 56309 
 am 70124 0 54948 
 am 70949 0 5804 
 am 72267 0 50333 54948 55115 51665 51853 53513 56309 \
	53627 51853 56223 
 am 73492 0 138608 2621 
 am 75592 0 50333 55115 54948 51665 51853 53513 56309 \
	53627 51853 56223 
 am 78205 0 50333 
CO
 li accept 0 0
 ar 0 0 0 0 0 0 0 0
 st 1

70824 char 0
na Jan Sobieski
il	1 1433 \
	54 15 \
	92927 26 \
	135399 1
LI
 wh 56896
CH
 lo 55115
 pl 100
 he 100
 lk 3
 lr 947
 sl	610 2 21 18 0 \
	612 2 28 1 0 \
	630 2 28 0 0 \
	617 2 14 7 0 \
	613 2 14 0 0 \
	720 2 21 0 0 \
	641 2 28 2 0 \
	614 2 14 3 0 \
	615 2 21 5 0 \
	616 2 14 2 0 \
	680 2 21 1 0 \
	682 2 14 6 0 \
	721 2 14 0 0 \
	670 2 28 0 0 \
	722 2 14 0 0 \
	671 2 14 0 0 \
	672 2 21 0 0 \
	673 2 14 0 0 \
	730 2 21 0 0 \
	733 2 14 2 0 \
	732 2 14 4 0 \
	674 2 21 0 0 \
	631 2 14 0 0 \
	632 2 14 0 0 \
	611 2 28 0 0 \
	633 2 14 0 0 \
	681 2 14 0 0 \
	700 2 21 0 0 \
	704 2 14 7 0 \
	731 2 14 0 0 \
	701 2 14 0 0 \
	702 2 14 1 0 \
	703 2 14 1 0
 bh 7
 at 88
 df 120
 mi 110
CM
 hs 1
MI
 ds Greyfell Lord
CO
 li use 733 92927
 ar 92927 0 0 0 0 0 0 733
 us 733
 ue 1
 de 14
 pr 3

117142 char 0
na Breeder IV
LI
 wh 14041
CH
 lo 55115
 he 100
 lk 3
 lr 96
 sl	610 2 21 0 0 \
	611 1 7 0 0 \
	650 2 28 0 0 \
	654 1 7 0 0
 bp 50
 at 80
 df 80
CO
 li explore
 ar 0 0 0 0 0 0 0 0
 cs 2
 wa 2
 st 1
 de 5
 pr 3

111127 char 0
na Breeder V
LI
 wh 14140
CH
 lo 55115
 he 100
 lk 1
 lr 200
 sl	610 2 21 0 0 \
	650 2 28 0 0 \
	611 1 21 0 0 \
	654 1 14 0 0
 bp 50
 at 80
 df 80
CO
 li explore
 ar 0 0 0 0 0 0 0 0
 cs 2
 wa 6
 st 1
 de 1
 pr 3

73492 char 0
na Lord Krzysztof
il	1 690 \
	18 91 \
	271 15 \
	282 28 \
	66232 1
LI
 wh 57268
 hl 63401 67540 
CH
 lo 55115
 he 100
 lk 2
 lr 2
 sl	680 2 21 2 0 \
	730 2 21 0 0 \
	732 2 14 3 0 \
	610 2 21 44 0 \
	611 2 28 0 0 \
	733 2 14 2 0 \
	612 2 28 1 0 \
	617 2 14 37 0 \
	630 2 28 0 0 \
	600 2 21 0 0 \
	670 2 28 0 0 \
	631 2 14 1 0 \
	731 2 14 0 0 \
	602 2 14 1 0 \
	700 2 21 0 0 \
	704 2 14 2 0 \
	613 2 14 0 0 \
	614 2 14 4 0 \
	601 2 14 7 0 \
	615 2 21 12 0 \
	616 2 14 15 0 \
	701 2 14 0 0 \
	641 2 28 1 0 \
	682 2 14 0 0 \
	671 2 14 0 0 \
	672 2 21 0 0 \
	673 2 14 0 0 \
	632 2 14 0 0 \
	635 2 28 0 0 \
	900 2 42 0 0 \
	703 2 14 0 0 \
	911 2 21 0 0 \
	909 2 21 0 0 \
	800 2 28 0 0 \
	801 2 14 0 0 \
	802 2 14 2 0 \
	803 2 14 0 0 \
	804 2 21 0 0 \
	813 2 21 1 0 \
	805 2 14 0 0 \
	902 2 21 0 0 \
	903 2 21 10 0 \
	904 2 21 0 0 \
	633 2 14 0 0 \
	702 2 14 0 0 \
	906 2 21 0 0 \
	809 2 21 0 0 \
	808 2 21 0 0 \
	634 2 14 0 0 \
	806 2 21 6 0 \
	807 2 21 2 0 \
	812 2 21 0 0 \
	814 2 21 0 0 \
	905 2 21 0 0 \
	907 2 21 0 0 \
	603 2 14 0 0 \
	681 2 14 0 0 \
	908 2 28 0 0 \
	674 2 21 0 0 \
	637 2 21 0 0 \
	636 2 14 0 0 \
	705 2 14 0 0 \
	811 2 21 0 0 \
	650 2 28 0 0 \
	654 2 28 5 0 \
	653 2 28 0 0
 at 122
 df 105
 mi 122
CM
 im 1
 ma 24
 ca 3
 hs 1
 pl 3475
MI
 ds Lord Fouls Minion
CO
 li breed 271 271
 ar 271 271 0 0 0 0 0 0
 cs 2
 wa 3
 st 1
 ue 1
 de 3
 pr 3

63401 char 0
na Breeder I
il	1 100 \
	282 3
LI
 wh 73492
CH
 lo 55115
 he 100
 lk 3
 lr 93
 sl	610 2 21 0 0 \
	650 2 28 0 0 \
	654 2 28 6 0 \
	611 2 28 0 0
 bp 50
 at 80
 df 80
MI
 ds Greyfell Lord
CO
 li give s492 282 0
 ar 73492 282 0 0 0 0 0 0
 st 1
 pr 1

67540 char 0
na Breeder II
il	1 100 \
	282 3
LI
 wh 73492
CH
 lo 55115
 he 100
 lk 3
 lr 94
 sl	650 2 28 0 0 \
	610 2 21 0 0 \
	654 2 28 5 0 \
	611 2 28 0 0
 bp 50
 at 80
 df 80
MI
 ds Greyfell Lord
CO
 li give s492 282 0
 ar 73492 282 0 0 0 0 0 0
 st 1
 pr 1

101726 char 0
na Breeder III
LI
 wh 57268
CH
 lo 55115
 he 100
 lk 3
 lr 96
 sl	610 2 21 0 0 \
	650 2 28 0 0 \
	611 1 21 0 0 \
	654 1 21 0 0
 bp 50
 at 80
 df 80
CO
 li move in
 ar 0 7 57268 0 0 1 14141 0
 st 1
 de 1
 pr 2

59434 char 0
na Travis Trader
il	1 3087
LI
 wh 2578
CH
 lo 55115
 he 100
 lk 3
 lr 91
 sl	610 2 21 0 0 \
	611 2 28 0 0 \
	614 2 14 2 0 \
	613 2 14 0 0 \
	612 2 28 0 0
 bp 50
 at 80
 df 101
CO
 li use 614
 ar 0 0 0 0 0 0 0 614
 cs 2
 wa 3
 st 1
 us 614
 ue 1
 de 4
 pr 3

124606 char 0
na Breeder VI
LI
 wh 14241
CH
 lo 55115
 he 100
 lk 1
 lr 200
 sl	610 2 21 0 0 \
	650 2 28 0 0 \
	611 2 28 0 0 \
	654 1 7 0 0
 bp 50
 at 80
 df 80
CO
 li explore
 ar 0 0 0 0 0 0 0 0
 cs 2
 wa 4
 st 1
 de 3
 pr 3

69299 char 0
na Benedykta
tl	2 94 41 2 0 0 0 0
LI
 wh 27698
CH
 lo 55115
 he 100
 lk 2
 lr 2
 sl	800 2 28 0 0 \
	802 2 14 15 0 \
	610 2 21 0 0 \
	880 2 42 0 0 \
	750 2 35 0 0 \
	754 2 28 0 0 \
	753 2 21 7 0 \
	801 2 14 3 0 \
	756 1 20 0 0 \
	751 2 28 6 0 \
	755 1 22 0 0 \
	803 2 14 1 0 \
	807 2 21 2 0 \
	804 2 21 0 0 \
	813 2 21 2 0 \
	881 2 14 1 0 \
	920 2 0 0 0 \
	805 2 14 0 0 \
	921 2 28 3 0 \
	922 2 28 44 0 \
	809 2 21 0 0 \
	690 2 28 10 0 \
	808 2 21 5 0 \
	806 2 21 14 0 \
	811 2 21 0 0 \
	900 2 42 0 0 \
	902 2 21 10 0 \
	903 2 21 0 0 \
	630 2 28 0 0 \
	641 2 28 1 0 \
	904 2 0 0 0 \
	908 2 28 1 0 \
	860 2 0 0 0 \
	730 2 0 0 0 \
	840 2 0 0 0 \
	732 2 0 0 0 \
	733 2 0 2 0 \
	862 2 0 1 0 \
	841 2 0 0 0 \
	848 2 0 0 0 \
	871 2 0 1 0 \
	849 2 0 0 0 \
	851 2 0 0 0 \
	861 2 0 1 0 \
	845 2 0 0 0 \
	846 2 0 0 0 \
	847 2 0 0 0 \
	844 2 0 10 0 \
	867 2 0 0 0 \
	852 2 0 0 0 \
	865 2 0 0 0 \
	843 2 0 0 0 \
	866 2 0 0 0 \
	842 2 0 0 0 \
	814 2 0 0 0 \
	864 2 0 0 0 \
	869 2 0 0 0 \
	909 2 0 0 0 \
	868 2 0 0 0 \
	906 2 0 0 0 \
	911 2 0 1 0 \
	907 2 0 0 0 \
	872 2 0 0 0 \
	905 2 0 0 0 \
	863 2 0 0 0 \
	695 2 21 0 0 \
	812 2 21 0 0 \
	882 2 14 0 0 \
	885 2 14 0 0 \
	883 2 14 0 0 \
	820 2 35 0 0 \
	821 2 21 0 0 \
	822 2 21 0 0 \
	824 2 21 0 0 \
	823 2 21 0 0 \
	828 2 21 0 0 \
	833 2 21 0 0 \
	825 2 21 0 0 \
	826 2 21 0 0 \
	827 2 21 0 0 \
	829 2 21 0 0 \
	831 2 28 0 0 \
	832 2 21 0 0 \
	894 2 21 0 0 \
	886 2 14 0 0 \
	893 2 21 0 0 \
	891 2 21 0 0 \
	888 2 21 0 0 \
	887 2 21 0 0 \
	884 2 28 0 0 \
	889 2 21 0 0 \
	637 1 0 0 0 \
	892 2 21 0 0 \
	901 2 28 0 0
 bp 50
 at 80
 df 80
CM
 im 1
 ma 71
 ca 64
 hs 1
 pr 1
 kw 1
 vp 3
 ar 83410
 vi 14141 57121 76604 
CO
 li explore
 ar 0 0 0 0 0 0 0 0
 cs 2
 wa 3
 st 1
 ue 1
 de 4
 pr 3

59379 char 0
na Bukowski
il	1 32 \
	54 1
tl	1 117206 873 126 0 0 0 0
ah 1426 4342 7897 8584 9547 
LI
 wh 24699
CH
 lo 55115
 he 100
 lk 2
 lr 1
 sl	600 2 21 0 0 \
	601 2 14 30 0 \
	700 2 21 0 0 \
	730 2 21 0 0 \
	702 2 14 1 0 \
	703 2 14 0 0 \
	704 2 14 0 0 \
	610 2 21 5 0 \
	611 2 28 0 0 \
	617 2 14 5 0 \
	615 2 21 1 0 \
	616 2 14 0 0 \
	612 2 28 0 0 \
	630 2 28 0 0 \
	641 2 28 1 0
 bp 50
 ra 70
 at 80
 df 80
 mi 50
CM
 hs 1
 vp 2
 pl 77329
MI
 ds Greyfell Lord
CO
 li explore
 ar 0 0 0 0 0 0 0 0
 cs 2
 wa 3
 st 1
 ue 1
 de 4
 pr 3

