55124 player pl_regular
na War's Moneychanger
il	1 3610
ad 54177 55268 
CH
PL
 fn Brian Enright
 em g2watch@pbm.com
 pw blind8
 np 27
 fs 1
 ft 2
 lt 119
 kn 69 600 610 612 615 617 630 641 650 652 \
	653 654 680 682 700 702 730 731 732 733 750 \
	751 800 801 802 803 804 805 806 807 809 811 \
	813 820 821 822 823 824 825 826 827 828 829 \
	831 832 833 840 841 842 843 844 845 846 847 \
	848 849 851 852 860 861 862 868 869 871 872 \
	880 881 882 883 900 901 902 903 904 905 906 \
	907 908 909 911 5253 7634 8311 13448 13449 13451 13547 \
	13548 13549 13551 13646 13647 13649 13651 13745 13746 13749 13751 \
	13844 13845 13849 13851 13944 13949 13950 13951 14043 14044 14142 \
	14143 14241 14242 14330 14331 14332 14333 14334 14335 14336 14337 \
	14338 14339 14340 14341 14429 14430 14528 14529 14628 14723 14724 \
	14725 14726 14727 14728 14823 14923 15023 15123 15223 15311 15312 \
	15313 15314 15315 15316 15323 15411 15412 15413 15414 15415 15416 \
	15417 15418 15423 15510 15511 15512 15513 15514 15515 15516 15517 \
	15518 15519 15520 15521 15522 15523 15610 15611 15613 15614 15615 \
	15710 15711 15712 15713 15714 15715 15810 15811 15812 15813 15814 \
	15815 15910 15911 15912 15913 15914 15915 16010 16011 16012 16013 \
	16110 16111 16112 16113 16114 16115 16200 16201 16202 16203 16204 \
	16205 16206 16207 16208 16209 16210 16211 16212 16300 16310 16400 \
	16402 16403 16404 16405 16406 16407 16408 16409 16410 16500 16502 \
	16600 16601 16602 36235 56904 56964 57081 57242 57356 57483 57485 \
	57625 57804 58423 58651 58684 61112 62897 67088 68446 69416 70438 \
	74369 76299 
 un 5285 4080 7298 
 uf 2714 8817 9304 5016 4780 
 am 4080 0 54177 55268 
 am 5253 0 54177 55268 
 am 5285 0 54177 55268 
 am 7298 0 54177 55268 
 am 7634 0 54177 55268 
CO
 li accept 0 0
 ar 0 0 0 0 0 0 0 0
 st 1

5285 char 0
na Xerxes
il	1 6472 \
	52 2
an 1117 2608 4689 4941 6403 6789 9551 
LI
 wh 15415
CH
 lo 55124
 he 100
 lk 2
 lr 1
 sl	610 2 21 8 0 \
	612 2 28 1 0 \
	617 2 14 3 0 \
	730 2 21 0 0 \
	733 2 14 2 0 \
	732 2 14 3 0 \
	630 2 28 0 0 \
	600 2 21 0 0 \
	731 2 14 0 0
 at 80
 df 80
CO
 li move out
 ar 0 8 15415 0 0 1 57356 0
 st 1
 ue 1
 de 1
 pr 2

4080 char 0
na The Reaver
il	1 168
LI
 wh 7634
CH
 lo 55124
 he 100
 lk 2
 lr 2
 sl	800 2 28 0 0 \
	860 2 35 0 0 \
	801 2 14 5 0 \
	802 2 14 11 0 \
	803 2 14 7 0 \
	862 2 14 2 0 \
	805 2 14 0 0 \
	861 2 14 1 0 \
	804 2 21 1 0 \
	820 2 35 0 0 \
	824 2 21 1 0 \
	823 2 21 0 0 \
	822 2 21 0 0 \
	840 2 35 0 0 \
	841 2 21 1 0 \
	821 2 21 0 0 \
	825 2 21 0 0 \
	880 2 42 0 0 \
	881 2 14 0 0 \
	829 2 21 1 0 \
	882 2 14 0 0 \
	883 2 14 0 0 \
	828 2 21 0 0 \
	826 2 21 0 0 \
	833 2 21 0 0 \
	832 2 21 0 0 \
	827 2 21 2 0 \
	900 2 42 0 0 \
	831 2 28 0 0 \
	901 2 28 0 0 \
	903 2 21 0 0 \
	904 2 21 0 0 \
	907 2 21 0 0 \
	906 2 21 0 0 \
	905 2 21 0 0 \
	630 2 28 0 0 \
	909 2 21 0 0 \
	641 2 28 1 0 \
	908 2 28 0 0 \
	813 2 21 6 0 \
	911 2 21 1 0 \
	902 2 21 0 0 \
	869 2 14 0 0 \
	868 2 21 0 0 \
	806 2 21 0 0 \
	849 2 21 0 0 \
	871 2 21 0 0 \
	872 2 21 0 0 \
	842 2 14 0 0 \
	845 2 21 0 0
 bp 50
 at 80
 df 80
CM
 im 1
 ma 48
 ca 48
 hs 1
 kw 1
 pl 67105
 pc 16114
CO
 li study 845
 ar 845 0 0 0 0 0 0 0
 st 1
 ue 1
 de 7
 po 1
 pr 3

7298 char 0
na Berserker
il	1 200 \
	54 1 \
	81 2 \
	69430 1 \
	76299 1
LI
 wh 7634
CH
 lo 55124
 he 100
 lk 2
 lr 1
 sl	610 2 21 15 0 \
	615 2 21 0 0 \
	700 2 21 0 0 \
	702 2 14 3 0 \
	617 2 14 4 0 \
	680 2 21 0 0 \
	800 2 28 0 0 \
	802 2 14 7 0 \
	811 2 21 0 0 \
	803 2 14 0 0 \
	805 2 14 0 0 \
	801 2 14 0 0 \
	840 2 35 0 0 \
	841 2 21 0 0 \
	844 2 21 5 0 \
	849 2 21 4 0 \
	845 2 21 0 0 \
	848 2 21 0 0 \
	851 2 21 3 0 \
	847 2 21 0 0 \
	852 2 21 0 0 \
	842 2 14 0 0 \
	846 2 21 0 0 \
	807 2 21 0 0 \
	843 2 21 0 0 \
	880 2 42 0 0 \
	809 1 14 0 0 \
	813 2 21 0 0 \
	881 2 14 0 0
 bh 1
 bp 50
 at 80
 df 80
 mi 50
CM
 im 1
 ma 22
 ca 22
 vp 1
CO
 li research 880
 ar 880 0 0 0 0 0 0 0
 wa 7
 ue 1
 pr 3

