55134 player pl_regular
na Seekers of Knowledge
il	1 4250
PL
 fn James B. Jones III
 em jbjones@ahecpb.uams.edu
 pw 24672467
 np 16
 fs 37
 ft 2
 so 1
 lt 260
 kn 69 600 601 602 610 611 612 630 636 637 \
	639 641 650 651 652 653 654 655 656 680 682 \
	700 702 800 802 900 904 905 906 907 908 909 \
	911 2074 6509 12212 12213 12214 12215 12216 12312 12314 12315 \
	12316 12317 12318 12319 12320 12321 12322 12323 12324 12325 12326 \
	12327 12328 12329 12330 12331 12332 12333 12405 12406 12407 12408 \
	12409 12410 12411 12412 12416 12418 12419 12420 12421 12422 12423 \
	12424 12425 12426 12427 12429 12433 12434 12435 12504 12505 12507 \
	12512 12518 12519 12520 12521 12522 12523 12524 12525 12527 12528 \
	12529 12530 12531 12532 12533 12534 12535 12536 12604 12607 12614 \
	12615 12616 12617 12618 12619 12620 12621 12622 12623 12624 12625 \
	12626 12627 12628 12629 12630 12631 12632 12633 12634 12636 12704 \
	12708 12709 12710 12711 12712 12713 12714 12717 12719 12720 12721 \
	12722 12723 12724 12725 12726 12727 12728 12729 12730 12731 12732 \
	12733 12734 12736 12737 12803 12804 12805 12806 12807 12808 12817 \
	12818 12819 12820 12821 12822 12823 12833 12834 12837 12838 12839 \
	12902 12903 12906 12920 12921 12922 12923 12924 12925 12926 12927 \
	12928 12929 12930 12931 12932 12934 12935 12939 13002 13003 13006 \
	13009 13010 13011 13012 13013 13014 13015 13016 13017 13018 13019 \
	13020 13022 13032 13033 13034 13035 13038 13039 13103 13106 13107 \
	13109 13110 13119 13120 13121 13122 13123 13124 13125 13126 13127 \
	13128 13129 13130 13131 13132 13137 13138 13139 13201 13202 13203 \
	13204 13207 13209 13217 13218 13219 13220 13229 13230 13233 13234 \
	13235 13236 13237 13238 13239 13301 13302 13304 13307 13309 13310 \
	13311 13312 13313 13314 13315 13316 13317 13318 13319 13320 13327 \
	13328 13329 13333 13334 13335 13336 13402 13403 13404 13407 13408 \
	13409 13416 13418 13419 13420 13422 13423 13424 13425 13426 13427 \
	13431 13432 13433 13434 13435 13436 13503 13506 13509 13510 13511 \
	13512 13513 13514 13516 13518 13519 13520 13521 13522 13530 13531 \
	13534 13535 13603 13604 13605 13606 13607 13610 13611 13612 13613 \
	13614 13615 13616 13617 13618 13619 13620 13621 13622 13629 13630 \
	13707 13709 13713 13714 13715 13716 13717 13718 13719 13720 13721 \
	13723 13724 13725 13726 13727 13728 13729 13805 13806 13807 13808 \
	13809 13813 13814 13816 13817 13818 13819 13820 13821 13822 13823 \
	13905 13906 13907 13908 13909 13910 13911 13912 13913 13914 13915 \
	13916 13917 13918 13919 13920 13921 14006 14007 14008 14011 14012 \
	14013 14014 14016 14017 14018 14021 14022 14122 14123 14223 14323 \
	14324 20028 20093 20158 20183 20188 20261 20275 20278 20286 20305 \
	20314 20321 20332 20333 20334 20437 20450 20492 20506 20520 20528 \
	20546 20572 20600 20686 20713 20717 20748 20752 20772 20782 20783 \
	20801 20806 20821 20856 20882 20901 20909 20912 20949 21002 21017 \
	21029 21031 21045 21056 21077 21082 21085 21116 21136 21170 21200 \
	21227 21228 21329 21341 21344 21358 21361 21394 21397 21400 21404 \
	21440 21454 21472 21479 21484 21490 21491 21493 21510 21602 21628 \
	21636 21642 21675 21698 21717 21735 21738 21744 21787 21800 21805 \
	21818 21855 21888 21895 21903 21938 21949 21968 21997 22003 22017 \
	22036 22042 22118 22156 22171 22217 22239 22257 22286 22306 22314 \
	22338 22347 22349 22396 22398 22402 22414 22431 22455 22463 22470 \
	22485 22491 22516 22559 22571 22580 22583 22598 22611 22685 22686 \
	22688 22694 22711 22716 22738 22739 22762 22785 22786 22790 22791 \
	22820 22821 22824 22926 22949 22968 22979 22988 23007 23034 23040 \
	23042 23047 23049 23068 23077 23097 23120 23144 23151 23152 23157 \
	23174 23185 23191 23198 23223 23225 23243 23278 23344 23357 23377 \
	23420 23436 23437 23438 23447 23449 23473 23499 23520 23536 23543 \
	23548 23557 23560 23561 23592 23605 23641 23645 23650 23660 23668 \
	23693 23695 23705 23707 23712 23752 23816 23819 23826 23858 23863 \
	23878 23891 23911 23912 23973 23980 23981 23983 23995 24004 24006 \
	24061 24062 24096 24109 24123 24141 24142 24166 24205 24216 24228 \
	24235 24365 24371 24455 24461 24524 24588 24600 24635 24637 24695 \
	24770 24791 24802 24812 24854 24862 24897 24921 24922 24947 24957 \
	24995 24999 25002 25020 25049 25082 25117 25120 25129 25138 25154 \
	25165 25244 25274 25278 25286 25324 25370 25412 25430 25441 25455 \
	25475 25487 25503 25509 25512 25513 25514 25548 25587 25601 25618 \
	25642 25657 25658 25699 25720 25729 25739 25793 25799 25844 25864 \
	25868 25869 25883 25913 25947 25960 26005 26053 26070 26084 26116 \
	26127 26134 26172 26177 26187 26221 26225 26274 26288 26294 26318 \
	26338 26340 26369 26371 26384 26411 26416 26465 26478 26479 26493 \
	26497 26531 26549 26567 26592 26603 26621 26635 26693 26703 26725 \
	26726 26738 26739 26753 26767 26777 26786 26840 26865 26869 26878 \
	26879 26926 26927 26966 26983 27114 27124 27132 27162 27190 27197 \
	27205 27210 27212 27239 27244 27246 27247 27255 27257 27259 27270 \
	27293 27308 27321 27347 27350 27360 27388 27390 27397 27413 27440 \
	27456 27463 27469 27477 27532 27534 27577 27581 27582 27584 27586 \
	27595 27620 27625 27630 27650 27672 27691 27701 27716 27734 27747 \
	27758 27796 27840 27841 27874 27915 27928 27931 27932 27945 27948 \
	27958 27962 27966 28056 28074 28082 28097 28098 28130 28227 28235 \
	28240 28257 28315 28364 28410 28418 28477 28492 28513 28527 28534 \
	28568 28597 28605 28624 28640 28659 28695 28701 28713 28750 28759 \
	28777 28797 28798 28805 28816 28835 28902 28923 28939 28948 28962 \
	28964 28967 28974 28982 28993 29001 29007 29020 29058 29079 29082 \
	29099 29101 29126 29145 29151 29166 29188 29196 29223 29240 29248 \
	29249 29250 29265 29267 29290 29298 29311 29337 29349 29356 29376 \
	29408 29418 29439 29440 29454 29468 29469 29472 29480 29492 29508 \
	29511 29525 29541 29544 29551 29561 29599 29601 29611 29618 29642 \
	29647 29660 29669 29675 29677 29682 29696 29713 29715 29717 29729 \
	29747 29765 29771 29821 29827 29836 29905 29913 29930 29955 29956 \
	29974 29999 30008 30027 30028 30071 30077 30096 30116 30233 30263 \
	30272 30307 30311 30327 30345 30370 30378 30415 30437 30451 30460 \
	30463 30468 30485 30499 30506 30523 30524 30561 30571 30572 30607 \
	30613 30627 30647 30649 30652 30653 30657 30662 30667 30668 30677 \
	30695 30709 30715 30728 30729 30731 30747 30759 30766 30770 30784 \
	30803 30819 30902 30911 30919 30923 30928 30952 30954 30997 31035 \
	31038 31199 31253 31259 31267 31287 31293 31298 31364 31382 31388 \
	31405 31410 31417 31421 31424 31526 31535 31552 31574 31582 31584 \
	31587 31598 31637 31647 31677 31737 31758 31773 31801 31807 31838 \
	31863 31882 31887 31894 31953 31979 31996 32018 32021 32057 32079 \
	32103 32130 32134 32173 32175 32176 32196 32216 32240 32267 32274 \
	32335 32353 32359 32379 32397 32400 32409 32454 32455 32469 32471 \
	32549 32561 32564 32574 32611 32613 32614 32620 32633 32639 32649 \
	32657 32674 32694 32704 32714 32739 32802 32827 32843 32860 32872 \
	32893 32912 32966 32984 33003 33053 33071 33077 33137 33152 33224 \
	33236 33239 33266 33281 33284 33288 33292 33317 33344 33355 33368 \
	33373 33374 33393 33400 33401 33403 33415 33434 33511 33513 33579 \
	33585 33603 33619 33628 33794 33826 33827 33841 33967 33976 33985 \
	34032 34047 34055 34070 34101 34118 34119 34132 34135 34145 34151 \
	34161 34195 34203 34236 34246 34250 34292 34299 34326 34397 34431 \
	34432 34482 34493 34499 34535 34548 34560 34571 34574 34593 34611 \
	34613 34654 34675 34684 34694 34701 34721 34725 34726 34741 34751 \
	34807 34818 34827 34829 34844 34872 34875 34897 34899 34917 34920 \
	34922 34971 34993 34998 34999 35041 35064 35111 35118 35146 35216 \
	35217 35251 35272 35316 35321 35324 35332 35334 35366 35378 35379 \
	35405 35416 35456 35463 35470 35545 35575 35596 35598 35665 35675 \
	35689 35691 35784 35817 35818 35831 35876 35880 35929 35931 35944 \
	35959 35992 36009 36036 36039 36050 36053 36058 36065 36067 36088 \
	36147 36160 36200 36206 36216 36228 36247 36274 36275 36343 36365 \
	36416 36450 36457 36482 36496 36505 36509 36534 36535 36543 36569 \
	36625 36634 36661 36662 36676 36708 36737 36741 36773 36797 36806 \
	36847 36866 36875 36908 36923 36952 36971 36978 36990 36991 37003 \
	37035 37066 37068 37174 37184 37192 37232 37236 37237 37239 37249 \
	37253 37256 37295 37312 37324 37326 37361 37363 37368 37378 37389 \
	37396 37445 37493 37536 37562 37566 37612 37632 37655 37679 37729 \
	37770 37775 37802 37807 37818 37824 37902 37910 37914 37922 37929 \
	37931 37999 38011 38012 38089 38090 38104 38167 38171 38174 38188 \
	38210 38260 38280 38286 38306 38332 38346 38376 38390 38401 38427 \
	38435 38439 38444 38472 38476 38496 38502 38535 38551 38564 38594 \
	38607 38608 38611 38650 38657 38669 38685 38686 38711 38742 38758 \
	38759 38769 38786 38821 38822 38902 38909 38911 38915 38921 38959 \
	38972 38982 39040 39099 39104 39108 39118 39154 39159 39172 39212 \
	39228 39247 39293 39296 39305 39312 39335 39357 39371 39373 39390 \
	39398 39435 39438 39448 39515 39564 39567 39579 39581 39588 39596 \
	39607 39624 39629 39644 39671 39681 39689 39691 39694 39700 39707 \
	39710 39714 39738 39740 39746 39748 39807 39814 39815 39830 39831 \
	39836 39892 39893 39904 39910 39917 39947 39960 39966 39972 40036 \
	40042 40052 40055 40078 40081 40091 40164 40221 40237 40244 40252 \
	40256 40261 40272 40306 40307 40337 40342 40376 40383 40435 40440 \
	40516 40581 40583 40596 40607 40630 40631 40648 40653 40682 40733 \
	40735 40762 40771 40787 40846 40873 40874 40885 40900 40957 40974 \
	41024 41036 41054 41071 41118 41155 41166 41171 41172 41193 41196 \
	41204 41210 41212 41220 41239 41242 41248 41268 41277 41291 41308 \
	41362 41406 41418 41442 41454 41463 41466 41478 41525 41551 41581 \
	41610 41611 41616 41620 41632 41635 41642 41667 41711 41736 41754 \
	41786 41800 41807 41855 41865 41877 41882 41891 41898 41935 41943 \
	41959 41993 42014 42017 42020 42029 42042 42059 42060 42071 42084 \
	42089 42097 42104 42125 42131 42147 42165 42181 42192 42205 42217 \
	42224 42227 42239 42240 42312 42318 42320 42334 42339 42381 42401 \
	42405 42422 42426 42438 42514 42522 42530 42533 42536 42573 42624 \
	42684 42685 42711 42725 42728 42774 42783 42818 42860 42861 42903 \
	42970 42984 42994 43018 43043 43049 43069 43106 43122 43144 43146 \
	43150 43154 43163 43170 43202 43217 43231 43257 43258 43272 43288 \
	43289 43302 43318 43324 43329 43356 43364 43366 43371 43411 43417 \
	43477 43524 43570 43573 43578 43629 43647 43693 43703 43710 43779 \
	43789 43806 43815 43830 43840 43847 43880 43883 43898 43900 43944 \
	43955 43959 43973 43975 43976 43984 44009 44034 44045 44048 44089 \
	44092 44130 44131 44144 44150 44167 44173 44207 44213 44244 44246 \
	44252 44254 44310 44322 44335 44388 44402 44415 44429 44449 44520 \
	44618 44686 44709 44728 44729 44735 44759 44771 44777 44785 44805 \
	44841 44842 44881 44886 44931 44937 44966 45007 45022 45042 45154 \
	45161 45174 45196 45198 45209 45265 45267 45343 45352 45360 45362 \
	45379 45385 45421 45448 45459 45527 45562 45595 45615 45639 45650 \
	45665 45696 45697 45702 45728 45731 45739 45748 45757 45773 45798 \
	45815 45831 45854 45881 45888 45958 46025 46028 46034 46046 46047 \
	46054 46089 46091 46100 46103 46124 46127 46128 46135 46136 46145 \
	46147 46197 46227 46232 46300 46326 46331 46343 46364 46376 46410 \
	46413 46427 46428 46430 46501 46535 46541 46546 46551 46576 46580 \
	46591 46602 46614 46617 46619 46620 46629 46637 46647 46650 46655 \
	46659 46676 46687 46692 46701 46709 46733 46737 46746 46755 46757 \
	46766 46774 46780 46781 46782 46809 46844 46860 46863 46877 46932 \
	46938 46944 46953 46999 47049 47062 47064 47077 47108 47110 47113 \
	47115 47158 47198 47226 47267 47301 47324 47331 47337 47338 47355 \
	47362 47405 47406 47469 47501 47508 47548 47575 47595 47615 47620 \
	47669 47679 47736 47756 47770 47771 47797 47799 47803 47834 47873 \
	47923 47938 47939 47965 47977 47982 47983 48026 48034 48055 48069 \
	48076 48077 48090 48096 48099 48117 48122 48127 48140 48148 48168 \
	48185 48194 48216 48265 48278 48285 48309 48329 48341 48353 48385 \
	48447 48452 48516 48559 48580 48609 48620 48668 48813 48821 48844 \
	48864 48867 48901 48910 48936 48941 48952 48977 48986 49029 49037 \
	49050 49060 49083 49088 49090 49119 49125 49138 49147 49167 49199 \
	49201 49204 49247 49273 49281 49283 49286 49295 49312 49338 49400 \
	49413 49440 49453 49472 49478 49492 49514 49521 49527 49586 49597 \
	49615 49647 49665 49683 49684 49711 49759 49821 49838 49857 49865 \
	49911 49919 49945 49952 49958 49983 56908 56937 57140 57286 57353 \
	57380 57494 57540 57572 57907 58626 59451 60208 62366 62866 63015 \
	63445 64590 65111 65794 66743 67083 67640 68395 69925 71717 71990 \
	72139 72166 72980 73116 73508 74020 74177 74483 74534 75282 75515 \
	75990 76376 76536 77489 78394 78607 78860 
 un 3333 4974 7816 4118 7722 9029 4241 8068 84472 \
	9355 9045 
 uf 8893 3147 70981 72239 71175 

3333 char 0
na Iron Heart
il	1 64192 \
	11 15 \
	69 1 \
	78 40 \
	98 89 \
	282 281 \
	60601 1
LI
 wh 64590
 hl 4974 101338 97312 131733 132657 115573 82030 114578 124211 \
	136523 119590 119365 87181 
CH
 lo 55134
 he 100
 lk 2
 lr 1
 sl	610 2 21 8 0 \
	650 2 28 0 0 \
	652 2 28 0 0 \
	654 2 28 201 0 \
	653 2 28 0 0 \
	612 2 28 1 0 \
	680 2 21 1 0 \
	651 2 21 1 0
 ra 40
 at 80
 df 80
CO
 li breed 282 282
 ar 282 282 0 0 0 0 0 0
 wa 7
 ue 1
 pr 3

4974 char 0
na Stone Fist
il	1 6118 \
	54 74 \
	69 2 \
	280 78 \
	282 17 \
	59060 1 \
	67640 1 \
	70533 1 \
	75445 1
LI
 wh 3333
CH
 lo 55134
 he 100
 lk 2
 lr 1
 sl	680 2 21 0 0 \
	650 2 28 0 0 \
	654 2 28 190 0 \
	653 2 28 0 0 \
	900 2 42 0 0 \
	610 2 21 0 0 \
	612 2 28 1 0 \
	906 0 0 0 0 \
	611 2 28 0 0 \
	904 0 0 0 0 \
	908 0 0 0 0 \
	905 0 0 0 0 \
	911 2 21 1 0 \
	909 0 0 0 0 \
	907 0 0 0 0
 at 80
 df 80
CM
 im 1
 ma 2
 ca 5
MI
 ds Servant of the lizard king, friendly to TIB
CO
 li breed 280 280
 ar 280 280 0 0 0 0 0 0
 cs 2
 wa 11
 st 1
 ue 1
 de 2
 pr 3

7816 char 0
na Grey Oak
il	1 2681 \
	52 1 \
	54 186 \
	271 9 \
	272 13 \
	280 17 \
	282 31 \
	62366 1
LI
 wh 2074
CH
 lo 55134
 he 100
 lk 2
 lr 1
 sl	700 2 21 0 0 \
	702 2 14 2 0 \
	650 2 28 0 0 \
	652 2 28 0 0 \
	654 2 28 183 0 \
	653 2 28 0 0
 bp 50
 at 80
 df 80
CO
 li breed 282 282
 ar 282 282 0 0 0 0 0 0
 wa 7
 st 1
 pr 3

4118 char 0
na Storm Rider
il	1 224 \
	282 98 \
	286 25
LI
 wh 64590
CH
 lo 55134
 he 100
 lk 2
 lr 1
 sl	650 2 28 0 0 \
	680 2 21 1 0 \
	682 2 14 13 0 \
	653 2 28 0 0 \
	654 2 28 120 0
 bp 50
 at 80
 df 80
CO
 li breed 286 286
 ar 286 286 0 0 0 0 0 0
 cs 2
 wa 42
 st 1
 de 2
 pr 3

7722 char 0
na Silver Eyes
il	1 440 \
	282 248
LI
 wh 64590
CH
 lo 55134
 he 100
 lk 2
 lr 1
 sl	650 2 28 0 0 \
	654 2 28 140 0
 bp 50
 at 80
 df 80
CO
 li breed 282 282
 ar 282 282 0 0 0 0 0 0
 wa 7
 st 1
 pr 3

9029 char 0
na Red Blade
il	1 7172 \
	52 1 \
	54 1 \
	69 2 \
	280 1 \
	282 239 \
	288 2 \
	74798 1 \
	76376 1
LI
 wh 64590
 hl 4241 
CH
 lo 55134
 he 100
 lk 2
 lr 1
 sl	610 2 21 3 0 \
	650 2 28 0 0 \
	652 2 28 0 0 \
	654 2 28 150 0 \
	653 2 28 0 0
 bp 50
 at 80
 df 80
CO
 li breed 282 282
 ar 282 282 0 0 0 0 0 0
 wa 7
 pr 3

4241 char 0
na Storm Wind
il	1 40 \
	282 20 \
	286 25 \
	291 4 \
	292 1
LI
 wh 9029
CH
 lo 55134
 he 100
 lk 2
 lr 1
 sl	600 2 21 0 0 \
	602 2 14 1 0 \
	601 2 14 26 0 \
	650 2 28 0 0 \
	654 2 28 146 0 \
	653 2 28 0 0
 bh 1
 bp 50
 at 80
 df 80
CO
 li breed 286 286
 ar 286 286 0 0 0 0 0 0
 cs 2
 wa 42
 st 1
 de 2
 pr 3

8068 char 0
na Shadowbane
il	10 11 \
	12 16 \
	51 1 \
	52 3 \
	69 1 \
	76 1 \
	282 199 \
	65564 1 \
	71717 1 \
	73508 1 \
	75124 1
LI
 wh 64590
 hl 84472 
CH
 lo 55134
 he 100
 lk 2
 lr 2
 sl	800 2 28 0 0 \
	802 2 14 56 0 \
	610 2 21 37 0 \
	650 2 28 0 0 \
	654 2 28 135 0 \
	653 2 28 0 0 \
	655 2 14 4 0 \
	656 2 14 6 0 \
	652 2 28 0 0 \
	680 2 21 0 0 \
	682 2 14 8 0
 bp 50
 at 80
 df 80
CM
 im 1
 ma 2
 ca 2
CO
 li breed 282 282
 ar 282 282 0 0 0 0 0 0
 st 1
 ue 2
 de 6
 pr 3

84472 char ni
il	1 24
LI
 wh 8068
CH
 ni 33
 lo 55134
 he -1
 lk 4
 bh 1
 at 60
 df 60
CM
 ot 71717
MI
 ca r
CO
 li stack 8068
 ar 8068 0 0 0 0 0 0 0
 st 1
 pr 1

9355 char 0
na Grey Shadow
il	1 668 \
	54 2
LI
 wh 46410
CH
 lo 55134
 he 100
 lk 2
 lr 1
 sl	610 2 21 0 0 \
	630 2 28 0 0 \
	636 0 0 0 0 \
	637 0 0 0 0 \
	639 0 0 0 0 \
	641 2 28 1 0
 bh 1
 bp 50
 at 80
 df 80
CM
 hs 1
CO
 li fly n
 ar 0 1 46410 0 0 4 27388 0
 st 1
 ue 1
 de 4
 pr 2

9045 char 0
na Goldhair
il	1 375 \
	54 3
LI
 wh 41478
CH
 lo 55134
 he 100
 lk 2
 lr 1
 sl	630 2 28 0 0 \
	636 0 0 0 0 \
	641 2 28 1 0
 bh 1
 bp 50
 at 80
 df 80
CM
 hs 1
CO
 li fly n
 ar 0 1 41478 0 0 4 28130 0
 st 1
 ue 1
 de 4
 pr 2

