55166 player pl_regular
na The Celts
il	1 3800
PL
 fn Colin Cavanagh
 em Colin_Cavanagh@yahoo.com
 pw Wallace
 np 33
 ft 15
 lt 168
 kn 600 601 602 610 613 614 615 616 617 630 \
	635 650 652 654 680 682 700 702 703 705 706 \
	707 730 732 733 750 751 752 753 754 755 756 \
	800 802 806 807 808 809 811 812 813 814 820 \
	825 826 827 828 829 831 832 833 1127 1136 10000 \
	10001 10002 10003 10004 10005 10006 10054 10055 10056 10060 10061 \
	10062 10063 10064 10065 10066 10067 10068 10069 10070 10071 10072 \
	10073 10074 10075 10076 10077 10078 10079 10095 10096 10097 10098 \
	10099 10105 10106 10154 10156 10157 10158 10159 10160 10171 10172 \
	10173 10174 10175 10176 10177 10178 10179 10180 10181 10182 10183 \
	10184 10185 10186 10187 10188 10189 10190 10191 10192 10193 10194 \
	10195 10205 10206 10250 10251 10254 10256 10257 10279 10281 10282 \
	10283 10284 10285 10289 10290 10291 10303 10304 10305 10306 10351 \
	10352 10354 10356 10381 10390 10391 10402 10403 10452 10453 10454 \
	10456 10457 10501 10502 10553 10556 10557 10558 10600 10601 10602 \
	10700 10701 10801 10802 10901 10902 10971 11001 11002 11071 11100 \
	11101 11102 11103 11171 11199 11205 11271 11272 11273 11274 11277 \
	11278 11279 11280 11281 11299 11305 11371 11377 11381 11382 11399 \
	11402 11403 11404 11405 11469 11470 11471 11472 11473 11474 11475 \
	11476 11477 11481 11499 11500 11501 11502 11503 11504 11505 11569 \
	11570 11571 11581 11582 11583 11584 11598 11599 11601 11602 11603 \
	11604 11681 11682 11683 11684 11685 11698 11699 11700 11701 11702 \
	11783 11784 11785 11787 11788 11789 11797 11798 11799 11800 11801 \
	11802 11883 11884 11885 11886 11887 11888 11889 11890 11891 11892 \
	11893 11894 11897 11898 11899 11984 11985 11986 11988 11989 11990 \
	11991 11992 11993 11994 11995 11996 11997 11998 11999 12088 12089 \
	12090 12091 12092 12093 12094 12095 12096 12097 12098 12099 12100 \
	12197 12198 12199 12200 12201 12297 12298 12299 12300 12301 12397 \
	12398 12399 12400 12401 12497 12498 12499 12500 12501 12597 12598 \
	12599 12600 12601 12697 12698 12699 12700 12701 12764 12765 12766 \
	12767 12768 12797 12798 12799 12800 12801 12802 12852 12853 12854 \
	12855 12856 12857 12858 12859 12860 12861 12862 12863 12864 12868 \
	12897 12898 12899 12901 12902 12903 12951 12952 12964 12965 12966 \
	12967 12968 12969 12970 12971 12972 12973 12997 12998 12999 13001 \
	13002 13003 13051 13064 13065 13066 13067 13068 13069 13070 13071 \
	13072 13073 13074 13075 13077 13078 13082 13083 13097 13098 13099 \
	13102 13103 13151 13156 13157 13158 13159 13160 13161 13162 13163 \
	13164 13165 13166 13167 13168 13169 13170 13171 13172 13173 13174 \
	13175 13176 13177 13178 13179 13180 13181 13182 13183 13184 13185 \
	13197 13198 13199 13202 13203 13204 13251 13252 13253 13254 13255 \
	13256 13257 13258 13259 13260 13261 13262 13263 13264 13265 13266 \
	13267 13268 13269 13270 13271 13272 13273 13274 13275 13276 13277 \
	13278 13279 13280 13281 13282 13283 13284 13285 13297 13298 13303 \
	13304 13305 13351 13356 13371 13372 13373 13374 13375 13376 13377 \
	13378 13379 13380 13381 13382 13383 13384 13385 13395 13396 13397 \
	13398 13404 13452 13453 13454 13455 13456 13472 13473 13474 13475 \
	13476 13477 13478 13479 13480 13481 13482 13483 13484 13485 13486 \
	13487 13488 13489 13490 13495 13497 13498 13504 13578 13579 13580 \
	13581 13582 13583 13584 13585 13586 13587 13588 13589 13590 13591 \
	13592 13593 13594 13595 13596 13597 13598 13601 13602 13604 13605 \
	13677 13678 13679 13680 13681 13682 13683 13684 13685 13686 13687 \
	13688 13689 13690 13691 13692 13693 13694 13695 13696 13697 13698 \
	13701 13702 13705 13706 13707 13708 13709 13777 13778 13779 13780 \
	13781 13782 13783 13784 13785 13786 13787 13788 13789 13790 13791 \
	13800 13801 13802 13803 13804 13805 13806 13807 13808 13809 13810 \
	13811 13877 13878 13879 13880 13881 13882 13883 13884 13886 13887 \
	13889 13890 13891 13892 13893 13894 13895 13896 13897 13900 13901 \
	13902 13905 13906 13909 13910 13911 13977 13978 13979 13981 13982 \
	13983 13984 13990 13991 13992 13993 13994 13995 13996 13997 14000 \
	14001 14010 14076 14077 14078 14081 14082 14090 14091 14093 14094 \
	14095 14096 14097 14098 14099 14100 14175 14176 14177 14178 14181 \
	14182 14191 14197 14198 14199 14275 14276 14277 14278 14281 14282 \
	14297 14376 14377 14378 14379 14380 14381 14382 14383 14384 14476 \
	14477 14478 14479 14480 14481 14482 14483 14484 57031 57081 57200 \
	57291 57516 57658 57714 57948 58074 58159 58355 58548 58565 58582 \
	58736 61154 67853 67904 68522 69707 70324 71541 74383 74578 75552 \
	76532 77895 
 un 5295 6510 1606 5859 7080 
 uf 59032 77523 59082 90565 147358 
 am 1127 0 4648 
 am 5295 0 51606 
 am 6510 0 51606 
 am 55166 0 51606 
 am 69707 0 51606 
 am 71541 0 51606 
CO
 li admit 6076 4822
 ar 0 0 0 0 0 0 0 0
 st 1

5295 char 0
na Micheal O'Neil
il	1 1 \
	61 30 \
	76 21
tl	2 95 20 3 0 0 0 0
LI
 wh 69707
CH
 lo 55166
 he 100
 lk 2
 lr 1
 sl	610 2 21 8 0 \
	615 2 21 23 0 \
	614 2 14 38 0 \
	616 2 14 34 0 \
	617 2 14 1 0 \
	650 2 28 0 0 \
	652 2 28 0 0 \
	654 2 28 24 0 \
	613 2 14 14 0
 bp 50
 at 255
 df 285
 mi 184
CO
 li breed 76 76
 ar 76 76 0 0 0 0 0 0
 st 1
 ue 3
 de 6
 pr 3

6510 char 0
na Hugh O'Neil The Guild Of Merchants
il	71787 10 \
	73495 5
tl	1 62944 7 22 0 0 0 0
LI
 wh 77895
CH
 lo 55166
 he 100
 lk 2
 lr 2
 sl	730 2 21 0 0 \
	732 2 14 6 0 \
	733 2 14 4 0 \
	600 2 21 0 0 \
	601 2 14 96 0
 bp 50
 at 80
 df 80
CO
 li sail s
 ar 0 0 0 0 0 0 0 0
 wa -1
 ue 1
 pr 4

1606 char 0
na Sean O'Neil
LI
 wh 10772
CH
 lo 55166
 he 100
 lk 2
 lr 1
 sl	610 2 21 2 0 \
	614 2 14 11 0 \
	616 2 14 12 0
 bp 50
 at 129
 df 136
CO
 li use 616
 ar 0 0 0 0 0 0 0 616
 st 1
 us 616
 ue 3
 de 6
 pr 3

5859 char 0
na Dermot O'Neil, Bishop Of Ulster
LI
 wh 13183
CH
 lo 55166
 he 100
 lk 2
 lr 1
 sl	610 2 21 0 0 \
	616 2 14 22 0 \
	614 2 14 38 0 \
	750 2 35 0 0 \
	752 2 28 0 0 \
	755 2 28 0 0 \
	753 2 21 49 0 \
	756 2 28 0 0 \
	754 2 28 0 0 \
	751 2 28 48 0 \
	613 2 14 26 0
 bp 50
 at 167
 df 246
CM
 pr 1
 vi 10474 10572 10603 10675 10677 10705 10709 10773 10802 10807 \
	10869 10870 10876 10904 10974 10978 11002 11006 11008 11068 11072 \
	11107 11173 11209 11211 11268 11308 11790 11791 12086 12092 12282 \
	12287 12288 12291 12293 12686 12690 12788 12792 12883 12886 12890 \
	13566 14085 14187 14283 14284 
CO
 li use 614
 ar 0 0 0 0 0 0 0 614
 st 1
 us 614
 ue 5
 de 6
 pr 3

7080 char 0
na Patrick O'Neil
LI
 wh 13282
CH
 lo 55166
 he 100
 lk 2
 lr 1
 sl	700 2 21 0 0 \
	702 2 14 27 0 \
	705 2 14 0 0 \
	680 2 21 0 0 \
	730 2 21 0 0 \
	732 2 14 2 0 \
	733 2 14 0 0 \
	703 2 14 3 0 \
	706 2 14 17 0 \
	707 2 14 16 0
 bp 50
 at 80
 df 80
CO
 li give 3255 9 0
 ar 3255 9 0 0 0 0 0 0
 ue 3
 pr 1

