55184 player pl_regular
na Gutbuster Brigade
il	1 1287
CH
PL
 fn Yannick Vansevenant
 em user2@mobyus.com
 ve magister21@hotmail.com
 pw alive
 np 1
 ft 32
 nt 1
 so 1
 lt 260
 kn 69 600 601 610 611 612 613 614 615 616 \
	617 630 631 632 633 634 635 639 641 650 651 \
	652 653 654 655 656 657 670 671 672 673 674 \
	680 682 690 692 693 694 695 697 700 702 703 \
	720 721 722 730 731 732 733 800 801 802 803 \
	804 805 806 807 808 809 811 812 813 814 820 \
	821 822 823 824 825 826 827 828 829 831 832 \
	833 840 841 842 843 844 845 846 847 848 849 \
	851 852 860 861 862 863 864 865 866 867 868 \
	869 871 872 880 881 882 883 884 885 886 887 \
	888 889 891 892 893 894 900 901 902 903 904 \
	905 906 907 908 909 911 920 921 922 3225 9269 \
	10559 10560 10561 10562 10656 10657 10658 10659 10660 10661 10662 \
	10663 10664 10665 10666 10667 10668 10669 10759 10761 10762 10767 \
	10768 10769 10859 10867 10868 10869 10967 10968 10969 11065 11066 \
	11067 11068 11069 11165 11168 11169 11268 11269 11368 11369 11468 \
	11469 11568 11569 11668 11669 11768 11769 11868 11869 11968 11969 \
	12068 12069 12168 12169 12268 12269 12368 12369 12468 12469 12568 \
	12569 12668 12669 12768 12769 12868 12869 12968 12969 13068 13069 \
	13168 13169 13268 13269 13366 13367 13368 13369 13466 13469 13566 \
	13569 13666 13669 13766 13769 13866 13869 13966 13969 14066 14069 \
	14166 14169 14253 14254 14266 14269 14353 14366 14369 14453 14466 \
	14469 14553 14566 14569 14653 14665 14666 14669 14753 14765 14766 \
	14769 14853 14865 14866 14869 14953 14954 14955 14956 14957 14958 \
	14959 14960 14961 14962 14965 14966 14969 15053 15059 15060 15062 \
	15065 15066 15069 15153 15159 15160 15161 15162 15163 15164 15165 \
	15166 15167 15168 15169 15170 15253 15260 15261 15264 15265 15266 \
	15267 15268 15269 15270 15271 15353 15360 15361 15362 15363 15364 \
	15365 15366 15369 15370 15371 15372 15453 15460 15461 15462 15463 \
	15464 15465 15466 15467 15468 15469 15471 15472 15553 15560 15561 \
	15562 15563 15564 15565 15566 15567 15568 15569 15570 15571 15572 \
	15573 15574 15575 15653 15654 15655 15656 15657 15658 15659 15660 \
	15661 15662 15663 15664 15665 15666 15667 15668 15669 15671 15672 \
	15673 15674 15675 15676 15760 15762 15763 15764 15765 15766 15767 \
	15768 15769 15771 15772 15773 15774 15775 15860 15862 15863 15864 \
	15865 15866 15867 15868 15869 15870 15871 15873 15874 15952 15953 \
	15960 15961 15962 15963 15964 15965 15966 15967 15968 15969 15970 \
	15971 15972 15973 15974 15975 16052 16053 16054 16055 16056 16057 \
	16058 16059 16060 16061 16062 16063 16064 16065 16066 16067 16068 \
	16069 16070 16072 16073 16075 16152 16153 16154 16159 16160 16161 \
	16162 16163 16164 16165 16166 16167 16168 16169 16170 16171 16172 \
	16173 16174 16175 16176 16177 16178 16253 16259 16260 16262 16263 \
	16264 16265 16266 16267 16268 16269 16270 16271 16272 16273 16274 \
	16275 16276 16277 16278 16279 16360 16361 16362 16364 16365 16366 \
	16367 16368 16369 16370 16371 16372 16378 16459 16460 16462 16464 \
	16465 16466 16467 16468 16469 16470 16471 16478 16560 16561 16562 \
	16564 16565 16566 16567 16568 16569 16570 16571 16578 16662 16664 \
	16665 16666 16667 16668 16669 16670 16671 16678 16762 16764 16766 \
	16767 16769 16771 16862 16864 16866 16867 16868 16869 16962 16963 \
	16964 16965 16966 16967 16968 16969 17067 17069 17167 17169 17267 \
	17268 17269 17366 17367 17368 17369 17370 17371 17372 17465 17466 \
	17468 17469 17472 17565 17566 17567 17569 17570 17571 17572 17573 \
	17663 17664 17665 17666 17667 17669 17671 17763 17765 17766 17768 \
	17769 17771 17865 17868 17869 17870 17871 17962 17963 17964 17965 \
	17966 17967 17968 17970 18062 18067 18068 18069 18162 18163 18164 \
	18165 18166 18167 23345 56768 56782 56949 57143 57266 57331 57368 \
	57422 57430 57553 57652 57675 57812 57842 57934 58006 58031 58139 \
	58200 58251 58259 58324 58380 58427 58600 58666 58670 59472 60650 \
	61153 61803 61955 62254 62349 62437 63252 63348 63796 64923 64927 \
	65630 67062 67443 68222 68764 68859 69448 69825 69847 69883 70009 \
	72165 72504 72591 73702 74459 74666 75150 77347 77511 
 un 6895 5134 135405 129249 142112 8779 1449 105075 122036 \
	110822 140685 134387 119416 107114 113992 135565 
 uf 112768 107457 92709 138462 112500 
 am 1449 0 51167 51454 51478 52468 52606 53436 54636 \
	55184 55374 55526 55749 56136 56183 56406 56542 51632 52586 54392 \
	55207 54524 54082 
 am 2748 0 52468 51478 56542 56136 52606 55184 54636 \
	51454 53436 55749 56406 55374 
 am 2928 0 52468 51478 56542 56136 52606 55184 54636 \
	51454 53436 55749 56406 55374 
 am 3050 0 52468 51478 56542 56136 52606 55184 54636 \
	51454 53436 55749 56406 55374 
 am 3831 0 52468 51478 56542 56136 52606 55184 54636 \
	51454 53436 55749 56406 55374 
 am 3839 0 52468 51478 56542 56136 52606 55184 54636 \
	51454 53436 55749 56406 55374 
 am 3961 0 52468 51478 56542 56136 52606 55184 54636 \
	51454 53436 55749 56406 55374 
 am 5134 0 51167 51454 51478 52468 52606 53436 54636 \
	55184 55374 55526 55749 56136 56183 56406 56542 51632 52586 54392 \
	55207 54524 54082 
 am 6529 0 52468 51478 56542 56136 52606 55184 54636 \
	51454 53436 55749 56406 55374 
 am 6895 0 55184 52468 50106 51167 54636 51454 55749 \
	56406 56183 55976 51176 55985 
 am 7473 0 52468 51478 56542 56136 52606 55184 54636 \
	51454 53436 55749 56406 55374 
 am 8516 0 52468 51478 56542 56136 52606 55184 54636 \
	51454 53436 55749 56406 55374 
 am 8693 0 52468 51478 56542 56136 52606 55184 54636 \
	51454 53436 55749 56406 55374 
 am 8779 0 51167 51454 51478 52468 52606 53436 54636 \
	55184 55374 55526 55749 56136 56183 56406 56542 51632 52586 54392 \
	55207 54524 54082 
 am 9060 0 52468 51478 56542 56136 52606 55184 54636 \
	51454 53436 55749 56406 55374 
 am 9117 0 51167 51454 51478 52468 52606 53436 54636 \
	55184 55374 55526 55749 56136 56183 56406 56542 51632 52586 54392 \
	55207 54524 54082 
 am 9120 0 52468 51478 56542 56136 52606 55184 54636 \
	51454 53436 55749 56406 55374 
 am 9269 0 52468 51478 56542 56136 52606 55184 54636 \
	51454 53436 55749 56406 55374 
 am 9600 0 52468 51478 56542 56136 52606 55184 54636 \
	51454 53436 55749 56406 55374 
 am 60471 0 50762 51167 51454 52468 52606 53436 54524 \
	54636 55184 55207 55374 55713 55749 56136 56183 56406 56542 
 am 63710 0 52468 51478 56542 56136 52606 55184 54636 \
	51454 53436 55749 56406 55374 
 am 64945 0 52468 51478 56542 56136 52606 55184 54636 \
	51454 53436 55749 56406 55374 
 am 70009 0 50106 50765 51167 51176 51305 51454 51478 \
	51516 51632 51695 51896 52468 52586 53436 54082 54392 54524 54636 \
	55184 55207 55268 55737 55749 56183 56406 56754 
 am 72654 0 52468 51478 56542 56136 52606 55184 54636 \
	51454 53436 55749 56406 55374 
 am 73104 0 52468 51478 56542 56136 52606 55184 54636 \
	51454 53436 55749 56406 55374 
 am 74254 0 52468 51478 56542 56136 52606 55184 54636 \
	51454 53436 55749 56406 55374 
 am 74324 0 52468 51478 56542 56136 52606 55184 54636 \
	51454 53436 55749 56406 55374 
 am 74666 0 55184 55184 
 am 107114 0 55184 52468 51167 
 am 113992 1 
CO
 li accept 0 0
 ar 0 0 0 0 0 0 0 0
 st 1

6895 char 0
na Zorba
il	1 80073 \
	12 124 \
	15 29 \
	16 593 \
	18 1372 \
	20 222 \
	22 259 \
	54 10 \
	61 375 \
	72 145 \
	73 75 \
	74 83 \
	75 332 \
	77 103 \
	84 9 \
	85 693 \
	271 53 \
	282 822 \
	285 85 \
	286 29 \
	59024 1 \
	60004 1 \
	60693 1 \
	61162 1 \
	61420 1 \
	64212 1 \
	64224 1 \
	64256 1 \
	64506 1 \
	65723 1 \
	65889 1 \
	65955 1 \
	66008 1 \
	66310 1 \
	66444 1 \
	67179 1 \
	67287 1 \
	67311 1 \
	67704 1 \
	67992 1 \
	68364 1 \
	69031 1 \
	69036 1 \
	69187 1 \
	70022 1 \
	70797 1 \
	70828 1 \
	71077 1 \
	71713 1 \
	72024 1 \
	72887 1 \
	73231 1 \
	73239 1 \
	73383 1 \
	73511 1 \
	73835 1 \
	73930 1 \
	74775 1 \
	74879 1 \
	74966 1 \
	76174 1 \
	76356 1 \
	76667 1 \
	76797 1 \
	77337 1 \
	78234 1 \
	78344 1 \
	78463 1 \
	80540 1 \
	82179 1 \
	89511 1 \
	93649 1 \
	98274 1 \
	99010 1 \
	114342 1 \
	116599 1 \
	118284 1 \
	122089 1 \
	123948 1 \
	125174 1 \
	128119 1 \
	128258 1 \
	128697 1 \
	136107 1 \
	136779 1
LI
 wh 70009
 hl 5134 6810 2420 8779 1449 6356 135058 105075 122036 \
	110822 140685 134387 119416 
CH
 lo 55184
 he 100
 lk 2
 lr 2
 sl	610 2 21 25 0 \
	612 2 28 2 0 \
	617 2 14 5 0 \
	615 2 21 14 0 \
	630 2 28 0 0 \
	616 2 14 4 0 \
	641 2 28 1 0 \
	635 2 28 0 0 \
	614 2 14 3 0 \
	670 2 28 0 0 \
	671 2 14 0 0 \
	650 2 28 0 0 \
	900 2 42 0 0 \
	653 2 28 0 0 \
	911 2 21 0 0 \
	654 2 28 36 0 \
	904 2 21 0 0 \
	901 2 28 0 0 \
	652 2 28 0 0 \
	655 2 14 0 0 \
	611 2 28 0 0 \
	903 2 21 8 0 \
	902 2 21 1 0
 ra 70
 at 115
 df 55
 mi 50
 ct 3435 55184 52468 51167 51454 54636 50106 55749 56406 \
	56183 55976 51176 55985 
 dt 108 5 3215
CM
 im 1
 ma 6
 ca 4
 vp 29
 pl 2420
MI
 ds Kaboom
CO
 li breed 282 282
 ar 282 282 0 0 0 0 0 0
 st 1
 ue 4
 de 6
 pr 3

5134 char 0
na Deklan Cloudmood
il	1 1600 \
	18 45 \
	74 43 \
	79 1 \
	84 2 \
	60094 1 \
	66394 1 \
	73031 1 \
	74384 1 \
	75455 1 \
	76587 1 \
	78964 1 \
	106706 1 \
	123386 1 \
	129085 1 \
	136957 1 \
	143173 1
ad 55184 
LI
 wh 6895
 hl 135405 129249 142112 
CH
 lo 55184
 he 100
 lk 2
 lr 2
 sl	610 2 21 33 0 \
	612 2 28 1 0 \
	611 2 28 0 0 \
	613 2 14 10 0 \
	630 2 28 0 0 \
	641 2 28 1 0 \
	635 2 28 0 0 \
	616 2 14 17 0 \
	600 2 21 0 0 \
	601 2 14 0 0 \
	670 2 28 0 0 \
	671 2 14 0 0 \
	614 2 14 0 0 \
	900 2 42 0 0 \
	911 2 21 0 0 \
	906 2 21 0 0 \
	909 2 21 2 0 \
	904 2 21 0 0 \
	800 2 28 0 0 \
	902 2 21 1 0 \
	901 2 28 0 0 \
	801 2 14 0 0 \
	903 2 21 8 0 \
	802 2 14 0 0 \
	617 2 14 8 0 \
	908 2 28 0 0 \
	803 2 14 0 0 \
	804 2 21 0 0 \
	805 2 14 0 0 \
	806 2 21 0 0 \
	807 2 21 0 0 \
	808 2 21 0 0 \
	811 2 21 0 0 \
	812 2 21 0 0 \
	813 2 21 5 0 \
	814 2 21 0 0
 bh 7
 ra 70
 at 80
 df 80
CM
 im 1
 ma 22
 ca 2
 hs 1
 pl 6363
MI
 ds Gutbuster Brigade
CO
 li give 6895 18
 ar 6895 18 0 0 0 0 0 0
 st 1
 ue 1
 pr 1

135405 char 0
na Breeder
il	286 2
LI
 wh 5134
CH
 lo 55184
 pl 100
 he 100
 lk 3
 lr 87
 sl	610 2 21 0 0 \
	650 2 28 0 0 \
	654 2 28 11 0
 bh 5
 bp 50
 at 80
 df 80
CM
 vp 5
CO
 li breed 286 286
 ar 286 286 0 0 0 0 0 0
 cs 2
 wa 7
 st 1
 de 37
 pr 3

129249 char 0
na Breeder
il	286 2
LI
 wh 5134
CH
 lo 55184
 pl 100
 he 100
 lk 3
 lr 87
 sl	610 2 21 0 0 \
	650 2 28 0 0 \
	654 2 28 11 0
 bh 5
 bp 50
 at 80
 df 80
CM
 vp 5
CO
 li breed 286 286
 ar 286 286 0 0 0 0 0 0
 cs 2
 wa 11
 st 1
 de 33
 pr 3

142112 char 0
na Breeder
il	1 718 \
	286 2
LI
 wh 5134
CH
 lo 55184
 pl 100
 he 100
 lk 3
 lr 88
 sl	610 2 21 0 0 \
	650 2 28 0 0 \
	653 2 28 0 0 \
	654 2 28 11 0
 bh 5
 bp 50
 at 80
 df 80
CM
 vp 5
CO
 li breed 286 286
 ar 286 286 0 0 0 0 0 0
 cs 2
 wa 31
 st 1
 de 13
 pr 3

8779 char 0
na Dran Draggor
il	1 30 \
	286 2 \
	86766 1
LI
 wh 6895
CH
 lo 55184
 he 100
 lk 2
 lr 1
 sl	650 2 28 0 0 \
	610 2 21 2 0 \
	655 2 14 6 0 \
	656 2 14 8 0 \
	690 2 28 0 0 \
	657 2 21 39 0 \
	695 2 21 8 0 \
	616 2 14 0 0 \
	654 2 28 105 0 \
	630 2 28 0 0 \
	641 2 28 1 0 \
	614 2 14 4 0 \
	611 2 28 0 0 \
	612 2 28 1 0 \
	653 2 28 0 0 \
	692 2 21 2 0
 bh 5
 at 80
 df 76
 dt 149 19 4459
CM
 hs 1
 vp 5
MI
 ds Gutbuster Beastlord
CO
 li breed 286 286
 ar 286 286 0 0 0 0 0 0
 cs 2
 wa 20
 st 1
 ue 5
 de 24
 pr 3

1449 char 0
na Oin Rockchild
il	1 30 \
	286 2
LI
 wh 6895
CH
 lo 55184
 he 100
 lk 2
 lr 1
 sl	650 2 28 0 0 \
	655 2 14 58 0 \
	656 2 14 31 0 \
	654 2 28 88 0 \
	610 2 21 0 0 \
	611 2 28 0 0 \
	614 2 14 3 0 \
	612 2 28 0 0 \
	653 2 28 0 0
 bh 5
 bp 50
 at 80
 df 76
 dt 149 1 4441
CM
 vp 4
MI
 ds Gutbuster Beastlord
CO
 li breed 286 286
 ar 286 286 0 0 0 0 0 0
 cs 2
 wa 34
 st 1
 ue 1
 de 10
 pr 3

105075 char 0
na New noble
il	1 100 \
	54 18
LI
 wh 6895
CH
 lo 55184
 he 100
 lk 1
 lr 150
 sl	610 2 21 0 0 \
	611 1 22 0 0 \
	650 2 28 0 0 \
	654 2 28 1 0
 bh 5
 bp 50
 at 80
 df 80
CO
 li study 611
 ar 611 0 0 0 0 0 0 0
 cs 2
 wa 6
 st 1
 de 1
 po 1
 pr 3

122036 char 0
na New noble
il	1 100 \
	54 22
LI
 wh 6895
CH
 lo 55184
 he 100
 lk 1
 lr 150
 sl	610 2 21 0 0 \
	611 1 22 0 0 \
	650 2 28 0 0 \
	654 2 28 1 0
 bh 5
 bp 50
 at 80
 df 80
CO
 li study 611
 ar 611 0 0 0 0 0 0 0
 cs 2
 wa 6
 st 1
 de 1
 po 1
 pr 3

110822 char 0
na New noble
il	1 30
LI
 wh 6895
CH
 lo 55184
 he 100
 lk 1
 lr 250
 sl	650 2 28 0 0 \
	610 1 15 0 0 \
	654 2 28 1 0
 bh 5
 bp 50
 at 80
 df 80
CO
 li study 610
 ar 610 0 0 0 0 0 0 0
 cs 2
 wa 6
 st 1
 de 1
 po 1
 pr 3

140685 char 0
na New noble
il	1 30
LI
 wh 6895
CH
 lo 55184
 he 100
 lk 1
 lr 250
 sl	650 2 28 0 0 \
	610 1 15 0 0 \
	654 2 28 1 0
 bh 5
 bp 50
 at 80
 df 80
CO
 li study 610
 ar 610 0 0 0 0 0 0 0
 cs 2
 wa 6
 st 1
 de 1
 po 1
 pr 3

134387 char 0
na New noble
il	1 37
LI
 wh 6895
CH
 lo 55184
 he 100
 lk 1
 lr 250
 sl	650 2 28 0 0 \
	610 1 15 0 0 \
	654 2 28 1 0
 bh 5
 bp 50
 at 80
 df 80
CO
 li study 610
 ar 610 0 0 0 0 0 0 0
 cs 2
 wa 6
 st 1
 de 1
 po 1
 pr 3

119416 char 0
na New noble
il	1 37
LI
 wh 6895
CH
 lo 55184
 he 100
 lk 1
 lr 250
 sl	650 2 28 0 0 \
	610 1 15 0 0 \
	654 2 28 1 0
 bh 5
 bp 50
 at 80
 df 80
CO
 li study 610
 ar 610 0 0 0 0 0 0 0
 cs 2
 wa 6
 st 1
 de 1
 po 1
 pr 3

107114 char 0
na Urda Ironaxe
il	1 1119 \
	54 3
LI
 wh 2592
CH
 lo 55184
 he 100
 lk 3
 lr 102
 sl	630 2 28 0 0 \
	610 2 21 13 0 \
	641 2 28 1 0 \
	613 2 14 25 0 \
	616 2 14 0 0 \
	612 2 28 3 0 \
	617 2 14 2 0
 bh 5
 at 80
 df 80
CM
 hs 1
MI
 ds Gutbuster Brigade
CO
 li stack 2592
 ar 2592 0 0 0 0 0 0 0
 st 1
 ue 4
 pr 1

113992 char 0
na Bothar Battlehammer
il	1 550 \
	54 2
LI
 wh 2592
CH
 lo 55184
 he 100
 lk 3
 lr 102
 sl	630 2 28 0 0 \
	610 2 21 14 0 \
	641 2 28 1 0 \
	613 2 14 24 0 \
	616 2 14 0 0 \
	612 2 28 1 0 \
	617 2 14 2 0
 bh 5
 at 80
 df 80
CM
 hs 1
MI
 ds Gutbuster Brigade
CO
 li stack 2592
 ar 2592 0 0 0 0 0 0 0
 st 1
 ue 4
 pr 1

135565 char 0
na Rez Rockhammer
il	1 480 \
	54 1
LI
 wh 2592
CH
 lo 55184
 he 100
 lk 3
 lr 101
 sl	630 2 28 0 0 \
	610 2 21 12 0 \
	641 2 28 1 0 \
	612 2 28 2 0 \
	613 2 14 25 0 \
	616 2 14 0 0 \
	617 2 14 2 0 \
	615 2 21 0 0 \
	614 2 14 0 0
 bh 5
 at 80
 df 80
 mi 50
CM
 hs 1
MI
 ds Gutbuster Brigade
CO
 li stack 2592
 ar 2592 0 0 0 0 0 0 0
 st 1
 ue 4
 pr 1

