55207 player pl_regular
na Wing Chun Brotherhood
il	1 875
an 55207 
CH
PL
 fn confucious
 em thecloudlands@yahoo.com
 ve ua7@pbm.com
 pw discworld
 ft 16
 nt 1
 so 1
 lt 260
 kn 69 600 601 602 603 610 611 612 613 614 \
	615 616 617 630 631 632 633 634 635 636 639 \
	641 650 651 652 653 654 655 656 657 658 659 \
	661 670 671 675 676 680 682 690 691 693 695 \
	700 701 702 703 704 720 721 722 723 730 750 \
	752 755 756 800 801 802 803 804 805 806 807 \
	808 809 811 813 814 820 821 822 823 824 825 \
	826 827 828 829 831 832 840 880 881 882 883 \
	884 885 886 887 889 891 892 893 900 901 902 \
	903 904 905 906 907 908 909 911 920 921 922 \
	1083 1140 1223 1581 1741 1759 2295 2333 3053 4083 4284 \
	4432 5188 5332 5550 5555 6007 6633 7169 9301 9566 9600 \
	14532 14632 14732 14832 14932 15032 15132 15232 15332 15420 15432 \
	15520 15532 15632 15732 15828 15829 15830 15831 15832 15926 15927 \
	15928 15929 15930 15931 15932 15972 16026 16028 16029 16030 16031 \
	16032 16072 16073 16074 16126 16127 16128 16129 16217 16218 16219 \
	16220 16221 16222 16223 16224 16225 16226 16227 16228 16229 16317 \
	16318 16321 16324 16325 16326 16327 16328 16329 16421 16422 16423 \
	16424 16427 16428 16429 16430 16431 16521 16522 16526 16527 16528 \
	16529 16620 16621 16622 16623 16624 16625 16626 16627 16674 16719 \
	16721 16722 16723 16724 16725 16726 16774 16813 16814 16815 16816 \
	16817 16818 16819 16820 16821 16822 16823 16824 16825 16826 16874 \
	16910 16911 16912 16913 16914 16915 16916 16917 16918 16919 16920 \
	16921 16973 16974 17009 17010 17011 17012 17013 17015 17016 17020 \
	17021 17022 17023 17024 17025 17026 17050 17068 17069 17070 17071 \
	17072 17073 17074 17109 17110 17115 17116 17120 17122 17126 17150 \
	17156 17157 17158 17159 17160 17161 17162 17163 17164 17165 17166 \
	17167 17168 17220 17221 17222 17226 17250 17255 17256 17262 17263 \
	17311 17322 17323 17324 17325 17326 17327 17328 17329 17330 17331 \
	17332 17333 17334 17335 17336 17337 17338 17339 17340 17341 17342 \
	17350 17352 17353 17354 17355 17360 17361 17362 17393 17394 17407 \
	17411 17412 17413 17414 17415 17422 17424 17426 17427 17428 17429 \
	17430 17431 17432 17433 17434 17435 17436 17437 17438 17439 17440 \
	17441 17442 17443 17444 17445 17446 17450 17452 17453 17454 17455 \
	17456 17457 17458 17459 17460 17493 17494 17505 17506 17507 17508 \
	17509 17510 17511 17512 17513 17514 17515 17522 17524 17545 17546 \
	17549 17550 17551 17552 17553 17589 17590 17591 17592 17593 17594 \
	17595 17603 17604 17605 17606 17607 17608 17609 17610 17611 17612 \
	17613 17614 17624 17646 17647 17648 17649 17650 17651 17652 17689 \
	17692 17693 17694 17695 17696 17697 17700 17701 17702 17703 17704 \
	17705 17706 17707 17708 17709 17710 17711 17712 17724 17746 17747 \
	17748 17749 17750 17751 17752 17789 17790 17791 17792 17793 17794 \
	17795 17796 17797 17798 17799 17803 17804 17805 17806 17807 17808 \
	17809 17810 17811 17824 17845 17846 17847 17848 17849 17850 17851 \
	17852 17853 17854 17889 17892 17893 17900 17901 17902 17903 17904 \
	17905 17906 17907 17908 17909 17910 17911 17912 17913 17924 17945 \
	17946 17947 17948 17949 17950 17951 17952 17953 17954 17987 17988 \
	17989 17990 17991 17992 17996 17997 17998 17999 18005 18006 18007 \
	18008 18009 18011 18013 18024 18046 18047 18048 18049 18050 18051 \
	18052 18053 18054 18087 18088 18089 18092 18096 18106 18107 18108 \
	18109 18124 18146 18147 18148 18149 18150 18151 18152 18153 18154 \
	18173 18174 18175 18186 18187 18188 18189 18192 18196 18200 18201 \
	18202 18203 18204 18205 18206 18207 18208 18209 18210 18211 18212 \
	18213 18214 18215 18216 18217 18218 18219 18220 18221 18222 18223 \
	18224 18246 18247 18248 18251 18252 18253 18254 18271 18272 18273 \
	18274 18275 18276 18277 18278 18279 18280 18281 18282 18283 18284 \
	18285 18286 18287 18288 18289 18290 18291 18292 18293 18294 18295 \
	18296 18297 18298 18299 18306 18307 18308 18309 18346 18347 18350 \
	18351 18352 18353 18354 18371 18372 18376 18377 18386 18387 18388 \
	18389 18390 18391 18392 18393 18398 18399 18406 18407 18446 18447 \
	18448 18449 18450 18451 18452 18453 18454 18471 18474 18475 18476 \
	18477 18486 18493 18498 18500 18501 18502 18503 18504 18505 18506 \
	18546 18547 18548 18549 18550 18551 18552 18554 18571 18572 18573 \
	18574 18591 18592 18593 18598 18600 18646 18647 18648 18649 18650 \
	18652 18654 18655 18671 18690 18691 18692 18693 18698 18700 18746 \
	18747 18748 18749 18750 18751 18752 18753 18754 18755 18789 18790 \
	18791 18792 18793 18794 18795 18796 18797 18798 18799 18847 18850 \
	18851 18852 18855 18889 18890 18891 18944 18945 18946 18947 18952 \
	18955 19052 19150 19151 19152 19251 19252 20590 22526 29080 29339 \
	29839 30648 31003 31951 32289 38048 39071 39926 41026 42927 48525 \
	56782 56900 56956 57030 57061 57133 57192 57204 57224 57326 57370 \
	57371 57401 57503 57729 57747 57793 57849 57990 58025 58033 58113 \
	58119 58335 58352 58372 58431 58465 58601 58705 58717 58730 59207 \
	60176 60380 61199 61269 61966 61990 62170 62258 62731 62753 62759 \
	63136 63276 63340 63346 63587 64321 64576 64793 64827 65428 65434 \
	65624 65676 65811 66157 66288 66538 66641 66762 66823 67702 67747 \
	68036 68279 68475 68542 68706 69417 69551 69770 69797 70084 70156 \
	70395 70598 70657 70666 71522 71974 72102 72181 72234 73007 73050 \
	73064 73199 73672 74058 74297 74478 74606 74749 74885 75422 75981 \
	76156 76221 76552 76762 76765 76884 76934 76967 77058 77575 77953 \
	78361 78454 78883 98003 106125 114222 142412 142888 
 un 73403 66637 73471 70961 133214 146662 7284 84949 124335 \
	91316 95761 84426 79749 79647 119913 
 uf 87729 127271 138435 84600 124678 
 am 1037 0 54392 55207 52586 54392 55207 
 am 1083 0 52586 55207 
 am 1199 0 54392 55207 52586 54392 55207 
 am 1241 0 52586 55207 
 am 1434 0 52586 54392 55207 
 am 1530 0 52586 54392 55207 
 am 1705 0 52586 54392 55207 
 am 1741 0 54392 55207 52586 54392 55207 
 am 1759 0 54392 55207 52586 54392 55207 
 am 2179 0 54392 55207 52586 54392 55207 
 am 2412 0 54392 55207 52586 54392 55207 
 am 2585 0 52586 55207 
 am 2744 0 52586 55207 52586 55207 
 am 4083 0 54392 55207 52586 54392 55207 
 am 4096 1 
 am 4432 0 54392 55207 52586 54392 55207 
 am 5188 0 54392 55207 52586 54392 55207 
 am 5255 0 54392 55207 52586 54392 55207 
 am 5332 0 54392 55207 52586 54392 55207 
 am 5550 0 52586 55207 
 am 5555 0 54392 55207 52586 54392 55207 
 am 5740 0 54392 55207 52586 54392 55207 
 am 6007 0 54392 55207 52586 54392 55207 
 am 6303 1 
 am 6663 0 54392 55207 52586 54392 55207 
 am 7079 0 54392 55207 52586 54392 55207 
 am 7196 0 52586 54392 55207 
 am 7240 0 54392 55207 52586 54392 55207 
 am 7284 1 
 am 7872 0 54392 55207 52586 54392 55207 
 am 8522 0 52586 54392 55207 
 am 8707 0 51632 
 am 9282 0 52586 54392 55207 
 am 9566 0 54392 55207 52586 54392 55207 
 am 54392 0 52586 55207 
 am 59022 0 54392 55207 52586 54392 55207 
 am 59220 0 54392 55207 52586 54392 55207 
 am 59320 0 54392 55207 52586 54392 55207 
 am 59861 0 54392 55207 52586 54392 55207 
 am 60031 0 54392 55207 52586 54392 55207 
 am 60052 0 54392 55207 52586 54392 55207 
 am 62094 0 52586 55207 
 am 62214 0 54392 55207 52586 54392 55207 
 am 62650 0 54392 55207 52586 54392 55207 
 am 62731 0 54392 55207 52586 54392 55207 
 am 62959 0 54392 55207 52586 54392 55207 
 am 63276 0 54392 55207 52586 54392 55207 
 am 63346 0 54392 55207 52586 54392 55207 
 am 63587 0 54392 55207 52586 54392 55207 
 am 63696 0 54392 55207 52586 54392 55207 
 am 64321 0 52586 55207 
 am 64404 0 52586 55207 
 am 65161 0 54392 55207 52586 54392 55207 
 am 65166 0 54392 55207 52586 54392 55207 
 am 65407 0 54392 55207 52586 54392 55207 
 am 65428 0 54392 55207 52586 54392 55207 
 am 66001 0 54392 55207 52586 54392 55207 
 am 66139 0 54392 55207 52586 54392 55207 
 am 66205 0 54392 55207 52586 54392 55207 
 am 66564 0 54392 55207 52586 54392 55207 
 am 66641 0 54392 55207 52586 54392 55207 
 am 66940 0 54392 55207 52586 54392 55207 
 am 67100 0 54392 55207 52586 54392 55207 
 am 68028 0 54392 55207 52586 54392 55207 
 am 68146 0 54392 55207 52586 54392 55207 
 am 68186 0 54392 55207 52586 54392 55207 
 am 68628 0 54392 55207 52586 54392 55207 
 am 68789 0 54392 55207 52586 54392 55207 
 am 69098 0 54392 55207 52586 54392 55207 
 am 70170 0 54392 55207 52586 54392 55207 
 am 70318 0 54392 55207 52586 54392 55207 
 am 70657 0 54392 55207 52586 54392 55207 
 am 70775 0 54392 55207 52586 54392 55207 
 am 71396 0 54392 55207 52586 54392 55207 
 am 71747 0 52586 55207 
 am 71884 0 54392 55207 52586 54392 55207 
 am 72027 0 54392 55207 52586 54392 55207 
 am 72917 0 52586 55207 
 am 73050 1 
 am 73190 0 54392 55207 52586 54392 55207 
 am 73270 0 54392 55207 52586 54392 55207 
 am 73593 0 54392 55207 52586 54392 55207 
 am 73642 0 54392 55207 52586 54392 55207 
 am 74011 0 54392 55207 52586 54392 55207 
 am 74758 0 54392 55207 52586 54392 
 am 75567 0 54392 55207 52586 54392 55207 
 am 75953 0 54392 55207 52586 54392 55207 
 am 76221 0 52586 55207 
 am 76552 0 54392 55207 52586 54392 55207 
 am 76711 0 54392 55207 52586 54392 55207 
 am 76967 0 54392 55207 52586 54392 55207 
 am 77474 0 54392 55207 52586 54392 55207 
 am 77833 0 54392 55207 52586 54392 55207 
 am 77953 0 54392 55207 52586 54392 55207 
 am 78476 0 54392 55207 52586 54392 55207 
 am 78820 0 54392 55207 52586 54392 55207 
 am 114222 0 54524 
CO
 li accept 0 0
 ar 0 0 0 0 0 0 0 0
 st 1

73403 char 0
na New noble
LI
 wh 15828
 hl 66637 73471 70961 133214 146662 
CH
 lo 55207
 pl 51372
 he 100
 lk 2
 lr 1
 sl	650 2 28 0 0 \
	654 2 28 22 0 \
	610 2 21 1 0 \
	653 2 28 0 0 \
	611 2 28 0 0 \
	612 2 28 1 0
 mo 7797
 at 80
 df 80
CO
 li move s
 ar 0 3 15928 0 0 8 15828 0
 cs 2
 wa 4
 st 1
 ue 1
 de 4
 pr 2

66637 char 0
na New noble
LI
 wh 73403
CH
 lo 55207
 pl 51372
 he 100
 lk 3
 lr 982
 sl	650 2 28 0 0 \
	654 2 28 23 0 \
	610 2 21 1 0
 mo 7797
 bh 3
 bp 50
 at 80
 df 80
CO
 li give 99167 16
 ar 99167 16 0 0 0 0 0 0
 st 1
 pr 1

73471 char 0
na New noble
LI
 wh 73403
CH
 lo 55207
 pl 51372
 he 100
 lk 3
 lr 983
 sl	650 2 28 0 0 \
	654 2 28 22 0 \
	610 2 21 1 0
 mo 7797
 bh 3
 bp 50
 at 80
 df 80
CO
 li give 99167 16
 ar 99167 16 0 0 0 0 0 0
 st 1
 pr 1

70961 char 0
na New noble
LI
 wh 73403
CH
 lo 55207
 pl 51372
 he 100
 lk 3
 lr 984
 sl	650 2 28 0 0 \
	654 2 28 22 0 \
	610 2 21 1 0
 mo 7797
 bh 3
 bp 50
 at 80
 df 80
CO
 li give 99167 16
 ar 99167 16 0 0 0 0 0 0
 st 1
 pr 1

133214 char 0
na New noble
LI
 wh 73403
CH
 lo 55207
 pl 51372
 he 100
 lk 3
 lr 984
 sl	650 2 28 0 0 \
	654 2 28 24 0 \
	610 2 21 1 0
 mo 7797
 bh 3
 bp 50
 at 80
 df 80
CO
 li give 99167 16
 ar 99167 16 0 0 0 0 0 0
 st 1
 pr 1

146662 char 0
na New noble
LI
 wh 73403
CH
 lo 55207
 pl 51372
 he 100
 lk 3
 lr 984
 sl	650 2 28 0 0 \
	654 2 28 24 0 \
	610 2 21 1 0
 mo 7797
 bh 3
 bp 50
 at 80
 df 80
CO
 li give 99167 16
 ar 99167 16 0 0 0 0 0 0
 st 1
 pr 1

7284 char 0
na Mustrum Ridicully
il	1 1098 \
	54 2 \
	84 1
LI
 wh 15928
CH
 lo 55207
 he 100
 lk 2
 lr 2
 sl	800 2 28 0 0 \
	900 2 42 0 0 \
	902 2 21 19 0 \
	802 2 14 10 0 \
	903 2 21 14 0 \
	905 2 21 1 0 \
	904 2 21 0 0 \
	909 2 21 5 0 \
	907 2 21 1 0 \
	908 2 28 0 0 \
	911 2 21 5 0 \
	906 2 21 0 0 \
	610 2 21 0 0 \
	801 2 14 12 0 \
	803 2 14 4 0 \
	804 2 21 0 0 \
	805 2 14 0 0 \
	820 2 35 0 0 \
	821 2 21 0 0 \
	822 2 21 0 0 \
	630 2 28 0 0 \
	641 2 28 1 0 \
	823 2 21 3 0 \
	824 2 21 2 0 \
	612 2 28 1 0 \
	829 2 21 3 0 \
	617 2 14 10 0 \
	827 2 21 1 0 \
	633 2 14 0 0 \
	632 2 14 0 0 \
	634 2 14 0 0 \
	806 2 21 17 0 \
	831 2 28 0 0 \
	631 2 14 0 0 \
	832 2 21 1 0 \
	639 2 21 0 0 \
	807 2 21 0 0 \
	826 2 21 0 0 \
	825 2 21 0 0 \
	813 2 21 24 0 \
	880 2 42 0 0 \
	884 2 28 0 0 \
	885 2 14 0 0 \
	887 2 21 0 0 \
	889 2 21 0 0 \
	891 2 21 0 0 \
	892 2 21 0 0 \
	893 2 21 0 0 \
	881 2 14 1 0 \
	882 2 14 0 0 \
	883 2 14 0 0 \
	811 2 21 0 0 \
	920 2 0 0 0 \
	921 2 28 7 0 \
	922 2 28 37 0 \
	809 2 21 0 0 \
	808 2 21 0 0 \
	828 2 21 0 0 \
	886 2 14 0 0 \
	814 2 21 0 0 \
	614 2 14 8 0
 bh 9
 at 80
 df 133
 ct 56754 
CM
 im 1
 ma 8
 ca 10
 hs 1
 kw 1
 pl 4064
 ar 109200
MI
 ds A Wizards Staff has a nob on the end...
CO
 li use 813
 ar 0 0 0 0 0 0 0 813
 cs 2
 wa 3
 st 1
 us 813
 ue 4
 de 3
 pr 3

84949 char 0
na New noble
il	1 100
LI
 wh 15928
CH
 lo 55207
 he 100
 lk 1
 lr 350
 sl	650 1 0 0 0 \
	610 2 21 0 0 \
	611 2 28 0 0
 bh 3
 bp 50
 at 80
 df 80
CO
 li study 611
 ar 611 0 0 0 0 0 0 0
 st 1
 de 7
 po 1
 pr 3

124335 char 0
na New noble
il	1 100
LI
 wh 15928
CH
 lo 55207
 he 100
 lk 1
 lr 350
 sl	610 2 21 0 0 \
	650 1 0 0 0 \
	611 2 28 0 0
 bh 3
 bp 50
 at 80
 df 80
CO
 li study 611
 ar 611 0 0 0 0 0 0 0
 st 1
 de 7
 po 1
 pr 3

91316 char 0
na New noble
il	1 100
LI
 wh 15928
CH
 lo 55207
 he 100
 lk 1
 lr 350
 sl	650 1 0 0 0 \
	610 2 21 0 0 \
	611 2 28 0 0
 bh 3
 bp 50
 at 80
 df 80
CO
 li study 611
 ar 611 0 0 0 0 0 0 0
 st 1
 de 7
 po 1
 pr 3

95761 char 0
na New noble
il	1 100
LI
 wh 15928
CH
 lo 55207
 he 100
 lk 1
 lr 350
 sl	650 1 7 0 0 \
	610 2 21 0 0 \
	611 2 28 0 0
 bh 3
 bp 50
 at 80
 df 80
CO
 li study 611
 ar 611 0 0 0 0 0 0 0
 st 1
 de 7
 po 1
 pr 3

84426 char 0
na New noble
il	1 100
LI
 wh 15928
CH
 lo 55207
 he 100
 lk 1
 lr 350
 sl	650 1 7 0 0 \
	610 2 21 0 0 \
	611 2 28 0 0
 bh 3
 bp 50
 at 80
 df 80
CO
 li study 611
 ar 611 0 0 0 0 0 0 0
 st 1
 de 7
 po 1
 pr 3

79749 char 0
na Jansen Bladespinner
il	1 2366 \
	54 23 \
	95 242
tl	2 95 891 7 0 0 0 0
LI
 wh 2851
CH
 lo 55207
 he 100
 lk 2
 lr 1
 sl	650 2 28 0 0 \
	654 2 28 11 0 \
	610 2 21 0 0 \
	611 2 28 0 0 \
	612 2 28 0 0
 bp 50
 at 80
 df 80
CO
 li breed 54 54
 ar 54 54 0 0 0 0 0 0
 cs 2
 wa 5
 st 1
 de 1
 pr 3

79647 char 0
na New noble
il	1 51 \
	54 1 \
	95 16
LI
 wh 2851
CH
 lo 55207
 he 100
 lk 1
 lr 450
 sl	610 1 14 0 0 \
	650 1 14 0 0
 bp 50
 at 80
 df 80
CO
 li give 79749 95
 ar 79749 95 0 0 0 0 0 0
 st 1
 pr 1

119913 char 0
na New noble
il	1 44 \
	54 1 \
	95 29
LI
 wh 2851
CH
 lo 55207
 he 100
 lk 1
 lr 450
 sl	610 1 7 0 0 \
	650 1 7 0 0
 bp 50
 at 80
 df 80
CO
 li give 79749 95
 ar 79749 95 0 0 0 0 0 0
 st 1
 pr 1

