55268 player pl_regular
na Mold Merchants
il	1 1139
ad 50696 51478 54177 54392 54948 55124 55268 
CH
PL
 fn Rick Moore
 em mooreric@home.com
 ve mooreric@home.com
 pw fbaggins
 np 4
 ft 23
 nt 1
 lt 260
 kn 69 600 601 603 610 611 612 614 615 616 \
	617 630 631 632 633 634 635 636 637 639 641 \
	650 651 652 653 654 655 656 657 658 661 670 \
	671 672 680 681 682 690 693 694 695 700 701 \
	702 703 704 705 720 721 722 723 730 731 732 \
	733 750 751 752 753 754 755 756 800 801 802 \
	803 804 805 806 807 808 809 811 812 813 814 \
	820 827 832 833 840 841 842 843 844 845 846 \
	847 848 849 851 852 900 902 903 904 905 906 \
	907 908 909 911 1083 1620 2041 2774 3450 3598 4940 \
	5174 5253 5828 6313 8352 9108 9603 9917 15319 15320 15411 \
	15412 15413 15414 15415 15419 15420 15422 15423 15424 15508 15509 \
	15510 15511 15512 15513 15514 15515 15516 15517 15518 15519 15520 \
	15521 15522 15523 15524 15607 15608 15609 15610 15611 15612 15613 \
	15614 15615 15616 15617 15618 15619 15620 15621 15622 15623 15624 \
	15707 15708 15709 15710 15711 15713 15714 15715 15718 15720 15724 \
	15807 15808 15809 15810 15811 15812 15813 15814 15815 15817 15818 \
	15819 15820 15824 15909 15910 15911 15912 15913 15914 15915 15916 \
	15917 15920 15924 16009 16010 16011 16012 16013 16014 16015 16016 \
	16017 16018 16019 16020 16024 16109 16110 16111 16112 16113 16114 \
	16115 16116 16117 16118 16119 16120 16124 16205 16206 16207 16208 \
	16209 16210 16211 16212 16213 16214 16215 16216 16217 16218 16219 \
	16220 16221 16222 16223 16224 16305 16307 16310 16312 16313 16314 \
	16315 16317 16318 16319 16320 16405 16407 16409 16410 16413 16414 \
	16415 16417 16418 16419 16420 16423 16424 16425 16426 16427 16428 \
	16429 16430 16431 16432 16505 16507 16510 16511 16512 16513 16514 \
	16515 16517 16518 16519 16520 16523 16529 16605 16606 16607 16608 \
	16609 16610 16612 16613 16614 16615 16616 16617 16618 16619 16620 \
	16623 16628 16629 16707 16708 16710 16713 16714 16715 16717 16718 \
	16719 16720 16721 16723 16728 16807 16808 16810 16811 16812 16813 \
	16814 16815 16816 16817 16818 16819 16820 16821 16822 16823 16828 \
	16907 16910 16916 16917 16918 16919 16920 16921 16922 16923 16924 \
	16925 16926 16927 16928 16986 16987 16988 16989 16990 16991 16992 \
	16993 17007 17008 17009 17010 17011 17012 17013 17014 17015 17016 \
	17017 17018 17019 17020 17024 17025 17026 17027 17086 17093 17107 \
	17108 17110 17112 17117 17118 17119 17120 17124 17125 17127 17128 \
	17129 17130 17186 17193 17205 17206 17207 17208 17209 17210 17217 \
	17218 17219 17220 17221 17222 17224 17225 17230 17233 17234 17235 \
	17236 17237 17238 17286 17289 17290 17291 17292 17293 17305 17306 \
	17307 17311 17317 17318 17319 17320 17321 17322 17323 17324 17325 \
	17326 17327 17328 17329 17330 17331 17332 17333 17334 17335 17336 \
	17338 17386 17389 17390 17391 17392 17393 17394 17404 17405 17407 \
	17411 17416 17417 17418 17419 17420 17421 17422 17423 17424 17425 \
	17426 17427 17428 17429 17430 17431 17432 17433 17434 17435 17436 \
	17437 17438 17486 17489 17490 17491 17492 17493 17494 17500 17501 \
	17502 17503 17504 17507 17511 17516 17517 17518 17519 17520 17521 \
	17522 17523 17524 17525 17526 17527 17528 17529 17530 17531 17532 \
	17533 17534 17535 17586 17587 17588 17589 17590 17591 17592 17593 \
	17594 17595 17596 17597 17598 17599 17606 17607 17608 17609 17610 \
	17611 17612 17613 17614 17615 17616 17617 17618 17619 17620 17621 \
	17622 17623 17624 17625 17627 17633 17686 17689 17691 17692 17693 \
	17696 17697 17698 17700 17701 17702 17703 17704 17705 17706 17707 \
	17708 17709 17710 17711 17712 17713 17714 17715 17716 17717 17718 \
	17719 17720 17721 17722 17723 17724 17725 17726 17727 17786 17787 \
	17788 17789 17791 17792 17793 17794 17795 17796 17797 17798 17799 \
	17807 17808 17809 17810 17811 17812 17813 17814 17815 17816 17817 \
	17818 17819 17820 17821 17822 17823 17824 17825 17886 17889 17890 \
	17891 17892 17893 17894 17909 17910 17911 17912 17913 17914 17917 \
	17921 17922 17923 17924 17925 17986 17989 17990 17991 17992 17993 \
	17994 18009 18010 18011 18012 18013 18014 18019 18020 18021 18022 \
	18023 18025 18086 18089 18090 18091 18092 18093 18109 18120 18121 \
	18122 18125 18186 18189 18190 18191 18192 18193 18209 18210 18211 \
	18212 18213 18214 18215 18216 18217 18218 18219 18220 18221 18222 \
	18223 18224 18225 18272 18273 18274 18275 18276 18277 18278 18286 \
	18288 18289 18290 18291 18292 18293 18371 18372 18373 18374 18375 \
	18376 18377 18378 18379 18380 18386 18388 18389 18390 18391 18392 \
	18471 18472 18473 18474 18475 18476 18477 18486 18487 18488 18489 \
	18490 18491 18492 18572 18587 18588 18589 18590 18591 18672 18689 \
	18690 18691 18772 18785 18786 18787 18788 18789 18790 18791 18792 \
	18793 18872 18885 18972 18985 19072 19085 19172 19173 19174 19175 \
	19176 19177 19178 19179 19180 19181 19182 19183 19184 19185 20020 \
	20033 20040 20043 20056 20311 20342 20346 20615 20651 20919 20937 \
	20980 21035 21068 21072 21078 21193 21198 21209 21315 21368 21413 \
	21421 21545 21586 21608 21699 21764 21862 21866 22197 22283 22342 \
	22405 22416 22552 22643 22674 22849 22864 22980 22989 23106 23116 \
	23265 23300 23407 23474 23541 23593 23600 23634 23739 23873 23904 \
	23986 24044 24052 24058 24206 24369 24450 24487 24873 24920 25060 \
	25125 25190 25194 25234 25275 25395 25416 25418 25555 25653 25655 \
	25656 25688 25798 25835 25984 26074 26264 26302 26314 26566 26587 \
	26608 26687 26732 26756 26822 26844 26903 26904 27043 27057 27083 \
	27092 27130 27166 27188 27189 27213 27220 27265 27291 27394 27470 \
	27604 27715 27736 27739 27789 27842 27867 27998 28008 28166 28239 \
	28285 28363 28469 28505 28536 28543 28588 28589 28612 28722 28751 \
	28983 29060 29091 29197 29312 29318 29400 29449 29465 29501 29592 \
	29600 29615 29665 29780 29863 29875 29899 29917 30023 30059 30066 \
	30207 30253 30268 30538 30564 30565 30642 30646 30663 30680 30693 \
	30845 30912 30921 30929 30963 30989 31128 31250 31260 31265 31284 \
	31302 31303 31430 31497 31523 31525 31546 31568 31755 31895 31929 \
	31938 31990 32007 32026 32120 32172 32225 32253 32365 32465 32524 \
	32588 32594 32632 32653 32709 32810 32813 32906 32921 32929 32955 \
	33161 33227 33465 33489 33542 33559 33582 33680 33687 33726 33804 \
	33870 33871 33890 33924 34063 34126 34212 34231 34318 34418 34485 \
	34540 34572 34592 34728 34909 34921 35070 35093 35110 35130 35235 \
	35282 35347 35371 35395 35462 35618 35644 35713 35734 35816 35828 \
	35970 36063 36107 36150 36162 36190 36198 36259 36287 36461 36514 \
	36623 36696 36751 36827 36935 37051 37108 37119 37437 37490 37593 \
	37702 37753 37774 37946 37957 38005 38019 38021 38097 38227 38347 \
	38354 38513 38563 38568 38603 38609 38850 38889 38901 38966 38974 \
	39112 39158 39177 39205 39236 39321 39360 39414 39494 39498 39548 \
	39552 39590 39592 39643 39677 39686 39813 39817 39833 39857 39876 \
	39957 40003 40004 40005 40077 40080 40092 40268 40322 40340 40389 \
	40445 40468 40492 40659 40752 40855 40935 41000 41002 41267 41309 \
	41389 41438 41474 41477 41493 41534 41544 41641 41645 41677 41738 \
	41815 41816 41970 42003 42012 42039 42061 42126 42189 42283 42299 \
	42325 42358 42376 42421 42427 42502 42512 42545 42617 42675 42676 \
	42680 42690 42757 42769 42879 42965 43001 43017 43061 43078 43151 \
	43316 43319 43368 43439 43442 43445 43525 43554 43719 43814 43832 \
	43972 44196 44269 44376 44383 44443 44445 44448 44641 44659 44765 \
	44806 44846 44984 44994 45010 45026 45145 45197 45208 45292 45399 \
	45403 45422 45439 45452 45482 45491 45510 45567 45718 45801 45867 \
	45909 45910 45998 46016 46030 46042 46085 46101 46104 46119 46149 \
	46333 46373 46397 46426 46528 46588 46609 46669 46738 46779 46831 \
	46982 47047 47141 47203 47293 47329 47440 47457 47544 47616 47778 \
	47819 47872 47902 48037 48167 48174 48184 48432 48483 48502 48539 \
	48551 48561 48590 48701 48838 49019 49033 49059 49104 49253 49299 \
	49380 49403 49481 49501 49506 49533 49637 49772 49898 49906 49912 \
	49923 56776 56780 56889 56904 56964 57001 57026 57030 57133 57177 \
	57195 57204 57216 57242 57295 57326 57356 57364 57367 57485 57503 \
	57507 57602 57618 57733 57849 58010 58025 58033 58050 58054 58077 \
	58113 58119 58307 58311 58343 58408 58423 58446 58465 58492 58497 \
	58547 58556 58583 58651 58683 58705 58713 58730 58743 58754 59268 \
	59419 59581 59631 59948 60201 60437 60921 61112 61386 61990 62570 \
	62690 62784 62897 63309 63382 63952 64365 64610 64834 64851 65052 \
	65147 65187 65379 65624 65710 65822 65938 66538 66615 66730 67223 \
	67365 67574 67596 68542 68573 68743 68796 68912 69154 69404 69497 \
	69617 69879 69964 70012 70084 70205 70356 70809 71176 71484 71522 \
	71663 71871 72480 72530 72606 73050 73113 74369 74780 74832 75512 \
	75670 76035 76266 76285 76447 76639 76698 76762 76950 77108 77468 \
	77497 77962 78076 78395 78454 78503 78629 78828 78876 84150 93004 
 un 73571 77657 78419 61781 1874 3073 6593 7039 2106 \
	2114 5810 9491 75844 2927 62227 
 uf 64200 142083 116987 95899 86681 
 am 1620 0 54177 55124 55268 
 am 1874 0 51478 54392 51632 54177 55124 54948 51632 \
	5618 
 am 2106 0 51478 54392 51632 54177 55124 54948 51632 
 am 2114 0 51478 54392 54948 54177 55124 55268 
 am 2774 0 54948 54177 55124 54948 51632 50696 51478 \
	54392 
 am 2927 0 51478 54392 54948 54177 55124 55268 54082 \
	54524 66814 
 am 3073 0 51478 54392 51632 54177 55124 54948 51632 
 am 3598 0 54948 54177 55124 55268 4080 6789 
 am 5810 0 51478 54392 51632 54177 55124 54948 51632 
 am 6313 0 54948 54177 55124 55268 
 am 6593 0 51478 54392 54948 54177 55124 55268 54948 \
	54177 55124 55268 51632 51632 50696 
 am 7039 0 51478 54392 54948 54177 55124 55268 54948 \
	54177 55124 55268 51632 51632 50696 
 am 9108 0 54948 54177 55124 55268 
 am 9491 0 51478 54392 51632 54177 55124 54948 51632 
 am 61781 0 51478 54392 54948 54177 55124 55268 54948 \
	54177 55124 55268 
 am 62227 0 51478 54392 51632 54177 55124 54948 51632 
 am 64365 0 54948 54177 55124 55268 54948 54177 55124 \
	55268 51632 51632 50696 51478 55268 54392 51478 55268 
 am 71176 1 
 am 74780 1 
 am 75844 0 51478 54392 51632 54177 55124 54948 51632 
 am 77657 0 51478 54392 54948 54177 55124 55268 
 am 93004 0 54948 54177 55124 55268 54948 54177 55124 \
	55268 51632 51632 50696 
CO
 li ACCEPT ce8 0
 ar 50568 0 0 0 0 0 0 0
 st 1

73571 char 0
na Silver Thorn
il	1 2269 \
	94 107
tl	2 94 30 4 0 0 0 0 \
	2 95 87 7 0 0 0 0
LI
 wh 77497
CH
 lo 55268
 he 100
 lk 2
 lr 1
 sl	800 2 28 0 0 \
	802 2 14 28 0 \
	801 2 14 0 0 \
	803 2 14 0 0 \
	806 2 21 0 0 \
	804 2 21 0 0 \
	805 2 14 0 0 \
	812 2 21 0 0 \
	814 2 21 0 0 \
	808 2 21 0 0 \
	820 2 35 0 0 \
	827 2 21 0 0 \
	813 2 21 0 0 \
	833 2 21 0 0 \
	832 2 21 0 0
 bh 2
 bp 50
 at 80
 df 80
CM
 im 1
 ma 15
 ca 15
 kw 1
CO
 li study 833
 ar 833 0 0 0 0 0 0 0
 wa 7
 ue 4
 po 1
 pr 3

77657 char 0
na Liam
il	1 10020 \
	54 19
tl	1 70569 1 40 0 0 0 0 \
	2 94 2 4 0 0 0 0 \
	1 122303 49 40 0 0 0 0 \
	2 122303 49 80 0 0 0 0
LI
 wh 17708
CH
 lo 55268
 he 100
 lk 3
 lr 7
 sl	610 2 21 9 0 \
	612 2 28 1 0 \
	700 2 21 0 0 \
	702 2 14 11 0 \
	600 2 21 0 0 \
	630 2 28 0 0 \
	680 2 21 3 0 \
	730 2 21 0 0 \
	670 2 28 0 0 \
	617 2 14 15 0 \
	631 2 14 13 0 \
	682 2 14 2 0 \
	639 2 21 0 0 \
	637 2 21 0 0 \
	636 2 14 0 0 \
	641 2 28 1 0 \
	601 2 14 13 0 \
	603 2 14 2 0 \
	611 2 28 0 0 \
	732 2 14 3 0 \
	733 2 14 2 0 \
	671 2 14 0 0 \
	615 2 21 3 0
 bh 2
 at 80
 df 80
 mi 92
CM
 hs 1
CO
 li fly e
 ar 0 2 17708 0 0 3 17707 0
 st 1
 ue 3
 de 3
 pr 2

78419 char 0
na Warren Zevon
il	1 7920 \
	54 28 \
	95 6
tl	2 95 30 7 0 0 0 0 \
	2 104246 44 63 0 0 0 0 \
	1 104246 44 11 0 0 0 0
LI
 wh 17814
CH
 lo 55268
 he 100
 lk 2
 lr 1
 sl	610 2 21 7 0 \
	611 2 28 0 0 \
	630 2 28 0 0 \
	600 2 21 0 0 \
	730 2 21 0 0 \
	733 2 14 1 0 \
	732 2 14 3 0 \
	612 2 28 1 0 \
	601 2 14 11 0 \
	631 2 14 4 0 \
	650 2 28 0 0 \
	652 2 28 0 0 \
	653 2 28 0 0
 bh 2
 at 80
 df 80
CM
 vp 2
CO
 li study 653
 ar 653 0 0 0 0 0 0 0
 wa 7
 ue 1
 po 1
 pr 3

61781 char 0
na Crimson Thorn
il	54 12
an 51632 54177 
LI
 wh 27604
CH
 lo 55268
 he 100
 lk 2
 lr 1
 sl	610 2 21 87 0 \
	720 2 21 0 0 \
	721 2 14 0 0 \
	612 2 28 1 0 \
	722 2 14 0 0 \
	617 2 14 0 0 \
	630 2 28 0 0 \
	639 2 21 3 0 \
	641 2 28 1 0 \
	631 2 14 3 0 \
	633 2 14 1 0 \
	632 2 14 1 0 \
	611 2 28 0 0
 bh 2
 ra 30
 at 80
 df 80
CM
 hs 1
 pl 9509
CO
 li fly w
 ar 0 0 0 0 0 0 0 0
 wa -1
 ue 1
 pr 2

1874 char 0
na Rev. Jesse James
il	1 100 \
	52 3 \
	54 5 \
	69 1 \
	76 5
LI
 wh 63382
CH
 lo 55268
 he 100
 lk 2
 lr 2
 sl	600 2 21 0 0 \
	601 2 14 47 0 \
	603 2 14 12 0 \
	610 2 21 10 0 \
	617 2 14 19 0 \
	612 2 28 2 0 \
	615 2 21 12 0 \
	616 2 14 3 0 \
	630 2 28 0 0 \
	700 2 21 0 0 \
	703 2 14 5 0 \
	702 2 14 4 0 \
	611 2 28 0 0 \
	750 2 35 0 0 \
	751 2 28 2 0 \
	755 2 28 0 0 \
	752 2 28 2 0 \
	641 2 28 1 0 \
	756 2 28 87 0 \
	753 2 21 4 0 \
	754 2 28 2 0
 bh 9
 at 97
 df 80
 mi 95
CM
 hs 1
 vp 111
 pl 2396
 vi 5810 58113 
MI
 ds Priest of Loki
CO
 li give 2114 1
 ar 2114 1 0 0 0 0 0 0
 ue 5
 pr 1

3073 char 0
na Corwyn Elfwine
il	1 584 \
	54 1 \
	94 16 \
	60408 1 \
	61941 1 \
	62375 1 \
	66382 1 \
	69280 1 \
	70718 1 \
	73448 1 \
	74735 1 \
	85613 1 \
	106785 1 \
	145050 1
LI
 wh 2774
CH
 lo 55268
 he 100
 lk 2
 lr 1
 sl	720 2 21 0 0 \
	721 2 14 0 0 \
	722 2 14 0 0 \
	630 2 28 0 0 \
	631 2 14 16 0 \
	800 2 28 0 0 \
	802 2 14 14 0 \
	801 2 14 19 0 \
	803 2 14 4 0 \
	804 2 21 0 0 \
	610 2 21 68 0 \
	617 2 14 9 0 \
	700 2 21 0 0 \
	704 2 14 2 0 \
	702 2 14 4 0 \
	703 2 14 6 0 \
	635 2 28 0 0 \
	680 1 9 0 0 \
	611 2 28 0 0 \
	840 2 35 0 0 \
	612 2 28 1 0 \
	841 2 21 4 0 \
	842 2 14 5 0 \
	845 2 21 0 0 \
	849 2 21 10 0 \
	851 2 21 11 0 \
	807 2 21 3 0 \
	808 2 21 0 0 \
	809 2 21 0 0 \
	811 2 21 0 0 \
	639 2 21 0 0 \
	641 2 28 1 0 \
	670 2 28 0 0 \
	806 2 21 5 0 \
	805 2 14 0 0 \
	671 2 14 0 0 \
	672 2 21 0 0 \
	843 2 21 0 0 \
	814 2 21 0 0 \
	812 2 21 0 0 \
	813 0 0 0 0 \
	847 2 21 0 0 \
	846 2 21 0 0 \
	844 1 7 0 0 \
	848 2 21 0 0 \
	852 0 0 0 0 \
	723 0 0 0 0
 bh 9
 at 80
 df 80
CM
 im 1
 ma 23
 ca 71
 hs 1
 vp 3
CO
 li research 720
 ar 720 0 0 0 0 0 0 0
 wa 7
 ue 1
 pr 3

6593 char 0
na Merd Ni Loghren
il	1 4743 \
	11 1 \
	22 358 \
	51 14 \
	54 38 \
	61 9 \
	72 283 \
	98 35 \
	282 55 \
	59716 1 \
	61722 1 \
	66002 1
LI
 wh 64365
 hl 7039 149707 134911 148450 144782 141052 116862 107100 
CH
 lo 55268
 he 100
 lk 2
 lr 1
 sl	630 2 28 0 0 \
	635 2 28 0 0 \
	610 2 21 35 0 \
	680 2 21 0 0 \
	612 2 28 1 0 \
	700 2 21 0 0 \
	617 2 14 28 0 \
	611 2 28 0 0 \
	703 2 14 0 0 \
	615 2 21 39 0 \
	702 2 14 0 0 \
	641 2 28 1 0 \
	704 2 14 0 0 \
	636 2 14 0 0 \
	631 2 14 0 0 \
	616 2 14 6 0 \
	682 2 14 0 0 \
	900 2 42 0 0 \
	905 2 21 0 0 \
	906 2 21 0 0 \
	909 2 21 0 0 \
	904 2 21 0 0 \
	907 2 21 0 0 \
	650 2 28 0 0 \
	652 2 28 0 0 \
	653 2 28 0 0 \
	908 2 28 0 0 \
	911 2 21 1 0 \
	658 0 0 0 0 \
	654 2 28 67 0 \
	657 2 21 8 0
 bh 2
 ra 70
 at 80
 df 80
 mi 152
CM
 im 1
 ma 8
 ca 8
 rb 1
 hs 1
 vp 28
 pl 8563
CO
 li breed 282 282
 ar 282 282 0 0 0 0 0 0
 cs 2
 wa 5
 st 1
 ue 2
 de 1
 pr 3

7039 char 0
na Murg o' Troyd
il	15 91 \
	16 208 \
	52 1 \
	53 62 \
	73 63 \
	74 84 \
	75 1640 \
	85 16 \
	95 110 \
	98 23 \
	261 6 \
	280 3 \
	282 186 \
	284 1 \
	295 1 \
	71549 1
LI
 wh 6593
 hl 2106 
CH
 lo 55268
 he 100
 lk 2
 lr 1
 sl	610 2 21 29 0 \
	612 2 28 1 0 \
	680 2 21 0 0 \
	681 2 14 0 0 \
	650 2 28 0 0 \
	652 2 28 0 0 \
	653 2 28 0 0 \
	654 2 28 119 0 \
	655 2 14 2 0 \
	651 2 21 3 0 \
	656 2 14 0 0 \
	682 2 14 0 0 \
	658 2 21 1 0 \
	611 2 28 0 0 \
	657 2 21 44 0 \
	661 2 21 2 0 \
	900 2 42 0 0 \
	903 2 21 0 0 \
	902 2 21 0 0 \
	905 2 21 0 0 \
	906 2 21 0 0 \
	909 2 21 0 0 \
	904 2 21 0 0 \
	907 2 21 0 0 \
	908 2 28 0 0 \
	616 2 14 26 0 \
	615 2 21 7 0 \
	911 2 21 1 0
 at 80
 df 80
 mi 50
CM
 im 1
 ma 10
 ca 10
 rb 1
 vp 28
CO
 li train 15
 ar 15 0 0 0 0 0 0 0
 wa -1
 ue 5
 po 1
 pr 3

2106 char 0
na Cole Younger
il	54 49 \
	282 58 \
	292 1
LI
 wh 7039
CH
 lo 55268
 he 100
 lk 2
 lr 1
 sl	610 2 21 31 0 \
	617 2 14 22 0 \
	615 2 21 19 0 \
	730 2 21 0 0 \
	732 2 14 4 0 \
	733 2 14 3 0 \
	731 2 14 0 0 \
	616 2 14 16 0 \
	612 2 28 1 0 \
	614 2 14 14 0 \
	600 2 21 0 0 \
	601 2 14 27 0 \
	630 2 28 0 0 \
	631 2 14 5 0 \
	611 2 28 0 0 \
	633 2 14 0 0 \
	632 2 14 0 0 \
	634 2 14 0 0 \
	650 2 28 0 0 \
	654 2 28 96 0 \
	652 2 28 0 0 \
	651 2 21 0 0 \
	653 2 28 0 0 \
	655 2 14 2 0 \
	656 2 14 0 0
 at 186
 df 171
 mi 153
CM
 vp 12
CO
 li breed 282 282
 ar 282 282 0 0 0 0 0 0
 cs 2
 wa 1
 st 1
 ue 1
 de 5
 pr 3

2114 char 0
na White Thorn
il	52 1 \
	53 1 \
	54 52 \
	95 23 \
	98 1 \
	280 4 \
	282 29 \
	284 6 \
	291 2
LI
 wh 64365
CH
 lo 55268
 he 100
 lk 2
 lr 1
 sl	630 2 28 0 0 \
	631 2 14 20 0 \
	635 2 28 0 0 \
	634 2 14 7 0 \
	633 2 14 2 0 \
	610 2 21 1 0 \
	617 2 14 1 0 \
	700 2 21 0 0 \
	641 2 28 1 0 \
	612 2 28 1 0 \
	639 2 21 0 0 \
	611 2 28 0 0 \
	720 2 21 0 0 \
	680 2 21 1 0 \
	703 2 14 0 0 \
	722 2 14 14 0 \
	650 2 28 0 0 \
	657 2 21 24 0 \
	653 2 28 0 0 \
	652 2 28 0 0 \
	654 2 28 105 0 \
	721 2 14 5 0 \
	655 2 14 1 0 \
	615 2 21 0 0 \
	702 2 14 1 0
 at 80
 df 80
 mi 50
CM
 hs 1
 vp 12
 pl 71724
CO
 li breed 52 52
 ar 52 52 0 0 0 0 0 0
 wa 7
 ue 4
 pr 3

5810 char 0
na Caelan
LI
 wh 25653
CH
 lo 55268
 he 100
 lk 3
 lr 41
 sl	610 2 21 26 0 \
	600 2 21 0 0 \
	601 2 14 36 0 \
	612 2 28 1 0 \
	720 2 21 0 0 \
	721 2 14 0 0 \
	617 2 14 8 0 \
	722 2 14 0 0 \
	700 2 21 0 0 \
	702 2 14 0 0 \
	615 2 21 11 0 \
	730 2 21 0 0 \
	732 2 14 2 0 \
	733 2 14 2 0 \
	731 2 14 0 0 \
	703 2 14 0 0 \
	603 2 14 1 0 \
	704 2 14 1 0
 bh 2
 at 80
 df 80
 mi 91
CO
 li move g365
 ar 0 0 0 0 0 0 0 0
 wa -1
 ue 2
 pr 2

9491 char 0
na Butch Cassidy
il	54 6 \
	69 1 \
	98 1
LI
 wh 39686
CH
 lo 55268
 he 100
 lk 3
 lr 40
 sl	630 2 28 0 0 \
	631 2 14 4 0 \
	634 2 14 0 0 \
	635 2 28 0 0 \
	633 2 14 1 0 \
	610 2 21 89 0 \
	617 2 14 6 0 \
	612 2 28 1 0 \
	670 2 28 0 0 \
	680 2 21 1 0 \
	671 2 14 0 0 \
	682 2 14 0 0 \
	615 2 21 35 0 \
	641 2 28 1 0 \
	636 2 14 0 0 \
	611 2 28 0 0
 bh 9
 at 80
 df 80
 mi 224
CM
 hs 1
CO
 li garrison g365
 ar 64365 0 0 0 0 0 0 0
 wa 1
 ue 5
 pr 3

75844 char 0
na William Bonney
il	1 1238 \
	54 1
LI
 wh 57733
CH
 lo 55268
 he 100
 lk 3
 lr 53
 sl	730 2 21 0 0 \
	610 2 21 16 0 \
	733 2 14 2 0 \
	732 2 14 5 0 \
	630 2 28 0 0 \
	700 2 21 0 0 \
	702 2 14 0 0 \
	611 2 28 0 0 \
	631 2 14 33 0 \
	703 2 14 12 0 \
	617 2 14 7 0 \
	612 2 28 1 0 \
	704 2 14 13 0 \
	615 2 21 25 0 \
	731 2 14 0 0 \
	670 2 28 0 0 \
	671 2 14 0 0 \
	672 2 21 0 0 \
	720 2 21 0 0 \
	721 2 14 1 0 \
	722 2 14 1 0 \
	614 2 14 14 0 \
	641 1 0 0 0
 bh 9
 at 80
 df 210
 mi 390
CO
 li use 614
 ar 0 0 0 0 0 0 0 614
 st 1
 us 614
 ue 3
 de 6
 pr 3

2927 char 0
na Black Thorn
il	1 22 \
	54 1 \
	72173 1
LI
 wh 57733
CH
 lo 55268
 he 100
 lk 2
 lr 1
 sl	630 2 28 0 0 \
	631 2 14 24 0 \
	633 2 14 24 0 \
	634 2 14 16 0 \
	632 2 14 20 0 \
	635 2 28 0 0 \
	641 2 28 1 0 \
	610 2 21 8 0 \
	611 2 28 0 0 \
	612 2 28 1 0 \
	615 2 21 13 0 \
	639 2 21 3 0 \
	600 2 21 0 0 \
	670 2 28 0 0 \
	671 2 14 0 0 \
	601 2 14 3 0 \
	700 2 21 0 0 \
	703 2 14 0 0 \
	702 2 14 2 0 \
	616 2 14 2 0 \
	690 2 28 1 0 \
	680 1 0 0 0 \
	720 2 21 0 0 \
	672 2 21 0 0 \
	693 2 21 0 0 \
	694 2 21 0 0 \
	695 2 21 3 0
 bh 2
 ra 70
 at 90
 df 80
 mi 176
CM
 hs 1
CO
 li study 720
 ar 720 0 0 0 0 0 0 0
 wa 7
 ue 3
 po 1
 pr 3

62227 char 0
na Doc Holliday
il	1 83 \
	10 10 \
	12 10 \
	54 8 \
	69 1
LI
 wh 35130
CH
 lo 55268
 he 100
 lk 3
 lr 49
 sl	610 2 21 28 0 \
	680 2 21 1 0 \
	682 2 14 0 0 \
	617 2 14 59 0 \
	612 2 28 1 0 \
	630 2 28 0 0 \
	700 2 21 0 0 \
	702 2 14 50 0 \
	631 2 14 4 0 \
	703 2 14 45 0 \
	615 2 21 5 0 \
	616 2 14 4 0 \
	611 2 28 0 0
 at 106
 df 80
 mi 50
CO
 li get garrison 12
 ar 92458 12 0 0 0 0 0 0
 ue 1
 pr 1

