55275 player pl_regular
na Highland Rangers
il	1 1003 \
	77 20
an 55275 
CH
PL
 fn John Woodruff
 em John.Woodruff@PSS.Boeing.com,danielf@shoalhaven.net.au
 ve John.Woodruff@PSS.Boeing.com
 pw Highlander
 np 1
 ft 55
 so 1
 lt 260
 kn 69 600 601 602 603 610 611 612 613 614 \
	615 616 617 630 631 632 633 634 635 636 637 \
	639 641 650 651 652 653 654 655 656 657 658 \
	661 670 671 672 673 674 675 676 680 681 682 \
	690 691 692 693 694 695 696 697 700 701 702 \
	703 704 705 706 707 720 721 722 723 730 731 \
	732 733 750 751 752 753 754 755 756 800 801 \
	802 803 804 805 806 807 808 809 811 812 813 \
	814 820 821 822 823 824 825 826 827 828 829 \
	831 832 833 840 841 842 843 844 845 846 847 \
	848 849 851 852 860 861 862 863 864 865 866 \
	867 868 869 871 872 880 881 882 883 884 885 \
	886 887 888 889 891 892 893 894 900 901 902 \
	903 904 905 906 907 908 909 911 920 921 922 \
	1714 2136 2444 4036 4507 4640 6160 8831 9579 9992 10447 \
	10448 10449 10450 10544 10545 10546 10547 10549 10550 10644 10649 \
	10650 10744 10749 10750 10751 10752 10844 10849 10850 10851 10852 \
	10867 10868 10869 10870 10871 10944 10945 10946 10947 10948 10949 \
	10950 10952 10967 10971 11044 11045 11046 11047 11049 11050 11052 \
	11067 11071 11145 11146 11149 11150 11151 11152 11153 11167 11171 \
	11246 11247 11250 11252 11253 11267 11271 11345 11346 11347 11349 \
	11350 11351 11367 11369 11370 11371 11445 11449 11467 11469 11545 \
	11549 11567 11569 11643 11644 11645 11647 11648 11649 11667 11669 \
	11743 11747 11767 11769 11770 11843 11847 11867 11870 11943 11947 \
	11967 11970 12043 12046 12047 12067 12070 12142 12143 12146 12167 \
	12168 12170 12242 12246 12268 12270 12342 12345 12346 12368 12370 \
	12440 12441 12442 12445 12468 12470 12540 12545 12568 12570 12640 \
	12645 12668 12670 12740 12745 12768 12769 12770 12840 12845 12868 \
	12869 12940 12945 12968 12969 12998 13040 13045 13068 13069 13098 \
	13140 13141 13142 13143 13144 13145 13146 13147 13148 13149 13150 \
	13151 13168 13169 13198 13245 13251 13268 13269 13297 13298 13345 \
	13346 13347 13348 13349 13350 13351 13368 13369 13397 13447 13448 \
	13449 13450 13451 13452 13453 13454 13455 13468 13469 13497 13547 \
	13551 13554 13555 13568 13569 13597 13647 13651 13652 13653 13654 \
	13655 13662 13663 13664 13668 13669 13679 13680 13681 13682 13683 \
	13684 13685 13686 13687 13688 13689 13690 13691 13692 13693 13694 \
	13695 13696 13697 13747 13751 13753 13755 13763 13765 13768 13769 \
	13779 13847 13848 13849 13850 13851 13852 13853 13854 13855 13860 \
	13861 13862 13863 13864 13865 13868 13869 13879 13948 13949 13950 \
	13951 13952 13953 13954 13955 13956 13957 13958 13959 13960 13961 \
	13962 13963 13964 13965 13966 13967 13968 13969 13979 14048 14049 \
	14050 14051 14052 14053 14054 14055 14056 14057 14058 14059 14060 \
	14061 14062 14063 14065 14078 14079 14150 14151 14152 14153 14154 \
	14155 14156 14157 14158 14159 14160 14161 14162 14163 14164 14165 \
	14166 14167 14168 14173 14174 14178 14253 14254 14255 14256 14257 \
	14258 14259 14260 14261 14262 14263 14264 14265 14268 14269 14270 \
	14271 14272 14273 14274 14275 14276 14277 14278 14351 14352 14353 \
	14354 14355 14356 14357 14358 14359 14360 14361 14362 14363 14364 \
	14371 14373 14374 14375 14453 14454 14455 14456 14457 14458 14459 \
	14460 14461 14462 14463 14464 14465 14466 14467 14468 14469 14470 \
	14471 14553 14554 14557 14558 14559 14560 14561 14562 14563 14564 \
	14565 14566 14567 14568 14569 14570 14571 14653 14654 14655 14656 \
	14657 14658 14660 14661 14662 14663 14668 14669 14670 14671 14753 \
	14754 14755 14756 14757 14758 14760 14761 14763 14768 14769 14770 \
	14771 14772 14851 14852 14853 14854 14855 14856 14857 14858 14860 \
	14861 14868 14869 14870 14871 14872 14951 14954 14956 14957 14958 \
	14959 14960 14961 14968 14969 14970 14972 14973 14974 15048 15049 \
	15050 15051 15054 15055 15056 15059 15060 15061 15062 15063 15064 \
	15065 15066 15067 15068 15069 15070 15071 15072 15073 15074 15147 \
	15148 15149 15154 15155 15159 15160 15161 15164 15165 15166 15167 \
	15168 15169 15170 15247 15248 15249 15250 15254 15255 15259 15260 \
	15261 15264 15269 15270 15350 15354 15359 15360 15361 15362 15363 \
	15364 15450 15454 15459 15460 15461 15462 15550 15551 15552 15553 \
	15554 15559 15560 15561 15562 15652 15654 15655 15656 15657 15658 \
	15659 15660 15661 15662 15752 15754 15761 15762 15763 15764 15765 \
	15766 15767 15768 15769 15852 15854 15861 15862 15863 15864 15865 \
	15866 15869 15952 15954 15961 15966 15969 16051 16052 16054 16055 \
	16056 16057 16058 16059 16060 16061 16062 16063 16064 16065 16066 \
	16067 16069 16151 16152 16153 16154 16161 16162 16163 16164 16165 \
	16166 16167 16168 16169 16262 16263 16264 16265 16269 16369 16370 \
	21240 22962 26245 34462 37606 37633 47900 48139 56806 57046 57081 \
	57143 57149 57154 57241 57266 57294 57345 57422 57496 57625 57652 \
	57658 57679 57686 57704 57826 57842 57870 57893 57934 58006 58014 \
	58073 58139 58200 58324 58325 58493 58520 58521 58575 58643 58670 \
	58707 58716 58736 59110 59121 59233 61096 61371 61457 62115 62229 \
	62411 62487 62492 62783 62895 63363 63454 64232 64662 64812 65374 \
	65397 65516 65607 65671 66378 66847 67471 67478 67955 68310 68333 \
	69239 69545 69593 69605 70833 70883 71068 71906 72038 72165 72380 \
	72423 72727 72824 73102 73261 73359 73473 73781 74106 74383 74437 \
	74976 75073 75516 75855 76315 76826 77100 77912 77931 78094 78217 \
	78835 78890 83186 137661 
 un 78775 74766 78495 62070 60687 65444 65828 75374 63597 
 uf 72217 73260 63573 141271 100438 
 am 1055 0 50535 50837 51323 53249 54295 54172 54935 \
	55263 55275 56297 56309 56455 56746 
 am 1071 1 
 am 1127 0 50535 50837 51323 53249 54295 54172 54935 \
	55263 55275 56297 56309 56455 56746 
 am 1152 1 
 am 1206 1 
 am 1267 1 
 am 1362 1 
 am 1400 1 
 am 1585 1 
 am 1685 0 50535 50837 51323 53249 54295 54172 54935 \
	55263 55275 56297 56309 56455 56746 
 am 1712 0 50333 50535 50797 50837 51323 51665 51853 \
	53249 53513 53627 54172 54295 54404 54597 54587 54935 54948 55115 \
	55263 55275 55705 56223 56297 56309 56363 56455 56746 
 am 1714 1 
 am 1742 1 
 am 1843 1 
 am 1856 0 50535 50837 51323 53249 54295 54172 54935 \
	55263 55275 56297 56309 56455 56746 
 am 2068 0 50535 50837 51323 53249 54295 54172 54935 \
	55263 55275 56297 56309 56455 56746 
 am 2069 1 
 am 2136 1 
 am 2391 0 50535 50837 51323 53249 54295 54172 54935 \
	55263 55275 56297 56309 56455 56746 
 am 2444 1 
 am 2468 0 50333 50535 50797 50837 51323 51665 51853 \
	53249 53513 53627 54172 54295 54404 54597 54587 54935 54948 55115 \
	55263 55275 55705 56223 56297 56309 56363 56455 56746 
 am 2509 0 50535 50837 51323 53249 54295 54172 54935 \
	55263 55275 56297 56309 56455 56746 
 am 3070 1 
 am 3084 0 50535 50837 51323 53249 54295 54172 54935 \
	55263 55275 56297 56309 56455 56746 
 am 3287 0 50333 50535 50797 50837 51323 51665 51853 \
	53249 53513 53627 54172 54295 54404 54597 54587 54935 54948 55115 \
	55263 55275 55705 56223 56297 56309 56363 56455 56746 
 am 3852 1 
 am 3869 0 50535 50837 51323 53249 54295 54172 54935 \
	55263 55275 56297 56309 56455 56746 
 am 4036 1 
 am 4303 1 
 am 4399 0 50535 50837 51323 53249 54295 54172 54935 \
	55263 55275 56297 56309 56455 56746 
 am 4681 0 50333 50535 50797 50837 51323 51665 51853 \
	53249 53513 53627 54172 54295 54404 54597 54587 54935 54948 55115 \
	55263 55275 55705 56223 56297 56309 56363 56455 56746 
 am 4768 1 
 am 4933 1 
 am 5353 1 
 am 5532 0 50535 50837 51323 53249 54295 54172 54935 \
	55263 55275 56297 56309 56455 56746 
 am 5739 0 50535 50837 51323 53249 54295 54172 54935 \
	55263 55275 56297 56309 56455 56746 
 am 5787 1 
 am 5895 0 50333 50535 50797 50837 51323 51665 51853 \
	53249 53513 53627 54172 54295 54404 54597 54587 54935 54948 55115 \
	55263 55275 55705 56223 56297 56309 56363 56455 56746 
 am 6134 0 50535 50837 51323 53249 54295 54172 54935 \
	55263 55275 56297 56309 56455 56746 
 am 6138 0 50535 50837 51323 53249 54295 54172 54935 \
	55263 55275 56297 56309 56455 56746 
 am 6160 0 50333 50535 50797 50837 51323 51665 51853 \
	53249 53513 53627 54172 54295 54404 54597 54587 54935 54948 55115 \
	55263 55275 55705 56223 56297 56309 56363 56455 56746 
 am 6247 0 50535 50837 51323 53249 54295 54172 54935 \
	55263 55275 56297 56309 56455 56746 
 am 6575 1 
 am 6821 1 
 am 6852 0 50535 50837 51323 53249 54295 54172 54935 \
	55263 55275 56297 56309 56455 56746 
 am 7301 1 
 am 7699 0 50535 50837 51323 53249 54295 54172 54935 \
	55263 55275 56297 56309 56455 56746 
 am 7769 0 50535 50837 51323 53249 54295 54172 54935 \
	55263 55275 56297 56309 56455 56746 
 am 7879 1 
 am 7911 1 
 am 8130 0 50535 50837 51323 53249 54295 54172 54935 \
	55263 55275 56297 56309 56455 56746 
 am 8831 0 50333 50535 50797 50837 51323 51665 51853 \
	53249 53513 53627 54172 54295 54404 54597 54587 54935 54948 55115 \
	55263 55275 55705 56223 56297 56309 56363 56455 56746 
 am 8951 1 
 am 9022 0 50535 50837 51323 53249 54295 54172 54935 \
	55263 55275 56297 56309 56455 56746 
 am 9310 0 50535 50837 51323 53249 54295 54172 54935 \
	55263 55275 56297 56309 56455 56746 
 am 9516 1 
 am 9549 0 50333 50535 50797 50837 51323 51665 51853 \
	53249 53513 53627 54172 54295 54404 54597 54587 54935 54948 55115 \
	55263 55275 55705 56223 56297 56309 56363 56455 56746 
 am 9714 1 
 am 9835 1 
 am 9896 1 
 am 56814 1 
 am 57165 0 50535 50837 51323 53249 54295 54172 54935 \
	55263 55275 56297 56309 56455 56746 
 am 57266 1 
 am 57294 1 
 am 57477 1 
 am 57496 1 
 am 57539 1 
 am 57686 0 50535 50837 51323 53249 54295 54172 54935 \
	55263 55275 56297 56309 56455 56746 
 am 57731 0 50535 50837 51323 53249 54295 54172 54935 \
	55263 55275 56297 56309 56455 56746 
 am 57798 0 50535 50837 51323 53249 54295 54172 54935 \
	55263 55275 56297 56309 56455 56746 
 am 57826 1 
 am 57870 1 
 am 57885 0 50535 50837 51323 53249 54295 54172 54935 \
	55263 55275 56297 56309 56455 56746 
 am 58006 0 50535 50837 51323 53249 54295 54172 54935 \
	55263 55275 56297 56309 56455 56746 
 am 58073 0 50535 50837 51323 53249 54295 54172 54935 \
	55263 55275 56297 56309 56455 56746 
 am 58270 1 
 am 58315 1 
 am 58323 0 50535 50837 51323 53249 54295 54172 54935 \
	55263 55275 56297 56309 56455 56746 
 am 58349 1 
 am 58493 0 50535 50837 51323 53249 54295 54172 54935 \
	55263 55275 56297 56309 56455 56746 
 am 58615 0 50535 50837 51323 53249 54295 54172 54935 \
	55263 55275 56297 56309 56455 56746 
 am 58643 1 
 am 58716 1 
 am 58736 0 50535 50837 51323 54172 54935 55263 55275 \
	56297 56309 56455 
 am 58755 1 
 am 59101 0 50535 50837 51323 53249 54295 54172 54935 \
	55263 55275 56297 56309 56455 56746 
 am 59516 0 50535 50837 51323 53249 54295 54172 54935 \
	55263 55275 56297 56309 56455 56746 
 am 59552 0 50535 50837 51323 53249 54295 54172 54935 \
	55263 55275 56297 56309 56455 56746 
 am 60621 1 
 am 60687 0 50333 50535 50797 50837 51323 51853 53249 \
	53513 53627 54172 54295 54404 54587 54597 54935 54948 55115 55263 \
	55275 55705 56223 56297 56309 56363 56455 56746 56033 
 am 61096 1 
 am 62070 0 50333 50535 50797 50837 51323 51853 53249 \
	53513 53627 54172 54295 54404 54587 54597 54935 54948 55115 55263 \
	55275 55705 56223 56297 56309 56363 56455 56746 56033 
 am 62229 0 59098 
 am 62345 0 50535 50837 51323 53249 54295 54172 54935 \
	55263 55275 56297 56309 56455 56746 
 am 62449 0 50535 50837 51323 53249 54295 54172 54935 \
	55263 55275 56297 56309 56455 56746 
 am 62492 1 
 am 62497 1 
 am 62796 0 50535 50837 51323 53249 54295 54172 54935 \
	55263 55275 56297 56309 56455 56746 
 am 63597 0 50333 50535 50797 50837 51323 51853 53249 \
	53513 53627 54172 54295 54404 54587 54597 54935 54948 55115 55263 \
	55275 55705 56223 56297 56309 56363 56455 56746 56033 
 am 63602 0 50535 50837 51323 53249 54295 54172 54935 \
	55263 55275 56297 56309 56455 56746 
 am 63667 1 
 am 64121 1 
 am 64596 0 50535 50837 51323 53249 54295 54172 54935 \
	55263 55275 56297 56309 56455 56746 
 am 64812 1 
 am 65369 1 
 am 65374 1 
 am 65403 1 
 am 65444 0 50333 50535 50797 50837 51323 51853 53249 \
	53513 53627 54172 54295 54404 54587 54597 54935 54948 55115 55263 \
	55275 55705 56223 56297 56309 56363 56455 56746 56033 
 am 66084 1 
 am 66105 1 
 am 66185 1 
 am 66262 0 50535 50837 51323 53249 54295 54172 54935 \
	55263 55275 56297 56309 56455 56746 
 am 66303 0 50535 50837 51323 53249 54295 54172 54935 \
	55263 55275 56297 56309 56455 56746 
 am 66688 1 
 am 66791 1 
 am 66799 1 
 am 67471 1 
 am 68095 1 
 am 68249 1 
 am 68708 0 50535 50837 51323 53249 54295 54172 54935 \
	55263 55275 56297 56309 56455 56746 
 am 69593 1 
 am 70102 0 50535 50837 51323 53249 54295 54172 54935 \
	55263 55275 56297 56309 56455 56746 
 am 70123 0 50535 50837 51323 53249 54295 54172 54935 \
	55263 55275 56297 56309 56455 56746 
 am 70255 0 50535 50837 51323 53249 54295 54172 54935 \
	55263 55275 56297 56309 56455 56746 
 am 70266 1 
 am 70370 1 
 am 70385 0 50535 50837 51323 53249 54295 54172 54935 \
	55263 55275 56297 56309 56455 56746 
 am 70782 0 50535 50837 51323 53249 54295 54172 54935 \
	55263 55275 56297 56309 56455 56746 
 am 70883 1 
 am 71068 1 
 am 71147 0 50535 50837 51323 53249 54295 54172 54935 \
	55263 55275 56297 56309 56455 56746 
 am 71882 0 50535 50837 51323 53249 54295 54172 54935 \
	55263 55275 56297 56309 56455 56746 
 am 71906 0 75319 
 am 72081 0 50535 50837 51323 53249 54295 54172 54935 \
	55263 55275 56297 56309 56455 56746 
 am 72124 0 50535 50837 51323 53249 54295 54172 54935 \
	55263 55275 56297 56309 56455 56746 
 am 72149 0 50333 50535 50797 50837 51323 51665 51853 \
	53249 53513 53627 54172 54295 54404 54597 54587 54935 54948 55115 \
	55263 55275 55705 56223 56297 56309 56363 56455 56746 
 am 72380 0 50535 50837 51323 53249 54295 54172 54935 \
	55263 55275 56297 56309 56455 56746 
 am 72727 1 
 am 72824 1 
 am 73102 1 
 am 73104 0 50333 50535 50797 50837 51323 51665 51853 \
	53249 53513 53627 54172 54295 54404 54597 54587 54935 54948 55115 \
	55263 55275 55705 56223 56297 56309 56363 56455 56746 
 am 73454 0 50535 50837 51323 53249 54295 54172 54935 \
	55263 55275 56297 56309 56455 56746 
 am 74383 0 50333 50535 50797 50837 51323 51665 51853 \
	53249 53513 53627 54172 54295 148147 54404 54597 54587 54935 54948 \
	55115 56033 55263 55275 55705 56223 56297 56309 56363 56455 56746 
 am 74441 1 
 am 74490 0 50333 50535 50797 50837 51323 51665 51853 \
	53249 53513 53627 54172 54295 54404 54597 54587 54935 54948 55115 \
	55263 55275 55705 56223 56297 56309 56363 56455 56746 
 am 74578 0 50535 50837 51323 53249 54295 54172 54935 \
	55263 55275 56297 56309 56455 56746 
 am 74766 0 50333 50535 50797 50837 51323 51853 53249 \
	53513 53627 54172 54295 54404 54587 54597 54935 54948 55115 55263 \
	55275 55705 56223 56297 56309 56363 56455 56746 56033 
 am 74786 0 50535 50837 51323 53249 54295 54172 54935 \
	55263 55275 56297 56309 56455 56746 
 am 75374 0 50333 50535 50797 50837 51323 51665 51853 \
	53249 53513 53627 54172 54295 148147 54404 54597 54587 54935 54948 \
	55115 56033 55263 55275 55705 56223 56297 56309 56363 56455 56746 
 am 75926 1 
 am 76425 0 50535 50837 51323 53249 54295 54172 54935 \
	55263 55275 56297 56309 56455 56746 
 am 77285 0 50535 50837 51323 53249 54295 54172 54935 \
	55263 55275 56297 56309 56455 56746 
 am 77698 0 50535 50837 51323 53249 54295 54172 54935 \
	55263 55275 56297 56309 56455 56746 
 am 77895 0 50535 50837 51323 53249 54295 54172 54935 \
	55263 55275 56297 56309 56455 56746 
 am 78217 1 
 am 78462 1 
 am 78495 0 50333 50535 50797 50837 51323 51853 53249 \
	53513 53627 54172 54295 54404 54587 54597 54935 54948 55115 55263 \
	55275 55705 56223 56297 56309 56363 56455 56746 56033 
 am 78554 0 50535 50837 51323 53249 54295 54172 54935 \
	55263 55275 56297 56309 56455 56746 
 am 78701 1 
 am 78775 0 50333 50535 50797 50837 51323 51853 53249 \
	53513 53627 54172 54295 54404 54587 54597 54935 54948 55115 55263 \
	55275 55705 56223 56297 56309 56363 56455 56746 56033 
 am 78832 0 50535 50837 51323 53249 54295 54172 54935 \
	55263 55275 56297 56309 56455 56746 
 am 78835 1 
 am 78890 1 
 am 78954 1 
 am 125522 0 50333 50535 50797 50837 51323 51665 51853 \
	53249 53513 53627 54172 54295 54404 54597 54587 54935 54948 55115 \
	55263 55275 55705 56223 56297 56309 56363 56455 56746 
CO
 li accept 0 0
 ar 0 0 0 0 0 0 0 0
 st 1

78775 char 0
na Gallagar
il	19 5 \
	54 5 \
	77 20 \
	73212 1 \
	73525 1 \
	86843 1 \
	89203 1 \
	120910 1 \
	136089 1
tl	2 94 9891 4 0 0 0 0 \
	2 95 9982 7 0 0 0 0
LI
 wh 72423
 hl 74766 
CH
 lo 55275
 he 100
 lk 2
 lr 1
 sl	610 2 21 34 0 \
	700 2 21 0 0 \
	702 2 14 25 0 \
	614 2 14 15 0 \
	680 2 21 8 0 \
	682 2 14 12 0 \
	703 2 14 0 0 \
	616 2 14 18 0 \
	611 2 28 0 0 \
	612 2 28 1 0 \
	630 2 28 0 0 \
	615 2 21 12 0 \
	730 2 21 0 0 \
	617 2 14 21 0 \
	633 2 14 0 0 \
	731 2 14 0 0 \
	600 2 21 0 0 \
	690 2 28 0 0 \
	634 2 14 0 0 \
	706 2 14 0 0 \
	704 2 14 0 0 \
	695 2 21 0 0 \
	641 2 28 1 0 \
	691 2 21 0 0 \
	732 2 14 0 0 \
	639 2 21 0 0 \
	693 2 21 0 0 \
	733 2 14 0 0 \
	631 2 14 2 0 \
	635 2 28 0 0 \
	705 2 14 0 0 \
	692 2 21 0 0 \
	601 2 14 6 0 \
	670 2 28 0 0 \
	701 2 14 0 0 \
	671 2 14 0 0 \
	672 2 21 0 0 \
	750 2 35 0 0 \
	751 2 28 0 0 \
	755 2 28 0 0 \
	756 2 28 0 0 \
	753 2 21 0 0 \
	752 2 28 0 0 \
	632 2 14 0 0 \
	754 2 28 0 0 \
	694 2 21 0 0 \
	636 2 14 0 0 \
	637 2 21 0 0 \
	676 2 14 0 0 \
	696 2 14 0 0 \
	675 2 21 0 0 \
	697 2 28 0 0 \
	707 2 14 0 0 \
	602 2 14 1 0 \
	673 2 14 0 0 \
	603 2 14 0 0
 bh 1
 at 123
 df 129
 mi 83
CM
 hs 1
 vp 1
 pl 4972
CO
 li sail n
 ar 0 0 0 0 0 0 0 0
 cs 1
 wa -1
 st 1
 ue 3
 pr 4

74766 char 0
na Lochlan
il	11 32 \
	54 2 \
	65 3 \
	73043 1 \
	74228 1 \
	74940 1 \
	120328 1
LI
 wh 78775
CH
 lo 55275
 he 100
 lk 2
 lr 1
 sl	610 2 21 29 0 \
	720 2 21 0 0 \
	700 2 21 0 0 \
	702 2 14 9 0 \
	704 2 14 5 0 \
	690 2 28 0 0 \
	705 2 14 5 0 \
	693 2 21 4 0 \
	721 2 14 36 0 \
	722 2 14 22 0 \
	611 2 28 0 0 \
	723 2 14 24 0 \
	612 2 28 1 0 \
	617 2 14 51 0 \
	616 2 14 5 0 \
	615 2 21 14 0 \
	630 2 28 0 0 \
	639 2 21 0 0 \
	641 2 28 1 0 \
	691 2 21 0 0 \
	614 2 14 8 0 \
	703 2 14 39 0 \
	692 2 21 0 0 \
	613 2 14 0 0 \
	635 2 28 0 0 \
	701 2 14 0 0 \
	680 2 21 2 0 \
	682 2 14 2 0 \
	631 2 14 0 0 \
	634 2 14 0 0 \
	632 2 14 0 0 \
	633 2 14 0 0 \
	730 2 21 0 0 \
	732 2 14 0 0 \
	733 2 14 0 0 \
	731 2 14 0 0
 at 104
 df 119
 mi 107
CM
 hs 1
CO
 li use 614
 ar 0 0 0 0 0 0 0 614
 cs 2
 wa 3
 st 1
 us 614
 ue 2
 de 4
 pr 3

78495 char 0
na Callum
il	1 2083 \
	13 6 \
	21 29 \
	54 17 \
	74 61 \
	77 50 \
	79 58 \
	85 16 \
	94 1 \
	64981 1
tl	2 94 986 4 0 1 0 0 \
	2 95 937 7 0 0 0 0
LI
 wh 70883
CH
 lo 55275
 he 100
 lk 3
 lr 28
 sl	630 2 28 0 0 \
	631 2 14 3 0 \
	610 2 21 33 0 \
	616 2 14 1 0 \
	617 2 14 17 0 \
	612 2 28 1 0 \
	615 2 21 11 0 \
	670 2 28 0 0 \
	700 2 21 0 0 \
	730 2 21 0 0 \
	680 2 21 0 0 \
	733 2 14 2 0 \
	732 2 14 4 0 \
	690 2 28 0 0 \
	702 2 14 11 0 \
	695 2 21 0 0 \
	731 2 14 0 0 \
	614 2 14 0 0 \
	671 2 14 0 0 \
	682 2 14 2 0 \
	704 2 14 0 0 \
	703 2 14 2 0 \
	639 2 21 0 0 \
	641 2 28 1 0 \
	672 2 21 0 0 \
	611 2 28 0 0 \
	691 2 21 0 0 \
	632 2 14 0 0 \
	673 2 14 0 0 \
	720 2 21 0 0 \
	650 2 28 0 0 \
	653 2 28 0 0 \
	721 2 14 0 0 \
	654 2 28 49 0 \
	652 2 28 0 0 \
	722 2 14 0 0 \
	651 2 21 0 0 \
	655 2 14 0 0 \
	674 2 21 0 0 \
	696 2 14 0 0 \
	692 2 21 0 0 \
	676 2 14 0 0 \
	693 1 7 0 0 \
	657 0 0 0 0
 bh 9
 at 80
 df 80
 mi 135
CM
 hs 1
 pl 59098
CO
 li research 650
 ar 650 0 0 0 0 0 0 0
 cs 1
 wa 7
 ue 2
 pr 3

62070 char 0
na Eric
il	1 4449 \
	16 32 \
	54 3 \
	289 2 \
	59110 1
tl	2 94 15 4 0 0 0 0 \
	2 95 928 7 0 0 0 0
LI
 wh 14157
 hl 129820 
CH
 lo 55275
 he 100
 lk 3
 lr 28
 sl	600 2 21 0 0 \
	602 2 14 0 0 \
	610 2 21 58 0 \
	601 2 14 0 0 \
	603 2 14 0 0 \
	680 2 21 7 0 \
	682 2 14 11 0 \
	617 2 14 13 0 \
	616 2 14 14 0 \
	612 2 28 1 0 \
	615 2 21 8 0 \
	614 2 14 8 0 \
	630 2 28 0 0 \
	690 2 28 0 0 \
	730 2 21 0 0 \
	700 2 21 0 0 \
	670 2 28 0 0 \
	720 2 21 0 0 \
	636 2 14 0 0 \
	637 2 21 0 0 \
	639 2 21 0 0 \
	641 2 28 1 0 \
	671 2 14 0 0 \
	703 2 14 3 0 \
	632 2 14 0 0 \
	672 2 21 0 0 \
	673 2 14 0 0 \
	695 2 21 0 0 \
	702 2 14 5 0 \
	732 2 14 0 0 \
	733 2 14 0 0 \
	721 2 14 10 0 \
	722 2 14 9 0 \
	731 2 14 0 0 \
	704 2 14 0 0 \
	696 2 14 0 0 \
	691 2 21 0 0 \
	676 2 14 0 0
 bh 3
 at 138
 df 116
 mi 85
CM
 hs 1
CO
 li explore
 ar 0 0 0 0 0 0 0 0
 cs 2
 wa 4
 st 1
 ue 2
 de 3
 pr 3

60687 char 0
na Malcom
il	1 5725 \
	10 8 \
	11 52 \
	79 24 \
	111005 1
tl	2 95 955 7 0 0 0 0
an 9711 
LI
 wh 14157
CH
 lo 55275
 he 100
 lk 3
 lr 32
 sl	630 2 28 0 0 \
	610 2 21 34 0 \
	616 2 14 33 0 \
	730 2 21 0 0 \
	700 2 21 0 0 \
	690 2 28 0 0 \
	637 2 21 0 0 \
	695 2 21 0 0 \
	696 2 14 0 0 \
	702 2 14 11 0 \
	617 2 14 13 0 \
	614 2 14 18 0 \
	612 2 28 1 0 \
	615 2 21 2 0 \
	641 2 28 1 0 \
	691 2 21 0 0 \
	692 2 21 0 0 \
	731 2 14 0 0 \
	639 2 21 0 0 \
	703 2 14 0 0 \
	635 2 28 0 0 \
	701 2 14 0 0 \
	631 2 14 0 0 \
	632 2 14 0 0 \
	680 2 21 2 0 \
	611 2 28 0 0 \
	720 2 21 0 0 \
	721 2 14 16 0 \
	705 2 14 1 0 \
	670 2 28 0 0 \
	722 2 14 19 0 \
	671 2 14 0 0 \
	723 2 14 13 0 \
	704 2 14 0 0 \
	732 2 14 0 0 \
	733 2 14 0 0 \
	682 2 14 0 0 \
	693 2 21 0 0 \
	672 2 21 0 0 \
	673 2 14 0 0 \
	674 2 21 0 0 \
	633 2 14 0 0 \
	681 2 14 0 0
 bh 3
 at 177
 df 140
 mi 55
CM
 hs 1
 pl 4972
CO
 li train 11 0
 ar 11 0 0 2 0 0 0 0
 cs 2
 wa -1
 st 1
 ue 3
 de 2
 po 1
 pr 3

65444 char 0
na Zarthusa
il	1 2000 \
	54 7 \
	63058 1 \
	64947 1 \
	68159 1 \
	70609 1 \
	72535 1 \
	75135 1 \
	85817 1 \
	113569 1 \
	120169 1
LI
 wh 8831
CH
 lo 55275
 he 100
 lk 2
 lr 2
 sl	800 2 28 0 0 \
	802 2 14 44 0 \
	610 2 21 0 0 \
	880 2 42 0 0 \
	820 2 35 0 0 \
	823 2 21 5 0 \
	690 2 28 0 0 \
	813 2 21 42 0 \
	832 2 21 11 0 \
	630 2 28 0 0 \
	833 2 21 0 0 \
	829 2 21 0 0 \
	831 2 28 0 0 \
	840 2 35 0 0 \
	841 2 21 12 0 \
	822 2 21 0 0 \
	808 2 21 4 0 \
	806 2 21 9 0 \
	821 2 21 0 0 \
	814 2 21 0 0 \
	892 2 21 1 0 \
	807 2 21 9 0 \
	809 2 21 1 0 \
	881 2 14 1 0 \
	801 2 14 0 0 \
	824 2 21 0 0 \
	803 2 14 0 0 \
	641 2 28 1 0 \
	695 2 21 0 0 \
	811 2 21 0 0 \
	812 2 21 0 0 \
	825 2 21 0 0 \
	826 2 21 0 0 \
	827 2 21 6 0 \
	828 2 21 3 0 \
	842 2 14 1 0 \
	847 2 21 1 0 \
	849 2 21 4 0 \
	851 2 21 3 0 \
	884 2 28 0 0 \
	885 2 14 0 0 \
	886 2 14 1 0 \
	888 2 21 1 0 \
	889 2 21 3 0 \
	891 2 21 0 0 \
	893 2 21 0 0 \
	894 2 21 0 0 \
	887 2 21 1 0 \
	900 2 42 0 0 \
	843 2 21 0 0 \
	844 2 21 0 0 \
	845 2 21 2 0 \
	846 2 21 5 0 \
	848 2 21 0 0 \
	852 2 21 0 0 \
	909 2 21 4 0 \
	911 2 21 1 0 \
	904 2 21 0 0 \
	905 2 21 0 0 \
	906 2 21 0 0 \
	907 2 21 0 0 \
	908 2 28 0 0 \
	611 2 28 0 0 \
	901 2 28 0 0 \
	805 2 14 0 0 \
	804 2 21 0 0 \
	882 2 14 0 0 \
	902 2 21 0 0 \
	903 2 21 8 0 \
	883 2 14 0 0 \
	860 2 35 0 0 \
	861 2 14 0 0 \
	863 2 14 0 0 \
	864 2 14 0 0 \
	865 2 14 0 0 \
	866 2 14 0 0 \
	867 2 21 0 0 \
	868 2 21 0 0 \
	869 2 14 0 0 \
	871 2 21 0 0 \
	872 2 21 0 0 \
	862 2 14 0 0 \
	691 2 21 0 0 \
	920 2 0 0 0 \
	614 2 14 10 0 \
	921 2 28 0 0 \
	922 2 28 9 0 \
	650 2 28 0 0 \
	653 2 28 0 0 \
	652 2 28 0 0 \
	657 2 21 0 0 \
	654 2 28 0 0 \
	616 2 14 6 0 \
	617 2 14 1 0 \
	615 2 21 2 0 \
	639 2 21 0 0 \
	612 2 28 0 0 \
	655 2 14 0 0
 bp 50
 at 103
 df 143
 mi 66
CM
 im 1
 ma 4
 ca 149
 hs 1
 kw 1
 pl 2621
 ar 64947
CO
 li use 813
 ar 813 0 0 0 0 0 0 0
 wa -1
 st 1
 ue 5
 po 1
 pr 3

65828 char 0
na Brondwyn
il	1 1014 \
	54 4
tl	2 95 9912 7 0 0 0 0
LI
 wh 57826
CH
 lo 55275
 he 100
 lk 2
 lr 1
 sl	800 2 28 0 0 \
	630 2 28 0 0 \
	690 1 0 0 0 \
	802 2 14 9 0 \
	840 2 35 0 0 \
	700 2 21 0 0 \
	670 1 0 0 0 \
	680 2 21 0 0 \
	610 2 21 2 0 \
	641 2 28 1 0 \
	611 2 28 0 0 \
	801 2 14 0 0 \
	841 2 21 0 0 \
	600 2 21 0 0 \
	616 2 14 3 0 \
	860 1 14 0 0 \
	820 1 14 0 0
 bh 4
 bp 50
 at 106
 df 80
CM
 im 1
 ma 5
 ca 5
 hs 1
CO
 li make 95 18
 ar 95 18 18 8 0 0 0 0
 cs 2
 wa -1
 st 1
 ue 1
 de 8
 po 1
 pr 3

75374 char 0
na Gustav
il	1 9973 \
	12 20 \
	16 243 \
	18 73 \
	21 403 \
	22 317 \
	54 15 \
	72 2 \
	85 16 \
	282 28 \
	102347 1 \
	109870 1 \
	116890 1
tl	2 95 955 7 0 0 0 0
LI
 wh 74383
 hl 63597 
CH
 lo 55275
 he 100
 lk 2
 lr 2
 sl	610 2 21 0 0 \
	616 2 14 0 0 \
	650 2 28 0 0 \
	654 2 28 140 0 \
	611 2 28 0 0 \
	655 2 14 34 0 \
	656 2 14 0 0 \
	652 2 28 0 0 \
	653 2 28 0 0 \
	612 2 28 1 0 \
	614 2 14 0 0 \
	657 2 21 97 0 \
	661 2 21 1 0 \
	651 2 21 0 0 \
	630 2 28 0 0 \
	639 2 21 0 0 \
	641 2 28 1 0 \
	658 2 21 0 0 \
	900 2 42 0 0 \
	911 2 21 0 0 \
	904 2 21 0 0 \
	903 2 21 0 0 \
	902 2 21 0 0 \
	905 2 21 0 0 \
	906 2 21 0 0 \
	907 2 21 0 0 \
	909 2 21 1 0 \
	901 2 28 0 0 \
	615 2 21 0 0 \
	617 2 14 0 0 \
	670 2 28 0 0
 ra 30
 at 80
 df 80
 mi 50
 ct 148147 50333 50535 50797 50837 51323 51665 51853 53249 \
	53513 53627 54172 54295 54404 54587 54597 54935 54948 55115 55263 \
	55275 55705 56223 56297 56309 56363 56455 56746 148147 50333 50535 \
	50797 50837 51323 51665 51853 53249 53513 53627 54172 54295 54404 \
	54587 54597 54935 54948 55115 55263 55275 55705 56223 56297 56309 \
	56363 56455 56746 148147 50333 50535 50797 50837 51323 51665 51853 \
	53249 53513 53627 54172 54295 54404 54587 54597 54935 54948 55115 \
	55263 55275 55705 56223 56297 56309 56363 56455 56746 148147 50333 \
	50535 50797 50837 51323 51665 51853 53249 53513 53627 54172 54295 \
	54404 54587 54597 54935 54948 55115 55263 55275 55705 56223 56297 \
	56309 56363 56455 56746 148147 
CM
 im 1
 ma 10
 ca 10
 hs 1
 pl 148147
CO
 li breed 282 282
 ar 282 282 0 0 0 0 0 0
 wa 7
 st 1
 ue 5
 pr 3

63597 char 0
na Antilles
il	1 122 \
	54 38 \
	77 15 \
	82 10 \
	282 3
LI
 wh 75374
CH
 lo 55275
 he 100
 lk 2
 lr 1
 sl	610 2 21 16 0 \
	680 2 21 0 0 \
	612 2 28 1 0 \
	616 2 14 9 0 \
	614 2 14 7 0 \
	682 2 14 3 0 \
	617 2 14 18 0 \
	700 2 21 0 0 \
	615 2 21 3 0 \
	611 2 28 0 0 \
	702 2 14 0 0 \
	613 2 14 0 0 \
	703 2 14 0 0 \
	704 2 14 0 0 \
	701 2 14 0 0 \
	681 2 14 0 0 \
	705 2 14 0 0 \
	630 2 28 0 0 \
	730 2 21 0 0 \
	732 2 14 2 0 \
	733 2 14 1 0 \
	650 2 28 0 0 \
	654 2 28 120 0 \
	652 2 28 0 0 \
	653 2 28 0 0 \
	655 2 14 121 0 \
	706 2 14 0 0 \
	656 2 14 0 0 \
	639 2 21 0 0 \
	641 2 28 1 0 \
	657 2 21 16 0 \
	658 2 21 0 0 \
	661 2 21 0 0 \
	631 2 14 0 0 \
	900 2 42 0 0 \
	901 2 28 0 0 \
	902 2 21 0 0 \
	904 2 21 0 0 \
	905 2 21 0 0 \
	906 2 21 0 0 \
	907 2 21 0 0 \
	908 2 28 0 0 \
	909 2 21 0 0 \
	911 2 21 0 0 \
	903 2 21 0 0 \
	731 2 14 0 0 \
	651 2 21 0 0 \
	632 2 14 0 0
 bh 4
 at 113
 df 110
 mi 55
 ct 50333 50535 50797 50837 51323 51665 51853 53249 53513 \
	53627 54172 54295 54404 54587 54597 54935 54948 55115 55263 55275 \
	55705 56223 56297 56309 56363 56455 56746 148147 50333 50535 50797 \
	50837 51323 51665 51853 53249 53513 53627 54172 54295 54404 54587 \
	54597 54935 54948 55115 55263 55275 55705 56223 56297 56309 56363 \
	56455 56746 148147 
CM
 im 1
 ma 11
 ca 11
 hs 1
 pl 148147
CO
 li give v374 282 0
 ar 75374 282 0 0 0 0 0 0
 st 1
 ue 3
 pr 1

