55374 player pl_regular
na Dunadan
il	1 1024
ad 52606 55374 55526 56136 
CH
PL
 fn Bob De Groote
 em mike.degroote@tvd.be
 pw azertyui
 np 10
 ft 68
 so 1
 lt 260
 kn 600 601 602 603 610 611 612 613 614 615 \
	616 617 630 637 639 641 650 653 654 670 671 \
	680 682 700 701 702 703 720 721 722 723 750 \
	751 752 753 754 755 756 800 801 802 803 804 \
	805 806 807 808 809 811 812 813 814 820 821 \
	822 823 824 825 826 827 828 829 831 832 833 \
	840 841 842 843 844 845 846 847 848 849 851 \
	852 880 881 882 883 884 885 886 887 888 889 \
	891 892 893 894 900 901 902 903 904 905 906 \
	907 908 909 911 1685 2068 3050 3225 6461 7473 8516 \
	9549 13870 13871 13872 13873 13970 13973 14070 14073 14170 14171 \
	14172 14173 14266 14267 14268 14269 14270 14271 14272 14273 14274 \
	14275 14366 14367 14368 14369 14370 14375 14463 14464 14465 14466 \
	14467 14468 14470 14475 14563 14566 14568 14570 14575 14576 14577 \
	14663 14666 14668 14670 14677 14678 14763 14766 14768 14770 14778 \
	14862 14863 14866 14868 14870 14878 14962 14963 14966 14968 14970 \
	14978 15062 15063 15066 15068 15069 15070 15076 15077 15078 15079 \
	15162 15163 15166 15167 15168 15169 15170 15171 15172 15173 15174 \
	15175 15176 15177 15178 15179 15263 15264 15265 15266 15267 15268 \
	15269 15270 15271 15272 15273 15274 15275 15276 15277 15278 15279 \
	15365 15366 15367 15368 15369 15370 15371 15372 15373 15374 15375 \
	15376 15377 15378 15379 15380 15381 15465 15466 15467 15468 15469 \
	15470 15471 15472 15473 15474 15475 15476 15477 15478 15479 15480 \
	15481 15482 15483 15484 15485 15565 15566 15568 15569 15570 15571 \
	15572 15573 15575 15585 15586 15587 15588 15666 15667 15668 15669 \
	15670 15672 15673 15675 15688 15689 15766 15767 15768 15769 15770 \
	15772 15773 15775 15789 15866 15867 15868 15869 15870 15871 15872 \
	15873 15875 15889 15966 15967 15968 15969 15970 15971 15972 15973 \
	15975 15989 16066 16068 16069 16070 16071 16072 16073 16075 16089 \
	16090 16091 16166 16168 16169 16170 16171 16172 16173 16174 16175 \
	16176 16177 16178 16179 16180 16181 16182 16183 16187 16188 16189 \
	16190 16191 16266 16268 16269 16270 16271 16272 16273 16274 16275 \
	16276 16277 16278 16279 16280 16281 16282 16283 16284 16287 16366 \
	16368 16369 16370 16371 16372 16373 16374 16375 16378 16379 16380 \
	16381 16382 16383 16384 16387 16466 16468 16469 16470 16471 16472 \
	16473 16474 16475 16476 16477 16478 16479 16480 16481 16482 16487 \
	16566 16567 16568 16569 16570 16571 16572 16573 16574 16575 16576 \
	16577 16578 16579 16581 16582 16583 16584 16585 16586 16587 16656 \
	16657 16658 16659 16660 16661 16662 16663 16664 16665 16666 16667 \
	16668 16669 16670 16671 16672 16673 16674 16675 16676 16677 16678 \
	16679 16680 16681 16682 16686 16687 16756 16757 16758 16759 16760 \
	16761 16762 16763 16764 16765 16766 16767 16768 16769 16770 16771 \
	16772 16773 16774 16775 16777 16778 16779 16780 16781 16782 16783 \
	16784 16785 16786 16787 16857 16862 16866 16869 16870 16871 16872 \
	16873 16874 16875 16876 16877 16878 16879 16886 16957 16958 16959 \
	16960 16961 16962 16963 16965 16966 16967 16968 16969 16970 16971 \
	16972 16973 16974 16975 16976 16977 16978 16986 16987 17063 17064 \
	17065 17069 17072 17073 17074 17163 17164 17165 17166 17167 17168 \
	17169 17170 17171 17172 17173 17174 17175 17263 17266 17269 17273 \
	17274 17363 17364 17365 17366 17373 17461 17462 17463 17473 17561 \
	17563 17573 21351 21817 22062 24444 26238 26484 26495 26634 27707 \
	27772 29945 30004 30698 30913 31660 33614 35613 35692 39160 41932 \
	42834 43020 44775 48419 48512 48866 56949 57060 57143 57371 57401 \
	57544 57568 57675 57686 57731 57754 57826 57842 58073 58112 58259 \
	58270 58338 58600 58603 58615 58728 59309 59394 59651 61072 62349 \
	62474 62508 62796 62958 63191 63252 63310 63615 64190 64442 64860 \
	65264 65398 65646 65726 65834 65881 66127 66620 66812 67055 67176 \
	67644 68330 68465 68548 68558 68691 70095 70177 70229 70450 71839 \
	71864 72196 72410 73454 73914 75428 75446 76279 76943 77383 77433 \
	77570 77649 77684 77943 78050 78345 149217 
 un 69742 74495 76780 65848 96497 78097 77242 
 uf 107738 130406 130972 118694 85260 
 am 1212 0 52606 55374 55526 56136 
 am 1486 0 52606 55374 55526 56136 
 am 64352 0 52606 55374 55526 56136 
 am 65848 0 52606 55374 55526 56136 
 am 69742 0 52606 55374 55526 56136 
 am 74495 0 52606 55374 55526 56136 
 am 76780 0 52606 55374 55526 56136 
 am 77242 0 52606 55374 55526 56136 
 am 149217 0 52606 55374 55526 56136 
CO
 li accept 0 0
 ar 0 0 0 0 0 0 0 0
 st 1

69742 char 0
na Anborn
il	1 701
LI
 wh 9570
CH
 lo 55374
 he 100
 lk 2
 lr 1
 sl	610 2 21 23 0 \
	630 2 28 0 0 \
	680 2 21 4 0 \
	682 2 14 42 0 \
	641 2 28 1 0 \
	639 2 21 0 0 \
	720 2 21 0 0 \
	721 2 14 11 0 \
	722 2 14 14 0 \
	723 2 14 10 0 \
	617 2 14 4 0 \
	612 2 28 0 0 \
	615 2 21 17 0 \
	611 2 28 0 0 \
	800 2 28 0 0 \
	802 2 14 8 0 \
	801 2 14 0 0 \
	803 2 14 0 0 \
	804 2 21 0 0 \
	805 2 14 0 0 \
	880 2 42 0 0 \
	881 2 14 0 0 \
	882 2 14 0 0 \
	883 2 14 0 0 \
	884 2 28 0 0 \
	885 2 14 0 0 \
	886 1 7 0 0
 bp 50
 ra 70
 at 80
 df 80
 mi 182
 ct 55374 55374 55374 55374 55374 55526 52606 56136 55374 \
	55526 52606 56136 55374 
CM
 im 1
 ma 12
 ca 12
 hs 1
 vp 5
 pl 104545
CO
 li use 615
 ar 0 0 0 0 0 0 0 615
 cs 2
 wa 2
 st 1
 us 615
 ue 3
 de 4
 pr 3

74495 char 0
na Damrod
il	1 401 \
	72 15 \
	75 11 \
	94 14 \
	60899 1 \
	61297 1 \
	62156 1 \
	62225 1 \
	62323 1 \
	62675 1 \
	63904 1 \
	64881 1 \
	65970 1 \
	67662 1 \
	67797 1 \
	71697 1 \
	73349 1 \
	73562 1 \
	73873 1 \
	76881 1 \
	77160 1 \
	77630 1 \
	77688 1 \
	85163 1 \
	86563 1 \
	93023 1 \
	100500 1 \
	111233 1 \
	122946 1 \
	131486 1 \
	145886 1
LI
 wh 9570
CH
 lo 55374
 he 100
 lk 3
 lr 318
 sl	610 2 21 21 0 \
	630 2 28 0 0 \
	750 2 35 12 0 \
	751 2 28 25 0 \
	680 2 21 0 0 \
	753 2 21 27 0 \
	754 2 28 1 0 \
	752 2 28 2 0 \
	755 2 28 0 0 \
	756 2 28 41 0 \
	641 2 28 1 0 \
	617 2 14 3 0 \
	611 2 28 0 0
 bh 5
 bp 50
 at 80
 df 80
 ct 55374 55374 55374 55374 55374 56136 56136 56136 55374 \
	52606 55374 56136 55374 56136 52606 55374 56136 52606 55374 52606 \
	55526 56136 52606 56136 55374 55374 56136 55526 52606 55374 56136 \
	55526 52606 56136 55374 55526 52606 56136 55374 
CM
 hs 1
 pr 1
 vp 5
 vi 1245 6588 15861 17970 18069 58200 58270 60224 63063 63313 \
	63626 65398 66310 67318 78899 
CO
 li use 756 z097
 ar 78097 0 0 0 0 0 0 756
 cs 2
 wa 1
 st 1
 us 756
 ue 5
 de 7
 pr 3

76780 char 0
na Faramir
il	1 8621
LI
 wh 9570
CH
 lo 55374
 he 100
 lk 3
 lr 809
 sl	610 2 21 18 0 \
	630 2 28 0 0 \
	680 2 21 5 0 \
	641 2 28 1 0 \
	639 2 21 0 0 \
	700 2 21 0 0 \
	702 2 14 9 0 \
	617 2 14 10 0 \
	612 2 28 1 0 \
	611 2 28 0 0 \
	880 2 42 0 0 \
	881 2 14 0 0 \
	882 2 14 0 0 \
	883 2 14 0 0 \
	800 2 28 0 0 \
	884 2 28 0 0 \
	885 2 14 0 0 \
	886 2 14 0 0 \
	887 2 21 0 0 \
	888 2 21 0 0
 at 80
 df 80
 ct 55374 55374 55374 55374 55374 55374 55374 55374 55374 \
	55374 55526 52606 55374 56136 55526 52606 56136 55374 55526 52606 \
	56136 55374 
CM
 im 1
 ma 10
 ca 10
 hs 1
 vp 5
CO
 li study 888
 ar 888 0 0 0 0 0 0 0
 st 1
 ue 1
 de 7
 po 1
 pr 3

65848 char 0
na Adrazar
il	1 3520
tl	2 94 5 4 0 0 0 0
LI
 wh 9570
CH
 lo 55374
 he 100
 lk 3
 lr 809
 sl	610 2 21 11 0 \
	700 2 21 0 0 \
	702 2 14 62 0 \
	680 2 21 1 0 \
	630 2 28 0 0 \
	641 2 28 1 0 \
	639 2 21 0 0 \
	703 2 14 47 0 \
	611 2 28 0 0 \
	617 2 14 36 0 \
	800 2 28 0 0 \
	802 2 14 6 0 \
	820 2 35 0 0 \
	821 2 21 0 0 \
	822 2 21 0 0 \
	823 2 21 0 0 \
	801 2 14 0 0 \
	803 2 14 0 0 \
	804 2 21 0 0 \
	805 2 14 0 0 \
	806 2 21 0 0 \
	807 1 14 0 0
 bp 50
 at 80
 df 80
 ct 55374 55374 55526 52606 55374 56136 55526 52606 56136 \
	55374 55526 52606 56136 55374 
CM
 im 1
 ma 11
 ca 11
 hs 1
 kw 1
 vp 5
CO
 li study 807
 ar 807 0 0 0 0 0 0 0
 st 1
 ue 2
 de 7
 po 1
 pr 3

96497 char 0
na Orophin
il	1 567
LI
 wh 9570
CH
 lo 55374
 he 100
 lk 2
 lr 1
 sl	610 2 21 0 0 \
	611 2 28 0 0 \
	800 2 28 0 0 \
	801 2 14 0 0 \
	820 2 35 0 0 \
	821 2 21 0 0 \
	822 2 21 0 0 \
	802 2 14 0 0
 bp 50
 at 80
 df 80
 ct 55374 55374 55526 52606 55374 56136 55526 52606 56136 \
	55374 55526 52606 56136 55374 
CM
 im 1
 ma 6
 ca 6
 kw 1
 vp 5
CO
 li study 802
 ar 802 0 0 0 0 0 0 0
 st 1
 de 7
 po 1
 pr 3

78097 char 0
na Theoden
il	1 109 \
	54 1
LI
 wh 9570
CH
 lo 55374
 he 100
 lk 2
 lr 1
 sl	610 2 21 0 0 \
	611 2 28 0 0 \
	800 2 28 0 0 \
	801 2 14 0 0 \
	802 2 14 1 0 \
	840 2 35 0 0 \
	841 2 21 0 0 \
	803 2 14 0 0
 bp 50
 at 80
 df 80
 ct 55526 52606 55374 56136 55526 52606 56136 55374 55526 \
	52606 56136 55374 
CM
 im 1
 ma 6
 ca 6
 vp 4
CO
 li study 803
 ar 803 0 0 0 0 0 0 0
 st 1
 ue 1
 de 7
 po 1
 pr 3

77242 char 0
na Ioreth
LI
 wh 27772
CH
 lo 55374
 he 100
 lk 2
 lr 2
 sl	610 2 21 18 0 \
	630 2 28 0 0 \
	615 2 21 0 0 \
	680 2 21 0 0 \
	639 2 21 0 0 \
	641 2 28 4 0 \
	612 2 28 2 0 \
	637 2 21 0 0 \
	900 2 42 0 0 \
	903 2 21 1 0 \
	905 2 21 0 0 \
	902 2 21 0 0 \
	909 2 21 1 0 \
	907 2 21 0 0 \
	906 2 21 0 0 \
	904 2 21 0 0 \
	911 2 21 0 0 \
	908 2 28 1 0 \
	820 2 35 0 0 \
	828 2 21 1 0 \
	829 2 21 0 0 \
	831 2 28 0 0 \
	827 2 21 2 0 \
	832 2 21 1 0 \
	833 2 21 0 0 \
	826 2 21 1 0 \
	825 2 21 0 0 \
	821 2 21 0 0 \
	822 2 21 0 0 \
	824 2 21 3 0 \
	800 2 28 0 0 \
	802 2 0 2 0 \
	801 2 0 0 0 \
	803 2 0 0 0 \
	804 2 0 1 0 \
	805 2 0 0 0 \
	806 2 0 2 0 \
	807 2 0 1 0 \
	808 2 0 0 0 \
	809 2 0 0 0 \
	812 2 0 0 0 \
	814 2 0 0 0 \
	813 2 0 2 0 \
	901 2 28 0 0 \
	650 2 28 0 0 \
	654 2 28 2 0
 bh 9
 at 80
 df 80
 mi 50
CM
 im 1
 ma 36
 ca 36
 hs 1
 kw 1
CO
 li explore
 ar 0 0 0 0 0 0 0 0
 cs 2
 wa 3
 st 1
 ue 1
 de 4
 pr 3

