55526 player pl_regular
na Zida'ya
il	1 2430 \
	78 100
ad 52606 55374 55526 56136 
CH
PL
 fn Tony Gatete
 em Zida_ya@hotmail.com
 pw azertyui
 np 2
 ft 74
 so 1
 lt 260
 kn 69 600 601 602 603 610 611 612 613 614 \
	615 616 617 630 631 632 633 634 635 636 637 \
	639 641 650 651 652 653 654 655 656 670 671 \
	672 673 674 675 676 680 681 682 690 691 692 \
	693 694 695 696 697 700 701 702 703 704 705 \
	706 707 720 721 722 723 730 731 732 733 750 \
	751 752 753 754 755 756 800 801 802 803 804 \
	805 806 807 808 809 811 812 813 814 820 821 \
	822 823 824 825 826 827 828 829 831 832 833 \
	840 841 842 843 844 845 846 847 848 849 851 \
	852 860 861 862 863 864 865 866 867 868 869 \
	871 872 880 881 882 883 884 885 886 887 888 \
	889 891 892 893 894 900 901 902 903 904 905 \
	906 907 908 909 911 920 921 922 1212 1486 3831 \
	4397 9389 14855 14856 14955 14956 15055 15146 15155 15246 15247 \
	15248 15249 15250 15251 15252 15253 15254 15255 15346 15347 15348 \
	15349 15350 15351 15352 15353 15355 15446 15447 15452 15455 15546 \
	15547 15548 15549 15550 15551 15552 15555 15646 15648 15653 15654 \
	15655 15746 15748 15753 15842 15843 15844 15845 15846 15848 15853 \
	15942 15944 15946 15947 15948 15949 15950 15951 15952 15953 16039 \
	16040 16041 16042 16044 16045 16046 16047 16048 16049 16050 16139 \
	16142 16144 16145 16146 16147 16148 16149 16150 16239 16242 16243 \
	16244 16245 16246 16247 16248 16249 16250 16251 16339 16342 16344 \
	16346 16347 16348 16349 16350 16351 16439 16440 16441 16442 16443 \
	16444 16445 16446 16447 16448 16449 16450 16451 16452 16455 16542 \
	16543 16544 16545 16546 16547 16548 16549 16550 16551 16552 16553 \
	16554 16555 16642 16643 16644 16645 16646 16647 16648 16649 16650 \
	16651 16652 16653 16654 16655 16744 16745 16746 16747 16748 16749 \
	16750 16751 16752 16754 16755 16844 16845 16846 16847 16848 16849 \
	16850 16851 16852 16854 16855 16944 16945 16946 16947 16948 16949 \
	16950 16951 16952 16953 16954 16955 16956 16957 16958 16959 16961 \
	16962 17045 17046 17047 17048 17049 17050 17051 17052 17053 17054 \
	17055 17056 17057 17058 17059 17060 17061 17062 17063 17064 17148 \
	17149 17150 17151 17152 17153 17154 17155 17156 17157 17158 17159 \
	17160 17161 17162 20101 20189 20201 20289 20622 20630 20720 20764 \
	20840 21203 21267 21349 21471 21511 21548 21654 22006 22161 22368 \
	23376 23479 23789 23790 24184 24197 24231 24432 24449 24624 25354 \
	25454 25459 25464 25543 25623 25730 25949 26122 26251 26332 26428 \
	26435 26605 26626 26636 26684 26776 26816 27044 27323 27325 27575 \
	27700 27775 27808 27875 28007 28045 28110 28277 28329 28399 28600 \
	28623 28731 29022 29092 29321 29810 29912 29923 29959 30131 30402 \
	30651 30959 30964 31339 31433 31499 31791 31998 32529 32680 32935 \
	32940 33591 33672 33931 33932 33986 33995 34030 34232 34265 34387 \
	34458 34597 34712 34786 34847 34859 35134 35236 35466 35471 35495 \
	35972 36669 36748 36922 36938 36988 37357 37800 37972 38177 38222 \
	38757 39141 39386 39825 39906 40324 40393 40475 40909 40936 40980 \
	41077 41121 41183 41194 41432 41582 42248 42436 42465 42496 43185 \
	43817 44239 44361 44493 44689 44859 44883 45228 45725 46325 46403 \
	46473 46502 46553 46572 47159 47625 47638 47687 47732 47773 47894 \
	48082 48093 48390 48461 48695 48747 48785 49643 56949 57190 57265 \
	57346 57355 57501 57541 57737 57855 57933 58216 58335 58338 58348 \
	58351 58409 58424 58468 58502 59121 59126 59342 59461 59543 59882 \
	60076 60250 60384 60584 60700 60751 61167 61200 61438 62249 62414 \
	62509 62779 63803 63843 64058 64174 64243 64352 64798 64925 65041 \
	65553 65835 66669 66748 66887 67292 67667 67675 67933 68413 68495 \
	69043 69212 69543 69788 70226 70252 71024 71159 71447 72152 72499 \
	72639 72700 73204 73599 73964 74109 74193 74324 74744 74762 75090 \
	75578 75653 76242 76615 77653 78491 78796 85528 108989 116758 128568 \
	129082 131349 
 un 63764 61575 72559 130236 71078 61373 67103 70991 65418 \
	70803 69671 74304 76024 75407 67531 
 uf 78357 102559 139728 130085 104872 
 am 1212 0 52606 55374 55526 56136 
 am 1486 0 52606 55374 55526 56136 
 am 61373 0 52606 55374 55526 56136 
 am 61575 0 52606 55374 55526 56136 
 am 63764 0 52606 55374 55526 56136 
 am 64352 0 52606 55374 55526 56136 
 am 65418 0 52606 55374 55526 56136 
 am 67103 0 52606 55374 55526 56136 
 am 67531 0 52606 55374 55526 56136 
 am 69671 0 52606 55374 55526 56136 
 am 70803 0 52606 55374 55526 56136 
 am 70991 0 52606 55374 55526 56136 
 am 71078 0 52606 55374 55526 56136 
 am 72559 0 52606 55374 55526 56136 
 am 74304 0 52606 55374 55526 56136 
 am 74324 0 77427 129749 80094 55526 52606 56136 55374 
 am 75407 0 52606 55374 55526 56136 
 am 76024 0 52606 55374 55526 56136 
 am 130236 0 52606 55374 55526 56136 
 am 149217 0 52606 55374 55526 56136 
CO
 li accept 0 0
 ar 0 0 0 0 0 0 0 0
 st 1

63764 char 0
na Venyha S'ahn
il	1 1836 \
	54 2 \
	94 9 \
	59373 1 \
	59471 1 \
	60220 1 \
	60293 1 \
	60758 1 \
	61247 1 \
	61431 1 \
	62193 1 \
	62379 1 \
	62668 1 \
	62774 1 \
	62932 1 \
	63234 1 \
	63507 1 \
	63810 1 \
	64210 1 \
	64455 1 \
	64591 1 \
	65336 1 \
	66160 1 \
	66906 1 \
	67473 1 \
	68157 1 \
	68204 1 \
	69650 1 \
	70283 1 \
	70761 1 \
	70882 1 \
	71259 1 \
	72141 1 \
	72293 1 \
	72600 1 \
	73463 1 \
	75289 1 \
	76418 1 \
	77537 1 \
	78206 1 \
	78457 1 \
	78578 1 \
	78602 1 \
	78714 1 \
	78913 1 \
	79094 1 \
	81679 1 \
	84321 1 \
	85174 1 \
	86384 1 \
	89855 1 \
	95774 1 \
	98028 1
LI
 wh 62779
CH
 lo 55526
 he 100
 lk 2
 lr 1
 sl	610 2 21 12 0 \
	750 2 35 0 0 \
	753 2 21 3 0 \
	751 2 28 2 0 \
	755 2 28 0 0 \
	756 2 28 28 0 \
	754 2 28 0 0 \
	752 2 28 1 0 \
	630 2 28 0 0 \
	641 2 28 1 0 \
	611 2 28 0 0
 bp 50
 ra 40
 at 80
 df 80
CM
 hs 1
 vp 25
 pl 61373
 vi 7696 128836 
CO
 li seek
 ar 0 0 0 0 0 0 0 0
 cs 2
 wa 5
 st 1
 ue 4
 de 2
 po 1
 pr 3

61575 char 0
na Aditu no-Sa'onserei
il	1 988 \
	52 1 \
	271 618 \
	278 1 \
	281 2 \
	282 62 \
	285 4 \
	288 5 \
	291 1
LI
 wh 15746
 hl 72559 72584 64315 61923 
CH
 lo 55526
 he 100
 lk 2
 lr 1
 sl	610 2 21 9 0 \
	650 2 28 0 0 \
	655 2 14 10 0 \
	656 2 14 9 0 \
	654 2 28 109 0 \
	653 2 28 0 0 \
	652 2 28 0 0 \
	651 2 21 1 0 \
	700 2 21 0 0 \
	702 2 14 0 0 \
	616 2 14 8 0 \
	701 2 14 0 0 \
	612 2 28 0 0 \
	614 2 14 6 0 \
	611 2 28 0 0
 mo 7798
 bp 50
 ra 70
 at 136
 df 137
CM
 vp 5
CO
 li move s
 ar 0 3 15846 0 0 18 15746 0
 cs 2
 wa 15
 st 1
 ue 2
 de 3
 pr 2

72559 char 0
na Jaoe-Tinukai'i
il	1 5527 \
	282 573
LI
 wh 61575
CH
 lo 55526
 he 100
 lk 3
 lr 822
 sl	610 2 21 0 0 \
	650 2 28 0 0 \
	655 2 14 32 0 \
	656 2 14 25 0 \
	654 2 28 109 0 \
	651 2 21 0 0 \
	630 2 28 0 0 \
	652 2 28 0 0 \
	653 2 28 0 0 \
	631 1 12 0 0 \
	612 2 28 1 0
 mo 7798
 at 80
 df 80
CM
 vp 5
CO
 li breed 282 282
 ar 282 282 0 0 0 0 0 0
 cs 2
 wa 2
 st 1
 ue 4
 de 60
 pr 3

130236 char ni
na Orc
il	1 978 \
	52 1 \
	94 50
LI
 wh 5511
CH
 ni 287
 lo 55526
 he -1
 lk 4
 bh 9
 at 60
 df 60
CM
 ot 116758
MI
 ca r
CO
 li seek
 ar 0 0 0 0 0 0 0 0
 cs 2
 wa 5
 st 1
 de 2
 po 1
 pr 3

71078 char 0
na Venyha Do'sae
il	1 200 \
	31 275 \
	54 1
LI
 wh 72499
 hl 148377 
CH
 lo 55526
 he 100
 lk 3
 lr 29
 sl	610 2 21 28 0 \
	617 2 14 7 0 \
	615 2 21 60 0 \
	630 2 28 0 0 \
	670 2 28 0 0 \
	676 2 14 0 0 \
	675 2 21 0 0 \
	671 2 14 0 0 \
	672 2 21 0 0 \
	673 2 14 2 0 \
	674 2 21 0 0 \
	612 2 28 1 0 \
	631 2 14 3 0 \
	634 2 14 0 0 \
	633 2 14 0 0 \
	641 2 28 1 0 \
	680 2 21 0 0 \
	682 2 14 11 0 \
	632 2 14 0 0 \
	611 2 28 0 0 \
	900 2 42 0 0 \
	904 2 21 0 0 \
	905 2 21 1 0 \
	906 2 21 14 0 \
	907 2 21 0 0 \
	908 2 28 0 0 \
	909 2 21 0 0 \
	911 2 21 0 0 \
	903 2 21 0 0 \
	902 2 21 0 0 \
	614 2 14 24 0 \
	616 2 14 9 0
 bh 5
 at 109
 df 161
 mi 465
 ct 55526 55526 55526 
CM
 im 1
 ma 10
 ca 9
 hs 1
 vp 5
CO
 li use 615
 ar 0 0 0 0 0 0 0 615
 cs 2
 wa 2
 st 1
 us 615
 ue 5
 de 4
 pr 3

61373 char 0
na Jiriki i-Sa'onserei
il	1 36301 \
	31 1898 \
	54 3 \
	69 3 \
	72 5 \
	73 76 \
	74 76 \
	78 58 \
	82 19 \
	94 115 \
	98 3 \
	60863 1 \
	70382 1 \
	78577 1 \
	92190 1 \
	138242 1 \
	145385 1 \
	149120 1
LI
 wh 61200
 hl 139496 
CH
 lo 55526
 he 100
 lk 2
 lr 1
 sl	700 2 21 0 0 \
	610 2 21 6 0 \
	702 2 14 45 0 \
	704 2 14 29 0 \
	703 2 14 30 0 \
	617 2 14 34 0 \
	611 2 28 0 0 \
	630 2 28 0 0 \
	612 2 28 0 0 \
	641 2 28 1 0 \
	900 2 42 0 0 \
	903 2 21 0 0 \
	902 2 21 0 0 \
	904 2 21 0 0 \
	905 2 21 1 0 \
	906 2 21 14 0 \
	907 2 21 0 0 \
	908 2 28 0 0 \
	909 2 21 0 0 \
	615 2 21 21 0 \
	616 2 14 60 0 \
	614 2 14 61 0 \
	911 2 21 0 0
 bh 9
 bp 50
 ra 70
 at 231
 df 233
 mi 130
 ct 55526 55526 52606 55526 55526 
CM
 im 1
 ma 10
 ca 11
 hs 1
 vp 5
 pl 63313
CO
 li use 615
 ar 0 0 0 0 0 0 0 615
 cs 2
 wa 4
 st 1
 us 615
 ue 4
 de 2
 pr 3

67103 char 0
na Amerasu no'e-Sa'onserei
il	1 20470 \
	12 257 \
	15 18 \
	21 1 \
	22 63 \
	54 2 \
	69 2 \
	70 1 \
	72 97 \
	73 80 \
	74 79 \
	75 4 \
	77 21 \
	78 50 \
	82 5 \
	84 19 \
	85 150 \
	94 1 \
	62539 1 \
	64508 1 \
	67563 1 \
	68870 1 \
	69011 1 \
	71770 1 \
	73186 1 \
	73535 1 \
	77004 1 \
	85528 1 \
	87380 1 \
	118735 1 \
	131349 1 \
	132662 1 \
	133466 1 \
	141918 1
LI
 wh 74324
CH
 lo 55526
 he 100
 lk 2
 lr 1
 sl	610 2 21 10 0 \
	800 2 28 0 0 \
	802 2 14 39 0 \
	801 2 14 0 0 \
	803 2 14 1 0 \
	804 2 21 1 0 \
	805 2 14 0 0 \
	612 2 28 1 0 \
	630 2 28 0 0 \
	900 2 42 0 0 \
	614 2 14 5 0 \
	903 2 21 0 0 \
	911 2 21 2 0 \
	902 2 21 11 0 \
	904 2 21 0 0 \
	907 2 21 0 0 \
	909 2 21 1 0 \
	906 2 21 0 0 \
	908 2 28 1 0 \
	905 2 21 0 0 \
	880 2 42 0 0 \
	894 2 21 0 0 \
	891 2 21 0 0 \
	892 2 21 8 0 \
	893 2 21 0 0 \
	889 2 21 0 0 \
	886 2 14 0 0 \
	888 2 21 0 0 \
	884 2 28 0 0 \
	887 2 21 0 0 \
	885 2 14 0 0 \
	641 2 28 1 0 \
	617 2 14 2 0 \
	881 2 14 1 0 \
	882 2 14 0 0 \
	883 2 14 0 0 \
	806 2 21 22 0 \
	807 2 21 1 0 \
	808 2 21 1 0 \
	809 2 21 0 0 \
	811 2 21 0 0 \
	812 2 21 0 0 \
	813 2 21 9 0 \
	814 2 21 0 0 \
	860 2 0 0 0 \
	615 2 0 0 0 \
	861 2 0 1 0 \
	862 2 0 2 0 \
	869 2 0 0 0 \
	863 2 0 0 0 \
	871 2 0 5 0 \
	866 2 0 0 0 \
	868 2 0 0 0 \
	865 2 0 0 0 \
	864 2 0 0 0 \
	867 2 0 0 0 \
	872 2 0 0 0 \
	616 2 0 0 0 \
	613 2 0 0 0 \
	901 2 28 0 0 \
	920 2 0 0 0 \
	922 2 28 17 0 \
	921 2 28 4 0 \
	639 2 21 0 0 \
	611 1 4 0 0
 bh 9
 ra 70
 at 80
 df 118
 mi 50
 ct 148989 77427 129749 80094 
CM
 im 1
 ma 3
 ca 240
 hs 1
 vp 5
 pl 61373
 ar 141918
CO
 li study 611
 ar 611 0 0 0 0 0 0 0
 cs 2
 wa 3
 st 1
 ue 4
 de 4
 po 1
 pr 3

70991 char 0
na M'yin Azoshai
il	1 11399 \
	11 15 \
	74 8 \
	76 1 \
	77 15 \
	82 27 \
	94 10
LI
 wh 64174
CH
 lo 55526
 he 100
 lk 3
 lr 69
 sl	610 2 21 3 0 \
	630 2 28 0 0 \
	641 2 28 0 0 \
	617 2 14 48 0 \
	700 2 21 0 0 \
	702 2 14 11 0 \
	703 2 14 13 0 \
	704 2 14 11 0 \
	615 2 21 0 0 \
	720 2 21 0 0 \
	721 2 14 33 0 \
	722 2 14 42 0 \
	616 2 14 0 0 \
	614 2 14 0 0 \
	723 2 14 13 0 \
	611 2 28 0 0
 bp 50
 at 80
 df 80
 mi 50
CO
 li make 74
 ar 74 0 0 8 0 0 0 0
 st 1
 ue 5
 de 8
 po 1
 pr 3

65418 char 0
na Khendraja'aro
il	1 723 \
	52 3 \
	64 2 \
	65 125 \
	69 1 \
	72 65 \
	75 185 \
	76 3 \
	84 168 \
	85 85 \
	94 1 \
	261 9 \
	61020 1 \
	62653 1 \
	62845 1 \
	63027 1 \
	67292 1 \
	74224 1 \
	77653 1 \
	78436 1 \
	100752 1 \
	102092 1 \
	102556 1 \
	104716 1 \
	106141 1 \
	107651 1 \
	110350 1 \
	110870 1 \
	114384 1 \
	115608 1 \
	116758 1 \
	119515 1 \
	122472 1 \
	127356 1 \
	131480 1 \
	132120 1 \
	134322 1
LI
 wh 69212
CH
 lo 55526
 he 100
 lk 3
 lr 823
 sl	610 2 21 0 0 \
	730 2 21 0 0 \
	732 2 14 5 0 \
	733 2 14 3 0 \
	630 2 28 0 0 \
	680 2 21 1 0 \
	682 2 14 2 0 \
	611 2 28 0 0 \
	636 2 14 0 0 \
	639 2 21 0 0 \
	641 2 28 1 0 \
	690 2 28 42 0 \
	637 2 21 0 0 \
	697 2 28 0 0 \
	695 2 21 11 0 \
	696 2 14 0 0 \
	693 2 21 53 0 \
	694 2 21 0 0 \
	691 2 21 1 0 \
	631 2 14 0 0 \
	692 2 21 0 0 \
	632 2 14 0 0 \
	635 2 28 0 0 \
	617 2 14 29 0 \
	681 2 14 0 0 \
	700 2 21 0 0 \
	704 2 14 98 0 \
	703 2 14 5 0 \
	706 2 14 0 0 \
	705 2 14 0 0 \
	633 2 14 0 0 \
	634 2 14 0 0 \
	613 2 14 0 0 \
	612 2 28 0 0 \
	701 2 14 0 0 \
	702 2 14 8 0 \
	707 2 14 0 0 \
	731 2 14 0 0
 bp 50
 at 80
 df 80
CM
 hs 1
CO
 li collect 64
 ar 64 0 0 2 0 0 0 0
 cs 2
 wa -1
 st 1
 ue 2
 de 6
 po 1
 pr 3

70803 char 0
na Rhao iye-Sama'an
il	1 26658 \
	11 5 \
	54 1 \
	72 30 \
	75 326 \
	77 41 \
	85 200 \
	94 56 \
	95 131 \
	287 1 \
	291 3 \
	61179 1 \
	85823 1 \
	88464 1 \
	142273 1 \
	145822 1
LI
 wh 16950
CH
 lo 55526
 he 100
 lk 2
 lr 1
 sl	610 2 21 48 0 \
	617 2 14 60 0 \
	612 2 28 1 0 \
	630 2 28 0 0 \
	600 2 21 0 0 \
	602 2 14 2 0 \
	601 2 14 44 0 \
	615 2 21 5 0 \
	611 2 28 0 0 \
	631 2 14 1 0 \
	700 2 21 0 0 \
	702 2 14 25 0 \
	703 2 14 6 0
 bh 4
 at 80
 df 80
 mi 54
 ct 55526 67103 55526 55526 
CO
 li make 75
 ar 75 0 0 24 0 0 0 0
 cs 2
 wa -1
 st 1
 ue 1
 de 24
 po 1
 pr 3

69671 char 0
na Ihina-T'senei
il	54 1 \
	84 15 \
	60745 1 \
	62926 1 \
	64819 1 \
	66169 1 \
	67177 1 \
	67818 1 \
	67942 1 \
	70604 1 \
	72087 1 \
	73170 1 \
	75267 1 \
	77837 1 \
	77909 1 \
	83567 1 \
	87006 1 \
	89929 1 \
	90402 1 \
	92319 1 \
	100157 1 \
	103630 1 \
	107026 1 \
	107028 1 \
	114266 1 \
	115588 1 \
	126970 1 \
	128836 1 \
	132762 1 \
	132807 1 \
	140292 1 \
	147309 1
LI
 wh 16951
CH
 lo 55526
 he 100
 lk 3
 lr 828
 sl	800 2 28 0 0 \
	814 2 21 0 0 \
	802 2 14 35 0 \
	801 2 14 0 0 \
	610 2 21 6 0 \
	803 2 14 0 0 \
	813 2 21 11 0 \
	809 2 21 0 0 \
	806 2 21 22 0 \
	811 2 21 0 0 \
	808 2 21 7 0 \
	805 2 14 0 0 \
	840 2 35 0 0 \
	841 2 21 18 0 \
	849 2 21 21 0 \
	851 2 21 17 0 \
	846 2 21 3 0 \
	804 2 21 0 0 \
	843 2 21 0 0 \
	847 2 21 3 0 \
	842 2 14 0 0 \
	630 2 28 0 0 \
	852 2 21 0 0 \
	845 2 21 0 0 \
	844 2 21 10 0 \
	848 2 21 0 0 \
	807 2 21 6 0 \
	812 2 21 0 0 \
	641 2 28 1 0 \
	631 2 14 0 0 \
	614 2 14 4 0 \
	820 2 35 0 0 \
	821 2 21 0 0 \
	822 2 21 0 0 \
	823 2 21 0 0 \
	824 2 21 0 0 \
	829 2 21 0 0 \
	825 2 21 0 0 \
	832 2 21 0 0 \
	826 2 21 0 0 \
	828 2 21 0 0 \
	833 2 21 0 0 \
	827 2 21 0 0 \
	831 2 28 0 0 \
	880 2 42 0 0 \
	884 2 28 0 0 \
	891 2 21 0 0 \
	894 2 21 0 0 \
	893 2 21 0 0 \
	887 2 21 0 0 \
	885 2 14 0 0 \
	888 2 21 0 0 \
	892 2 21 0 0 \
	886 2 14 0 0 \
	889 2 21 0 0 \
	883 2 14 0 0 \
	881 2 14 1 0 \
	882 2 14 0 0 \
	920 2 0 0 0 \
	921 2 28 3 0 \
	922 2 28 2 0 \
	611 1 14 0 0
 bp 50
 at 80
 df 67
 dt 233 3 6963
CM
 im 1
 ma 3
 ca 214
 hs 1
 kw 1
 vp 5
 ar 128836
CO
 li explore
 ar 0 0 0 0 0 0 0 0
 cs 2
 wa 3
 st 1
 ue 4
 de 4
 pr 3

74304 char 0
na An'nai
il	1 165600 \
	19 8 \
	62521 1
tl	1 61964 25 30 0 0 0 0 \
	2 94 2 4 0 0 0 0
LI
 wh 58338
CH
 lo 55526
 he 100
 lk 2
 lr 1
 sl	600 2 21 0 0 \
	601 2 14 165 0 \
	610 2 21 3 0 \
	730 2 21 0 0 \
	732 2 14 9 0 \
	733 2 14 5 0 \
	603 2 14 6 0 \
	611 2 28 0 0 \
	731 2 14 0 0 \
	612 2 28 0 0 \
	614 2 14 0 0 \
	615 2 21 0 0
 bh 9
 bp 50
 at 80
 df 80
 mi 50
CO
 li make 94
 ar 94 0 0 13 0 0 0 0
 st 1
 ue 2
 de 13
 po 1
 pr 3

76024 char 0
na Gan'itai
il	1 166180 \
	19 8 \
	94 8 \
	62104 1 \
	110654 1 \
	125282 1
tl	1 64515 40 10 0 0 0 0 \
	1 61964 25 30 0 0 0 0
LI
 wh 56949
CH
 lo 55526
 he 100
 lk 3
 lr 820
 sl	600 2 21 0 0 \
	602 2 14 2 0 \
	601 2 14 165 0 \
	610 2 21 0 0 \
	603 2 14 14 0 \
	616 2 14 0 0 \
	617 2 14 3 0 \
	611 2 28 0 0 \
	730 2 21 0 0 \
	732 2 14 11 0 \
	733 2 14 5 0 \
	731 2 14 0 0 \
	612 2 28 0 0 \
	614 2 14 1 0 \
	615 2 21 2 0
 bp 50
 at 80
 df 83
 mi 59
CO
 li use 614
 ar 0 0 0 0 0 0 0 614
 cs 2
 wa 1
 st 1
 us 614
 ue 1
 de 6
 pr 3

75407 char 0
na M'yon Rashi
il	1 900 \
	94 8
LI
 wh 36988
CH
 lo 55526
 he 100
 lk 2
 lr 1
 sl	610 2 21 13 0 \
	630 2 28 0 0 \
	641 2 28 1 0 \
	611 2 28 0 0 \
	730 2 21 0 0 \
	612 2 28 1 0 \
	617 2 14 1 0 \
	615 2 21 1 0
 at 80
 df 80
 mi 50
CM
 hs 1
CO
 li explore
 ar 0 0 0 0 0 0 0 0
 cs 2
 wa 1
 st 1
 ue 1
 de 6
 pr 3

67531 char 0
na Ce'Nedra
il	1 200 \
	117902 1
LI
 wh 30959
CH
 lo 55526
 he 100
 lk 2
 lr 1
 sl	610 2 21 20 0 \
	630 2 28 0 0 \
	641 2 28 1 0 \
	612 2 28 1 0 \
	635 2 28 0 0 \
	611 2 28 0 0 \
	615 2 21 0 0 \
	616 2 14 0 0 \
	614 2 14 0 0
 at 80
 df 80
 mi 50
CM
 hs 1
CO
 li explore
 ar 0 0 0 0 0 0 0 0
 cs 2
 wa 6
 st 1
 ue 1
 de 1
 pr 3

