55565 player pl_regular
na High Energy Theurgists
il	1 3153
ad 52578 53013 54339 54527 55565 55827 
CH
PL
 fn Bill Lee
 em billl@fnal.gov, lindahl@pbm.com, map@oldbro.com
 ve billl@fnal.gov
 pw billl
 np 5
 ft 2
 so 1
 lt 260
 kn 69 600 601 602 603 610 611 612 613 614 \
	615 616 617 630 631 635 639 641 650 653 654 \
	670 671 672 680 681 682 700 702 703 704 720 \
	721 722 723 730 732 733 800 801 802 803 804 \
	805 806 807 808 809 811 812 813 814 820 821 \
	822 823 824 825 826 827 828 829 831 832 833 \
	840 841 842 843 844 845 846 847 848 849 851 \
	852 860 861 862 863 864 865 866 867 868 869 \
	871 872 880 881 882 883 884 885 886 887 888 \
	889 891 892 893 894 900 901 902 903 904 905 \
	906 907 908 909 911 920 921 922 2295 4063 4268 \
	4284 4680 6000 6081 7170 8542 8956 12293 12393 16166 16167 \
	16168 16169 16170 16171 16172 16266 16267 16268 16269 16270 16272 \
	16367 16368 16369 16370 16371 16372 16467 16470 16562 16563 16564 \
	16565 16566 16567 16570 16662 16664 16665 16666 16670 16762 16770 \
	16777 16778 16862 16863 16864 16865 16866 16867 16868 16869 16870 \
	16877 16962 16963 16964 16965 16966 16967 16968 16969 16970 16977 \
	17062 17063 17064 17065 17066 17067 17068 17069 17070 17072 17073 \
	17074 17075 17076 17077 17099 17166 17167 17168 17169 17170 17171 \
	17172 17199 17264 17265 17266 17267 17268 17269 17270 17299 17364 \
	17365 17366 17367 17368 17369 17370 17393 17394 17399 17433 17434 \
	17435 17464 17465 17466 17467 17468 17469 17470 17471 17472 17473 \
	17474 17477 17478 17479 17493 17494 17499 17533 17534 17535 17563 \
	17564 17565 17566 17567 17568 17569 17570 17571 17572 17573 17574 \
	17575 17576 17577 17578 17579 17580 17581 17582 17583 17584 17585 \
	17586 17587 17588 17589 17590 17591 17592 17593 17594 17595 17596 \
	17597 17598 17599 17634 17635 17660 17661 17662 17663 17664 17665 \
	17666 17667 17668 17669 17670 17671 17672 17673 17674 17675 17676 \
	17677 17678 17679 17680 17681 17682 17683 17693 17694 17699 17734 \
	17735 17736 17737 17745 17746 17747 17748 17749 17750 17751 17752 \
	17753 17754 17755 17756 17757 17758 17759 17760 17761 17762 17763 \
	17764 17765 17766 17767 17768 17769 17770 17771 17772 17773 17774 \
	17775 17776 17777 17778 17779 17780 17781 17782 17783 17784 17785 \
	17793 17799 17834 17837 17844 17845 17846 17847 17848 17849 17850 \
	17857 17858 17859 17860 17861 17862 17863 17864 17865 17866 17867 \
	17868 17869 17870 17871 17872 17873 17874 17875 17876 17877 17878 \
	17879 17882 17885 17886 17893 17899 17932 17933 17934 17937 17938 \
	17941 17942 17943 17944 17950 17951 17952 17953 17954 17955 17956 \
	17957 17958 17959 17960 17961 17962 17963 17964 17965 17966 17967 \
	17968 17969 17970 17971 17972 17973 17974 17975 17976 17977 17978 \
	17979 17980 17982 17986 17992 17993 17998 17999 18032 18033 18034 \
	18035 18036 18037 18038 18039 18040 18041 18042 18043 18044 18050 \
	18051 18052 18053 18054 18055 18056 18057 18058 18059 18060 18061 \
	18062 18063 18064 18065 18066 18067 18068 18069 18070 18071 18072 \
	18073 18074 18075 18076 18077 18078 18079 18080 18081 18082 18083 \
	18086 18087 18088 18089 18090 18091 18092 18141 18149 18150 18151 \
	18152 18154 18160 18167 18168 18169 18170 18171 18172 18173 18174 \
	18175 18176 18177 18178 18179 18180 18182 18183 18185 18186 18241 \
	18249 18251 18252 18254 18258 18259 18260 18261 18262 18263 18264 \
	18265 18266 18267 18268 18269 18270 18271 18272 18273 18274 18275 \
	18276 18277 18278 18279 18280 18281 18282 18283 18284 18285 18286 \
	18287 18341 18349 18350 18351 18352 18354 18357 18358 18359 18360 \
	18361 18362 18363 18364 18365 18369 18370 18371 18372 18373 18374 \
	18375 18376 18377 18378 18379 18380 18381 18382 18383 18384 18385 \
	18386 18387 18441 18451 18452 18453 18454 18457 18458 18459 18460 \
	18461 18462 18463 18464 18468 18469 18470 18471 18472 18473 18474 \
	18475 18476 18477 18478 18479 18480 18481 18482 18483 18484 18485 \
	18486 18487 18488 18489 18541 18551 18552 18560 18562 18563 18564 \
	18565 18566 18567 18568 18569 18570 18571 18572 18573 18574 18575 \
	18576 18577 18578 18579 18580 18581 18582 18583 18584 18585 18586 \
	18587 18588 18589 18641 18651 18652 18660 18662 18663 18664 18665 \
	18666 18667 18668 18669 18670 18671 18672 18673 18674 18675 18676 \
	18678 18679 18681 18682 18683 18684 18685 18686 18687 18689 18741 \
	18742 18743 18744 18751 18752 18760 18762 18768 18769 18770 18771 \
	18772 18773 18778 18781 18782 18783 18784 18786 18787 18788 18789 \
	18844 18851 18852 18860 18861 18862 18867 18868 18869 18870 18871 \
	18872 18873 18874 18875 18876 18877 18878 18944 18951 18952 18960 \
	18961 18962 18967 18968 18969 18970 18971 18972 18973 18978 19044 \
	19051 19052 19060 19061 19067 19071 19072 19073 19078 19144 19150 \
	19151 19152 19153 19154 19160 19161 19162 19163 19164 19167 19171 \
	19173 19244 19250 19251 19252 19253 19254 19255 19256 19257 19258 \
	19259 19260 19261 19264 19265 19266 19267 19268 19269 19270 19271 \
	19272 19273 19340 19341 19342 19343 19344 19345 19346 19347 19348 \
	19349 19350 19351 19352 19353 19354 19355 19361 19362 19363 19364 \
	19370 19440 19443 19444 19451 19452 19453 19454 19455 19461 19462 \
	19463 19464 19465 19466 19467 19468 19469 19470 19540 19544 19551 \
	19552 19553 19554 19555 19640 19644 19651 19740 19741 19742 19743 \
	19744 20776 20967 21351 21948 22062 22091 22381 23153 23215 23445 \
	24082 24230 24969 25124 26160 26238 26354 26484 26897 27075 27666 \
	27868 28080 29035 29987 30041 30732 31055 31093 31660 31687 32020 \
	32381 32398 32942 33261 33412 33648 34125 34503 34638 35131 35314 \
	36049 36211 38179 38636 38731 39105 39160 40094 40160 40781 40895 \
	40896 41843 41932 42177 42183 42244 42269 42630 42758 43011 43019 \
	43020 43407 45056 45636 46503 47194 47303 48323 48419 48512 48720 \
	56761 56765 56768 56777 56827 56949 56956 57011 57012 57030 57061 \
	57133 57143 57153 57192 57195 57224 57293 57365 57430 57503 57652 \
	57711 57729 57747 57759 57787 57842 57849 57851 57877 57924 57934 \
	57942 57958 57978 58070 58106 58113 58119 58208 58251 58338 58343 \
	58352 58370 58372 58380 58527 58562 58571 58572 58587 58601 58635 \
	58640 58666 58683 58713 58743 59119 59176 59229 59517 60314 60480 \
	60672 60921 60980 61066 61201 61386 61616 61954 61976 61990 62030 \
	62080 62201 62337 62442 62535 62690 63887 64218 64438 64576 64610 \
	64807 65205 65376 65758 65785 65822 65909 66186 66469 66785 66845 \
	66925 66937 66989 67026 67289 67400 67673 67771 67872 67893 69090 \
	69570 69636 69661 69680 70264 70312 70517 70666 70712 70775 70786 \
	70847 70971 71365 71898 71974 72504 72722 72896 73609 73748 73827 \
	73972 73993 74045 75095 75419 75440 75481 75494 75927 75955 76288 \
	76702 76718 76762 76791 77108 77330 77558 78001 78625 78703 78892 \
	83838 91432 93802 125132 129848 146209 
 un 5965 2385 90720 95520 4401 93660 70780 3550 7761 \
	68651 
 uf 6104 82116 87658 87541 120614 
 am 2295 0 53013 54339 55565 
 am 2385 0 53013 54339 55565 
 am 3550 0 53013 54339 55565 
 am 4063 0 53013 54339 55565 
 am 4141 0 53013 54339 55565 
 am 4268 0 53013 54339 
 am 4401 0 53013 54339 55565 
 am 4680 0 53013 54339 55565 
 am 4857 0 53013 54339 55565 
 am 5965 0 53013 54339 55565 
 am 6081 0 53013 54339 55565 
 am 7025 0 53013 54339 55565 
 am 7170 0 54339 53013 55565 
 am 7481 0 53013 54339 55565 
 am 7633 0 53013 54339 55565 
 am 7761 0 53013 54339 55565 
 am 8049 0 53013 54339 55565 
 am 8468 0 53013 54339 55565 
 am 8956 0 53013 54339 55565 
 am 59043 0 53013 54339 55565 
 am 59229 0 53013 54339 55565 
 am 59517 0 53013 54339 55565 
 am 59797 0 53013 54339 55565 
 am 60314 0 54339 53013 55565 
 am 60480 0 53013 54339 55565 
 am 60980 0 54339 53013 55565 
 am 61201 0 54339 53013 55565 
 am 62457 0 53013 54339 55565 
 am 64610 0 53013 54339 55565 
 am 65758 0 53013 54339 55565 
 am 67400 0 53013 54339 55565 
 am 68155 0 53013 54339 55565 
 am 68474 0 53013 54339 55565 
 am 68573 0 53013 54339 55565 
 am 69090 0 53013 54339 55565 
 am 69825 0 53013 54339 55565 
 am 70199 0 53013 54339 55565 
 am 70205 0 53013 54339 55565 
 am 70264 0 53013 54339 55565 
 am 70312 0 53013 54339 55565 
 am 70666 0 53013 54339 55565 
 am 71506 0 53013 54339 55565 
 am 71974 0 53013 54339 55565 
 am 75419 0 53013 54339 55565 
 am 76535 0 53013 54339 55565 
 am 77789 0 53013 54339 55565 
 am 78454 0 53013 54339 55565 
 am 83838 0 53013 54339 55565 
 am 90720 0 53013 54339 55565 
 am 93802 0 53013 54339 55565 
 am 146209 0 53013 54339 55565 
CO
 li admit 2385 lp3 qr9 vk5
 ar 0 0 0 0 0 0 0 0
 st 1

5965 char 0
na Wort
il	1 9743 \
	16 24 \
	19 8 \
	20 175 \
	54 3 \
	63523 1 \
	64616 1 \
	75540 1
tl	2 94 988 4 0 0 0 0 \
	2 87 8831 2 0 0 0 0 \
	2 95 861 7 0 0 0 0 \
	2 74757 997 92 0 0 0 0 \
	2 82963 898 88 0 0 0 0
ah 70971 
LI
 wh 62030
CH
 lo 55565
 he 100
 lk 2
 lr 1
 sl	680 2 21 3 0 \
	700 2 21 0 0 \
	702 2 14 6 0 \
	600 2 21 0 0 \
	602 2 14 2 0 \
	601 2 14 181 0 \
	603 2 14 17 0 \
	630 2 28 0 0 \
	704 2 14 0 0 \
	730 2 21 0 0 \
	732 2 14 9 0 \
	733 2 14 10 0 \
	610 2 21 28 0 \
	611 2 28 0 0 \
	641 2 28 1 0 \
	612 2 28 1 0 \
	617 2 14 13 0
 at 80
 df 80
CM
 hs 1
 vp 3
 pl 8473
CO
 li sail n
 ar 0 1 16999 0 0 3 17099 0
 cs 2
 wa 2
 st 1
 ue 2
 de 1
 pr 4

2385 char 0
na C2
il	1 750 \
	54 1 \
	124935 1
an 53013 54339 55565 
LI
 wh 65785
 hl 68484 
CH
 lo 55565
 he 100
 lk 2
 lr 1
 sl	610 2 21 6 0 \
	630 2 28 0 0 \
	641 2 28 1 0 \
	612 2 28 1 0 \
	639 2 21 0 0 \
	820 2 35 0 0 \
	824 2 21 3 0 \
	670 2 28 0 0 \
	671 2 14 0 0 \
	672 2 21 0 0 \
	823 2 21 3 0 \
	826 2 21 3 0 \
	821 2 21 0 0 \
	822 2 21 0 0 \
	827 2 21 2 0 \
	829 2 21 2 0 \
	831 2 28 1 0 \
	832 2 21 1 0 \
	828 2 21 0 0 \
	825 2 21 1 0 \
	900 2 42 0 0 \
	908 2 28 1 0 \
	800 2 0 0 0 \
	840 2 0 0 0 \
	880 2 0 0 0 \
	920 2 0 0 0 \
	631 2 0 0 0 \
	802 2 0 0 0 \
	904 2 0 0 0 \
	906 2 0 0 0 \
	902 2 0 0 0 \
	903 2 0 2 0 \
	801 2 0 0 0 \
	803 2 0 0 0 \
	804 2 0 0 0 \
	911 2 0 0 0 \
	909 2 0 0 0 \
	806 2 0 1 0 \
	805 2 0 0 0 \
	807 2 0 0 0 \
	841 2 0 0 0 \
	842 2 0 0 0 \
	844 2 0 0 0 \
	847 2 0 1 0 \
	849 2 0 2 0 \
	852 2 0 0 0 \
	813 2 0 16 0 \
	845 2 0 0 0 \
	851 2 0 0 0 \
	905 2 0 0 0 \
	907 2 0 0 0 \
	808 2 0 0 0 \
	811 2 0 0 0 \
	812 2 0 0 0 \
	814 2 0 0 0 \
	614 2 0 0 0 \
	843 2 0 0 0 \
	846 2 0 1 0 \
	848 2 0 0 0 \
	809 2 0 0 0 \
	886 2 0 0 0 \
	888 2 0 0 0 \
	893 2 0 0 0 \
	882 2 0 0 0 \
	891 2 0 0 0 \
	883 2 0 0 0 \
	885 2 0 0 0 \
	894 2 0 0 0 \
	892 2 0 0 0 \
	887 2 0 0 0 \
	889 2 0 0 0 \
	884 2 0 0 0 \
	881 2 0 1 0 \
	921 2 0 0 0 \
	922 2 0 1 0 \
	860 2 35 0 0 \
	861 2 14 0 0 \
	862 2 14 3 0 \
	866 2 14 2 0 \
	869 2 14 6 0 \
	867 2 21 0 0 \
	872 2 21 2 0 \
	864 2 14 2 0 \
	871 2 21 0 0 \
	863 2 14 3 0 \
	865 2 14 0 0 \
	868 2 21 3 0 \
	901 2 28 0 0 \
	833 2 21 0 0 \
	611 2 28 0 0
 bh 9
 at 80
 df 80
CM
 im 1
 ma 1
 ca 153
 hs 1
 kw 1
 ar 124935
CO
 li use 813
 ar 0 0 0 0 0 0 0 813
 cs 2
 wa 2
 st 1
 us 813
 ue 3
 de 4
 pr 3

90720 char 0
na Tom Tom
il	1 322 \
	54 4
tl	2 95 985 7 0 0 0 0 \
	2 94 969 4 0 0 0 0
an 53013 54339 55565 
LI
 wh 12393
CH
 lo 55565
 he 100
 lk 3
 lr 107
 sl	610 2 21 22 0 \
	612 2 28 1 0 \
	630 2 28 0 0 \
	641 2 28 1 0 \
	639 2 21 0 0 \
	670 2 28 0 0 \
	672 2 21 6 0 \
	671 2 14 0 0 \
	611 2 28 0 0
 mo 7796
 bh 9
 at 80
 df 80
CM
 hs 1
 vp 2
CO
 li move s
 ar 0 3 12493 0 0 15 12393 0
 cs 2
 wa 10
 st 1
 ue 2
 de 5
 pr 2

95520 char 0
na Mack
il	1 6020 \
	15 20 \
	22 216 \
	51 3 \
	54 26 \
	279 1 \
	295 2 \
	62600 1
an 53013 54339 55565 
ah 7284 68649 
LI
 wh 2295
CH
 lo 55565
 he 100
 lk 3
 lr 119
 sl	610 2 21 11 0 \
	630 2 28 0 0 \
	641 2 28 1 0 \
	612 2 28 2 0 \
	639 2 21 0 0 \
	670 2 28 0 0 \
	672 2 21 0 0 \
	671 2 14 0 0 \
	616 2 14 3 0 \
	614 2 14 9 0 \
	613 2 14 0 0 \
	615 2 21 20 0 \
	617 2 14 0 0 \
	611 1 14 0 0
 ra 70
 at 80
 df 123
 mi 128
CM
 hs 1
 pl 8473
CO
 li use 615
 ar 615 0 0 0 0 0 0 0
 wa -1
 st 1
 ue 3
 po 1
 pr 3

4401 char 0
na Captain Curtis
il	1 9409 \
	11 6 \
	52 92 \
	53 3 \
	65917 2 \
	80424 2 \
	96470 29
tl	2 81626 817 115 0 0 0 0 \
	1 59675 854 13 0 0 0 0 \
	2 59675 854 108 0 0 0 0 \
	1 67251 499 42 0 0 0 0 \
	2 67251 849 91 0 0 0 0 \
	1 66803 999 45 0 0 0 0 \
	2 66803 599 108 0 0 0 0 \
	1 146901 687 75 0 0 0 0 \
	1 132999 505 13 0 0 0 0 \
	2 146901 895 154 0 0 0 0 \
	2 132999 847 66 0 0 0 0 \
	2 95 968 7 0 0 0 0 \
	1 65917 35 1 0 0 0 0 \
	1 52 6 115 0 0 0 0 \
	1 96470 970 14 0 0 0 0
LI
 wh 6000
CH
 lo 55565
 pl 56542
 he 100
 lk 3
 lr 80
 sl	700 2 21 0 0 \
	610 2 21 34 0 \
	702 2 14 40 0 \
	617 2 14 28 0 \
	703 2 14 0 0 \
	600 2 21 0 0 \
	601 2 14 98 0 \
	612 2 28 1 0 \
	615 2 21 9 0 \
	630 2 28 0 0 \
	635 2 28 0 0 \
	641 2 28 1 0 \
	611 2 28 0 0 \
	704 2 14 0 0 \
	730 2 21 0 0 \
	732 2 14 1 0 \
	733 2 14 1 0
 at 80
 df 80
 mi 101
CM
 hs 1
 vp 1
MI
 ds Long Live Oleg
CO
 li repair
 ar 0 0 0 0 29 0 0 0
 st 1
 ue 1
 de 10
 po 1
 pr 3

93660 char 0
na SS
il	1 4370 \
	10 17 \
	12 23 \
	16 41 \
	75 11 \
	77 44 \
	78 2 \
	62337 1
tl	2 95 984 7 0 0 0 0 \
	2 94 992 4 0 0 0 0
LI
 wh 93802
CH
 lo 55565
 he 100
 lk 3
 lr 122
 sl	610 2 21 19 0 \
	612 2 28 1 0 \
	630 2 28 0 0 \
	641 2 28 1 0 \
	639 2 21 0 0 \
	670 2 28 0 0 \
	672 2 21 0 0 \
	671 2 14 0 0 \
	820 2 35 0 0 \
	833 2 21 0 0 \
	826 2 21 0 0 \
	827 2 21 0 0 \
	831 2 28 0 0 \
	829 2 21 0 0 \
	825 2 21 0 0 \
	832 2 21 0 0 \
	824 2 21 0 0 \
	614 2 14 9 0 \
	822 2 21 0 0 \
	821 2 21 0 0 \
	823 2 21 0 0 \
	680 2 21 1 0 \
	682 2 14 0 0 \
	617 2 14 4 0 \
	615 2 21 7 0 \
	616 2 14 0 0 \
	611 2 28 0 0
 bh 1
 ra 40
 at 80
 df 105
 mi 105
 dt 218 27 6537
CM
 im 1
 ma 12
 ca 12
 hs 1
 kw 1
 pl 8473
CO
 li make 75 15
 ar 75 15 15 9 0 0 0 0
 cs 2
 wa -1
 st 1
 ue 2
 de 9
 po 1
 pr 3

70780 char 0
na Bryon
il	1 1306 \
	10 18 \
	11 15 \
	12 2 \
	16 25 \
	54 33 \
	77 97 \
	98 2
tl	2 95 975 7 0 0 0 0 \
	2 94 72 4 0 0 0 0
an 53013 54339 55565 
LI
 wh 93802
CH
 lo 55565
 he 100
 lk 3
 lr 107
 sl	610 2 21 17 0 \
	612 2 28 1 0 \
	630 2 28 0 0 \
	641 2 28 1 0 \
	670 2 28 0 0 \
	671 2 14 0 0 \
	672 2 21 0 0 \
	611 2 28 0 0 \
	700 2 21 0 0 \
	702 2 14 5 0 \
	617 2 14 2 0
 bh 9
 at 80
 df 80
CM
 hs 1
 vp 1
CO
 li train 12
 ar 12 0 0 2 0 0 0 0
 cs 2
 wa -1
 st 1
 ue 1
 de 2
 po 1
 pr 3

3550 char 0
na Mim
il	1 62907 \
	10 473 \
	11 3 \
	12 105 \
	15 9 \
	16 241 \
	18 2387 \
	19 4 \
	20 454 \
	51 3 \
	54 1 \
	61 102 \
	64 14 \
	65 7 \
	69 8 \
	72 124 \
	73 94 \
	74 31 \
	75 575 \
	76 2 \
	77 577 \
	79 211 \
	82 86 \
	84 7 \
	85 690 \
	94 313 \
	95 3 \
	261 8 \
	295 1 \
	60488 1 \
	60713 1 \
	61221 1 \
	61349 1 \
	61940 1 \
	62158 1 \
	62178 1 \
	62285 1 \
	62308 1 \
	62355 1 \
	62446 1 \
	62875 1 \
	63194 1 \
	63442 1 \
	63627 1 \
	64221 1 \
	64234 1 \
	64280 1 \
	64308 2 \
	64565 1 \
	64638 1 \
	64992 1 \
	65260 1 \
	65305 1 \
	65591 1 \
	65648 1 \
	65863 1 \
	66319 1 \
	66445 1 \
	66932 1 \
	67071 1 \
	67276 1 \
	67338 1 \
	67476 1 \
	67526 1 \
	67579 1 \
	67771 1 \
	67793 1 \
	67986 1 \
	68699 1 \
	68756 1 \
	68777 1 \
	69156 1 \
	69217 1 \
	69582 1 \
	69777 1 \
	69783 1 \
	69981 1 \
	70261 1 \
	70554 1 \
	70566 1 \
	70669 1 \
	71222 1 \
	71487 1 \
	71530 1 \
	71721 1 \
	72041 1 \
	72395 1 \
	72455 1 \
	72723 1 \
	72855 1 \
	72954 1 \
	73058 1 \
	73108 1 \
	73282 1 \
	73626 1 \
	73988 1 \
	74737 1 \
	74757 39 \
	74896 1 \
	74968 1 \
	74969 1 \
	75692 2 \
	75746 1 \
	75980 1 \
	76247 1 \
	76637 1 \
	77238 78 \
	77618 1 \
	77769 1 \
	78756 1 \
	82750 1 \
	82963 66 \
	85923 1 \
	88409 1 \
	90644 1 \
	95529 1 \
	96081 1 \
	96601 1 \
	97431 1 \
	98031 2 \
	99994 1 \
	101403 1 \
	104935 2 \
	105096 1 \
	116532 1 \
	119366 1 \
	122520 1 \
	122899 1 \
	123812 1 \
	124250 1 \
	125308 1 \
	132103 1 \
	132999 1 \
	134396 1 \
	136999 1 \
	142007 1 \
	145007 1 \
	145188 1 \
	149759 1
tl	2 94 979 4 0 0 0 0
ah 63117 
LI
 wh 5124
 hl 7761 
CH
 lo 55565
 he 100
 lk 2
 lr 2
 sl	610 2 21 21 0 \
	630 2 28 0 0 \
	641 2 28 1 0 \
	900 2 42 0 0 \
	904 2 21 0 0 \
	911 2 21 1 0 \
	612 2 28 1 0 \
	908 2 28 1 0 \
	909 2 21 0 0 \
	905 2 21 0 0 \
	907 2 21 0 0 \
	906 2 21 0 0 \
	902 2 21 7 0 \
	903 2 21 19 0 \
	901 2 28 0 0 \
	800 2 28 0 0 \
	804 2 21 0 0 \
	805 2 14 0 0 \
	801 2 14 0 0 \
	802 2 14 1 0 \
	806 2 21 6 0 \
	814 2 21 0 0 \
	813 2 21 51 0 \
	880 2 0 0 0 \
	680 2 0 0 0 \
	720 2 0 0 0 \
	920 2 0 0 0 \
	881 2 0 1 0 \
	882 2 0 0 0 \
	883 2 0 0 0 \
	682 2 0 0 0 \
	723 2 0 0 0 \
	893 2 0 0 0 \
	889 2 0 0 0 \
	922 2 0 42 0 \
	921 2 0 0 0 \
	885 2 0 0 0 \
	887 2 0 0 0 \
	894 2 0 0 0 \
	886 2 0 0 0 \
	892 2 0 0 0 \
	891 2 0 0 0 \
	721 2 0 0 0 \
	722 2 0 0 0 \
	803 2 14 0 0 \
	812 2 21 0 0 \
	884 2 28 0 0 \
	809 2 21 0 0 \
	807 2 21 0 0 \
	811 2 21 0 0 \
	808 2 21 2 0 \
	888 2 21 0 0 \
	840 2 35 0 0 \
	845 2 21 16 0 \
	849 2 21 32 0 \
	844 2 21 3 0 \
	846 2 21 5 0 \
	851 2 21 4 0 \
	848 2 21 0 0 \
	852 2 21 0 0 \
	841 2 21 1 0 \
	843 2 21 2 0 \
	847 2 21 6 0 \
	842 2 14 1 0 \
	820 2 35 0 0 \
	824 2 21 1 0 \
	823 2 21 0 0 \
	821 2 21 0 0 \
	832 2 21 0 0 \
	827 2 21 2 0 \
	826 2 21 0 0 \
	825 2 21 0 0 \
	831 2 28 1 0 \
	829 2 21 4 0 \
	833 2 21 0 0 \
	611 2 28 0 0 \
	828 2 21 0 0 \
	860 2 35 0 0 \
	861 2 14 0 0 \
	862 2 14 0 0 \
	822 2 21 0 0 \
	871 2 21 0 0 \
	869 2 14 0 0 \
	863 2 14 0 0 \
	865 2 14 0 0 \
	864 2 14 0 0 \
	866 2 14 0 0 \
	867 2 21 0 0 \
	872 2 21 0 0 \
	868 2 21 0 0
 at 80
 df 80
CM
 im 1
 ma 1
 ca 137
 rb 1
 hs 1
 kw 1
 vp 8
 pl 7761
 ar 122520
CO
 li use 813
 ar 813 0 0 0 0 0 0 0
 wa -1
 st 1
 ue 5
 po 1
 pr 3

7761 char 0
na Phydeaux
il	1 22958 \
	10 15 \
	13 67 \
	21 303 \
	22 331 \
	54 10 \
	69 1 \
	72 238 \
	83 2 \
	84 1 \
	59111 1 \
	60227 1 \
	60694 1 \
	60714 1 \
	61701 1 \
	61905 1 \
	62093 1 \
	64421 1 \
	64770 1 \
	68780 1 \
	70576 1 \
	70640 1 \
	70713 1 \
	70919 1 \
	71155 1 \
	72222 1 \
	72316 1 \
	72551 1 \
	72685 1 \
	73797 1 \
	74644 1 \
	75523 1 \
	75859 1 \
	77750 1 \
	78353 1 \
	78849 1 \
	78904 1 \
	92011 1 \
	97808 1 \
	98984 1 \
	105036 1 \
	109123 1 \
	114357 1 \
	115202 1 \
	121543 1 \
	122211 1 \
	122867 1 \
	131391 1 \
	133997 1 \
	135711 1 \
	138052 1 \
	141047 1 \
	145678 1
tl	2 94 73 4 0 0 0 0
ah 1582 2562 2804 2989 3225 3259 3304 3643 3920 \
	4339 5134 5175 5301 6019 6356 6810 6895 7196 7489 7834 \
	8001 8289 9311 9574 9580 9625 9711 9814 9820 9910 9918 \
	59309 60193 60545 61233 64265 64514 65758 65817 66305 66992 67570 \
	72654 74254 75165 75303 75504 75846 118284 134554 149217 
LI
 wh 3550
 hl 68651 
CH
 lo 55565
 he 100
 lk 2
 lr 2
 sl	610 2 21 6 0 \
	630 2 28 0 0 \
	800 2 28 0 0 \
	860 2 35 0 0 \
	615 2 21 9 0 \
	862 2 14 7 0 \
	802 2 14 39 0 \
	803 2 14 2 0 \
	861 2 14 1 0 \
	801 2 14 0 0 \
	805 2 14 0 0 \
	900 2 42 0 0 \
	903 2 21 20 0 \
	902 2 21 7 0 \
	907 2 21 1 0 \
	908 2 28 1 0 \
	905 2 21 1 0 \
	911 2 21 1 0 \
	906 2 21 3 0 \
	804 2 21 0 0 \
	901 2 28 0 0 \
	904 2 21 0 0 \
	909 2 21 6 0 \
	807 2 21 0 0 \
	813 2 21 85 0 \
	806 2 21 2 0 \
	812 2 21 0 0 \
	811 2 21 0 0 \
	814 2 21 0 0 \
	809 2 21 1 0 \
	808 2 21 7 0 \
	866 2 14 0 0 \
	867 2 21 0 0 \
	863 2 14 0 0 \
	872 2 21 0 0 \
	869 2 14 0 0 \
	868 2 21 0 0 \
	871 2 21 7 0 \
	864 2 14 0 0 \
	865 2 14 0 0 \
	840 2 35 0 0 \
	849 2 21 91 0 \
	846 2 21 8 0 \
	641 2 28 1 0 \
	843 2 21 20 0 \
	851 2 7 10 0 \
	820 2 0 0 0 \
	880 2 0 0 0 \
	824 2 0 8 0 \
	822 2 0 0 0 \
	882 2 0 0 0 \
	832 2 0 9 0 \
	883 2 0 1 0 \
	831 2 0 1 0 \
	881 2 0 1 0 \
	821 2 0 0 0 \
	827 2 0 20 0 \
	833 2 0 0 0 \
	823 2 0 2 0 \
	829 2 0 8 0 \
	828 2 0 2 0 \
	826 2 0 1 0 \
	825 2 0 1 0 \
	889 2 0 0 0 \
	892 2 0 1 0 \
	893 2 0 0 0 \
	885 2 0 0 0 \
	894 2 0 0 0 \
	887 2 0 0 0 \
	891 2 0 0 0 \
	888 2 0 0 0 \
	886 2 0 0 0 \
	841 2 0 1 0 \
	884 2 0 0 0 \
	852 2 0 0 0 \
	844 2 0 0 0 \
	842 2 0 2 0 \
	848 2 0 0 0 \
	845 2 0 43 0 \
	847 2 0 8 0 \
	920 2 0 0 0 \
	921 2 28 0 0 \
	922 2 28 42 0 \
	611 2 28 0 0 \
	612 2 28 1 0 \
	639 2 21 0 0
 bh 7
 ra 80
 at 80
 df 80
 mi 87
CM
 im 1
 ma 4
 ca 158
 rb 1
 hs 1
 kw 1
 vp 21
 ar 78904
CO
 li make 18 24
 ar 18 24 0 0 0 0 0 0
 wa -1
 st 1
 ue 5
 po 1
 pr 3

68651 char 0
na Silvia
il	1 109 \
	55 53 \
	70160 1
tl	2 95 926 7 0 0 0 0
ah 67893 
LI
 wh 7761
CH
 lo 55565
 he 100
 lk 3
 lr 108
 sl	650 2 28 0 0 \
	610 2 21 5 0 \
	612 2 28 1 0 \
	630 2 28 0 0 \
	641 2 28 1 0 \
	654 2 28 71 0 \
	653 2 28 0 0 \
	639 2 21 0 0 \
	611 2 28 0 0
 at 80
 df 80
CM
 hs 1
 vp 4
CO
 li breed 55 55
 ar 55 55 0 0 0 0 0 0
 cs 2
 wa 12
 st 1
 ue 1
 de 1
 pr 3

