55705 player pl_regular
na House Smith
il	1 700
ad 50333 51853 53513 53627 54948 55115 56223 56309 56363 
CH
PL
 fn Donn Breshears
 em donn0425@yahoo.com
 ve vy5@g2.pbm.com
 pw SprintNorth
 ft 104
 so 1
 lt 260
 kn 69 600 601 602 603 610 611 612 613 614 \
	615 616 617 630 641 650 652 653 654 655 656 \
	658 661 670 672 680 682 690 691 693 700 701 \
	702 703 704 705 720 721 722 723 730 731 732 \
	733 750 751 752 753 754 755 756 800 801 802 \
	803 804 805 806 807 808 809 811 812 813 814 \
	820 823 825 826 827 828 829 831 832 833 840 \
	841 846 847 849 851 852 860 861 862 863 864 \
	865 880 881 885 886 887 888 889 891 892 893 \
	894 900 902 903 904 906 908 909 911 920 922 \
	2042 2319 2559 3123 3372 5625 6117 7778 7926 13438 13439 \
	13451 13539 13551 13552 13639 13647 13648 13649 13650 13651 13652 \
	13653 13739 13740 13741 13742 13743 13744 13747 13749 13751 13752 \
	13839 13840 13841 13842 13843 13844 13845 13846 13847 13848 13849 \
	13850 13851 13852 13939 13941 13944 13947 13948 13949 13951 13952 \
	14039 14041 14044 14047 14048 14049 14050 14051 14052 14053 14139 \
	14140 14141 14142 14143 14144 14145 14146 14147 14148 14149 14150 \
	14151 14152 14153 14244 14245 14246 14247 14248 14249 14250 14251 \
	14252 14253 14254 14344 14345 14346 14347 14348 14349 14350 14351 \
	14352 14353 14444 14445 14446 14447 14448 14449 14450 14451 14452 \
	14453 14544 14547 14548 14549 14550 14551 14552 14553 14554 14555 \
	14556 14644 14647 14648 14649 14650 14651 14652 14653 14654 14655 \
	14656 14744 14745 14746 14747 14748 14749 14750 14751 14752 14753 \
	14846 14848 14849 14850 14851 14853 14946 14947 14948 14949 14950 \
	14951 14953 14954 14955 15046 15048 15049 15050 15051 15055 15056 \
	15057 15146 15148 15150 15151 15157 15158 15159 15160 15246 15248 \
	15250 15251 15260 15346 15348 15350 15351 15360 15361 15446 15448 \
	15451 15461 15546 15548 15561 15646 15648 15661 15662 15746 15748 \
	15762 15846 15848 15862 15946 15948 15961 15962 16046 16048 16056 \
	16057 16058 16059 16060 16061 16144 16145 16146 16148 16156 16157 \
	16158 16159 16160 16161 16162 16163 16164 16165 16166 16167 16168 \
	16169 16244 16245 16246 16247 16248 16269 16270 16271 16272 16344 \
	16345 16346 16348 16349 16372 16444 16445 16446 16449 16450 16472 \
	16544 16545 16546 16549 16550 16572 16644 16645 16646 16649 16650 \
	16669 16670 16671 16672 16673 16674 16675 16676 16677 16678 16744 \
	16745 16746 16749 16750 16769 16844 16845 16846 16847 16848 16849 \
	16850 16869 16945 16946 16947 16948 16949 16950 16958 16959 16960 \
	16961 16962 16963 16964 16965 16966 16967 16968 16969 17038 17039 \
	17040 17041 17042 17043 17044 17045 17046 17047 17048 17049 17050 \
	17051 17052 17053 17054 17055 17056 17057 17058 17059 17060 17061 \
	17062 17063 17064 17143 17145 17146 17147 17148 17149 17150 17151 \
	17152 17153 17154 17155 17156 17157 17158 17159 17160 17161 17162 \
	17163 17164 17243 17244 17245 17246 17247 17248 17249 17250 17251 \
	17252 17253 17254 17255 17256 17257 17258 17259 17260 17261 17262 \
	17264 17364 20444 20974 21922 22616 22736 23184 23240 23255 25015 \
	25380 27233 27880 30309 30789 31408 33159 36213 36932 39378 40140 \
	41330 43463 43813 43933 46009 48048 56896 56949 56995 57081 57148 \
	57154 57190 57265 57266 57625 57646 57679 57704 57757 57798 57855 \
	57871 57933 58216 58323 58335 58338 58374 58575 58599 58758 59969 \
	60886 61371 61876 63953 64336 64352 64917 65041 65619 65738 65913 \
	66690 67800 68219 69344 71280 71897 71969 72152 72380 74109 74118 \
	74996 76242 78491 94544 100928 101910 110097 134554 140174 
 un 94165 105235 9547 78070 90108 79453 78729 64621 76837 \
	65879 138896 
 uf 144169 134731 149854 82918 143903 
 am 2319 0 50333 51853 53513 53627 54948 55115 56223 \
	56309 56363 
 am 9547 0 50333 50535 50797 50837 51323 51853 53249 \
	53513 53627 54172 54295 54404 54587 54597 54935 54948 55115 55263 \
	55275 56223 56297 56309 56363 56455 56746 
 am 64621 0 50333 50535 50797 50837 51323 51853 53249 \
	53513 53627 54172 54295 54404 54587 54597 54935 54948 55115 55263 \
	55275 56223 56297 56309 56363 56455 56746 
 am 65879 0 50333 50535 50797 50837 51323 51853 53249 \
	53513 53627 54172 54295 54404 54587 54597 54935 54948 55115 55263 \
	55275 56223 56297 56309 56363 56455 56746 
 am 76837 0 50333 50535 50797 50837 51323 51853 53249 \
	53513 53627 54172 54295 54404 54587 54597 54935 54948 55115 55263 \
	55275 56223 56297 56309 56363 56455 56746 
 am 78070 0 50333 50535 50797 50837 51323 51853 53249 \
	53513 53627 54172 54295 54404 54587 54597 54935 54948 55115 55263 \
	55275 56223 56297 56309 56363 56455 56746 
 am 78729 0 50333 50535 50797 50837 51323 51853 53249 \
	53513 53627 54172 54295 54404 54587 54597 54935 54948 55115 55263 \
	55275 56223 56297 56309 56363 56455 56746 
 am 79453 0 50333 50535 50797 50837 51323 51853 53249 \
	53513 53627 54172 54295 54404 54587 54597 54935 54948 55115 55263 \
	55275 56223 56297 56309 56363 56455 56746 
 am 100928 0 50333 50535 50797 50837 51323 51853 53249 \
	53513 53627 54172 54295 54404 54587 54597 54935 54948 55115 55263 \
	55275 56223 56297 56309 56363 56455 56746 
 am 105235 0 50333 50535 50797 50837 51323 51853 53249 \
	53513 53627 54172 54295 54404 54587 54597 54935 54948 55115 55263 \
	55275 56223 56297 56309 56363 56455 56746 
CO
 li admit 100928 yv5 zy6
 ar 0 0 0 0 0 0 0 0
 st 1

94165 char 0
na Transport
il	54 40
LI
 wh 110097
CH
 lo 55705
 he 100
 lk 1
 lr 400
 bh 9
 bp 50
 at 80
 df 80
CO
 li wait unit 105235
 ar 0 105235 0 0 0 0 0 0
 cs 2
 wa -1
 st 1
 de 6
 po 1
 pr 1

105235 char 0
na Dwarf
il	1 802 \
	11 39 \
	68 15 \
	79 22 \
	98 1
tl	2 94 993 4 0 0 0 0
LI
 wh 15350
CH
 lo 55705
 he 100
 lk 2
 lr 1
 sl	720 2 21 0 0 \
	721 2 14 12 0 \
	722 2 14 14 0 \
	723 2 14 4 0 \
	700 2 21 0 0 \
	702 2 14 7 0 \
	703 2 14 4 0
 bp 50
 at 80
 df 80
CO
 li use 723
 ar 0 0 0 0 0 0 0 723
 wa 7
 us 723
 ue 1
 pr 3

9547 char 0
na Saint Alia
il	1 433 \
	13 30 \
	21 7 \
	54 8 \
	72 10 \
	99889 1 \
	141241 1
LI
 wh 23184
 hl 78070 90108 
CH
 lo 55705
 pl 51665
 he 100
 lk 2
 lr 1
 sl	610 2 21 30 0 \
	611 2 28 0 0 \
	615 2 21 9 0 \
	612 2 28 1 0 \
	617 2 14 11 0 \
	616 2 14 4 0 \
	614 2 14 1 0 \
	613 2 14 0 0 \
	750 2 35 1 0 \
	751 2 28 19 0 \
	756 2 28 17 0 \
	755 2 28 0 0 \
	753 2 21 20 0 \
	754 2 28 0 0 \
	752 2 28 1 0 \
	630 2 28 0 0 \
	650 2 28 0 0 \
	653 2 28 0 0 \
	654 1 10 0 0
 bh 3
 at 80
 df 86
 mi 61
CM
 vp 3
 pl 78729
 vi 1777 10345 10485 10776 10874 10987 11094 11297 11590 11677 \
	11688 11691 56938 57047 57264 57658 57666 57852 57882 58031 58485 \
	58520 58608 58641 58755 62935 74144 
MI
 ds Smith Erigadorn Ltd.
CO
 li attack garrison
 ar 1863 0 0 0 0 0 0 0
 st 1
 ue 3
 de 1
 pr 3

78070 char 0
na Ted Smith
il	1 2197 \
	16 21 \
	54 52
LI
 wh 9547
CH
 lo 55705
 he 100
 lk 3
 lr 195
 sl	610 2 21 9 0 \
	700 2 21 0 0 \
	705 2 14 3 0 \
	704 2 14 3 0 \
	702 2 14 3 0 \
	703 2 14 2 0 \
	701 2 14 0 0 \
	730 2 21 0 0 \
	733 2 14 2 0 \
	732 2 14 1 0 \
	611 2 28 0 0 \
	650 2 28 0 0 \
	654 2 28 22 0
 bp 50
 at 80
 df 30
 dt 195 28 5848
CO
 li train 16
 ar 16 0 0 0 0 0 0 0
 wa -1
 ue 1
 po 1
 pr 3

90108 char 0
na New noble
LI
 wh 9547
CH
 lo 55705
 he 100
 lk 1
 lr 450
 bh 3
 bp 50
 at 80
 df 80
CO
 li train 12
 ar 12 0 0 0 0 0 0 0
 wa -1
 po 1
 pr 3

79453 char 0
na John Smith
il	1 1952 \
	11 70 \
	78 40
LI
 wh 94544
CH
 lo 55705
 he 100
 lk 2
 lr 1
 sl	610 2 21 0 0 \
	612 2 28 2 0 \
	611 2 28 0 0 \
	680 2 21 2 0 \
	617 2 14 0 0
 bh 9
 at 80
 df 80
CO
 li build tower "Dark Hold"
 ar 0 0 0 0 0 0 0 0
 cs 2
 wa -1
 st 1
 ue 1
 de 16
 po 1
 pr 3

78729 char 0
na Bruce Smith
il	1 3768 \
	54 7 \
	69 1 \
	78 343 \
	68219 1 \
	69285 1
LI
 wh 100928
 hl 64621 
CH
 lo 55705
 he 100
 lk 2
 lr 2
 sl	600 2 21 0 0 \
	610 2 21 55 0 \
	612 2 28 1 0 \
	617 2 14 25 0 \
	601 2 14 10 0 \
	730 2 21 0 0 \
	732 2 14 3 0 \
	733 2 14 1 0 \
	602 2 14 1 0 \
	700 2 21 0 0 \
	616 2 14 10 0 \
	611 2 28 0 0 \
	702 2 14 0 0 \
	630 2 28 0 0 \
	641 2 28 2 0 \
	614 2 14 3 0 \
	613 2 14 5 0 \
	615 2 21 10 0 \
	900 2 42 0 0 \
	909 2 21 0 0 \
	911 2 21 1 0 \
	903 2 21 1 0 \
	902 2 21 0 0 \
	650 2 28 0 0 \
	653 2 28 0 0 \
	654 2 28 2 0
 bh 9
 ra 10
 at 107
 df 102
 mi 99
CM
 im 1
 ma 5
 ca 7
 rb 1
 hs 1
 vp 12
 pl 59379
MI
 ds Smith Erigadorn Ltd.
CO
 li breed 54 54
 ar 54 54 0 0 0 0 0 0
 st 1
 ue 2
 de 7
 pr 3

64621 char 0
na Bill Smith
il	1 4049 \
	54 10
LI
 wh 78729
 hl 76068 
CH
 lo 55705
 he 100
 lk 2
 lr 1
 sl	610 2 21 0 0 \
	611 2 28 0 0 \
	614 2 14 2 0 \
	680 2 21 0 0 \
	720 2 21 0 0 \
	721 2 14 5 0 \
	722 2 14 6 0 \
	723 2 14 1 0 \
	682 2 14 3 0 \
	650 2 28 0 0 \
	654 2 28 57 0 \
	653 2 28 0 0 \
	652 2 28 0 0
 bh 9
 bp 50
 at 80
 df 97
CM
 vp 6
MI
 ds Smith-Erigadorn Ltd.
CO
 li breed 54 54
 ar 54 54 0 0 0 0 0 0
 st 1
 ue 1
 de 6
 pr 3

76837 char 0
na Banstable Smith II
il	1 1397 \
	54 2 \
	63 1 \
	82 13 \
	64102 1 \
	85846 1
tl	2 94 991 4 0 0 0 0 \
	1 123436 974 37 0 0 0 0
LI
 wh 7926
CH
 lo 55705
 he 100
 lk 2
 lr 2
 sl	600 2 21 0 0 \
	601 2 14 15 0 \
	610 2 21 10 0 \
	611 2 28 0 0 \
	840 2 35 0 0 \
	603 2 14 1 0 \
	612 2 28 2 0 \
	617 2 14 35 0 \
	616 2 14 6 0 \
	615 2 21 5 0 \
	690 2 28 3 0 \
	693 2 21 2 0 \
	614 2 14 4 0 \
	841 2 21 0 0 \
	602 1 3 0 0 \
	670 2 28 0 0 \
	672 2 21 9 0 \
	852 2 21 0 0 \
	846 2 21 0 0 \
	900 2 42 0 0 \
	908 2 28 0 0 \
	630 2 28 0 0 \
	641 2 28 1 0 \
	800 2 28 0 0 \
	820 2 35 0 0 \
	880 2 42 0 0 \
	801 2 14 1 0 \
	860 2 35 0 0 \
	802 2 14 7 0 \
	803 2 14 0 0 \
	804 2 21 0 0 \
	911 2 21 0 0 \
	902 2 21 1 0 \
	909 2 21 0 0 \
	805 2 14 0 0 \
	861 2 14 0 0 \
	862 2 14 1 0 \
	813 2 21 1 0 \
	823 2 21 0 0 \
	828 2 21 0 0 \
	826 2 21 0 0 \
	825 2 21 0 0 \
	827 2 21 0 0 \
	829 2 21 0 0 \
	833 2 21 0 0 \
	831 2 28 0 0 \
	832 2 21 0 0 \
	881 2 14 1 0 \
	809 2 21 0 0 \
	806 2 21 0 0 \
	814 2 21 0 0 \
	807 2 21 0 0 \
	812 2 21 0 0 \
	811 2 21 0 0 \
	808 2 21 0 0 \
	863 2 14 0 0 \
	894 2 21 0 0 \
	885 2 14 0 0 \
	847 2 21 0 0 \
	886 2 14 0 0 \
	893 2 21 0 0 \
	888 2 21 0 0 \
	865 2 14 0 0 \
	851 2 21 0 0 \
	849 2 21 0 0 \
	904 2 21 0 0 \
	892 2 21 0 0 \
	891 2 21 0 0 \
	906 2 21 0 0 \
	887 2 21 0 0 \
	864 2 14 0 0 \
	889 2 21 0 0 \
	920 2 0 0 0 \
	922 0 0 0 0
 bh 9
 ra 70
 at 80
 df 106
 mi 58
CM
 im 1
 ma 1
 ca 60
 hs 1
 kw 1
 vp 6
 pl 77030
 ar 85846
MI
 ds Smith Erigadorn Ltd.
CO
 li use 813
 ar 0 0 0 0 0 0 0 813
 st 1
 us 813
 ue 1
 de 7
 pr 3

65879 char 0
na Mark Smith
il	1 6095 \
	68 5 \
	72 45 \
	75 49 \
	77 35 \
	79 27 \
	295 1
tl	2 94 966 4 0 0 0 0 \
	1 123436 11 37 0 0 0 0 \
	2 95 967 7 0 0 0 0
LI
 wh 57148
CH
 lo 55705
 he 100
 lk 2
 lr 1
 sl	610 2 21 3 0 \
	614 2 14 7 0 \
	611 2 28 0 0 \
	650 2 28 0 0 \
	654 2 28 12 0 \
	617 2 14 0 0
 bh 9
 bp 50
 at 80
 df 145
CO
 li study 617
 ar 617 0 0 0 0 0 0 0
 st 1
 ue 2
 de 7
 po 1
 pr 3

138896 char 0
na Transport II
il	12 6 \
	54 9
LI
 wh 40140
CH
 lo 55705
 he 100
 lk 1
 lr 400
 mo 7799
 bh 9
 bp 50
 at 80
 df 80
CO
 li fly w
 ar 0 4 23255 0 0 4 40140 0
 cs 2
 wa 2
 st 1
 de 2
 pr 2

