55734 player pl_regular
na House Sundar
il	1 5561
ad 1599 3634 3843 3920 5934 6344 50822 51992 52793 \
	54134 54422 54684 55734 59068 67810 69471 72381 77196 77218 78501 
CH
PL
 fn Yannick Menager
 em ym@ip.pt
 ve house.sundar@iname.com
 pw nooprah
 np 24
 ft 5
 lt 156
 kn 69 600 601 602 603 610 611 612 613 614 \
	615 616 617 630 631 632 633 634 635 639 641 \
	650 651 652 653 654 655 656 657 658 659 661 \
	670 671 672 673 674 680 682 700 701 702 703 \
	704 720 721 722 730 731 732 733 750 751 752 \
	753 754 756 800 801 802 803 804 805 806 807 \
	808 809 811 812 813 814 820 821 822 823 824 \
	825 826 827 828 829 831 832 833 840 841 842 \
	843 844 845 846 847 848 849 851 852 860 861 \
	862 863 864 865 866 867 868 869 871 872 880 \
	881 882 883 884 885 886 887 888 889 891 892 \
	893 894 900 902 903 904 905 906 907 908 909 \
	911 6205 8169 8589 9921 10010 10011 10012 10013 10014 10015 \
	10016 10017 10018 10019 10020 10021 10022 10023 10024 10025 10026 \
	10027 10028 10029 10108 10109 10110 10129 10206 10207 10208 10229 \
	10230 10239 10240 10241 10242 10243 10244 10245 10246 10247 10248 \
	10249 10250 10251 10252 10301 10302 10303 10304 10305 10306 10330 \
	10331 10339 10340 10341 10342 10343 10344 10345 10346 10347 10348 \
	10349 10350 10351 10352 10353 10354 10356 10357 10401 10431 10439 \
	10440 10441 10442 10443 10444 10445 10446 10447 10448 10449 10450 \
	10451 10452 10453 10454 10456 10457 10501 10530 10539 10540 10541 \
	10542 10543 10544 10545 10546 10547 10548 10549 10550 10551 10552 \
	10553 10554 10555 10556 10557 10601 10630 10639 10640 10641 10642 \
	10643 10644 10645 10646 10647 10648 10649 10650 10651 10652 10653 \
	10654 10655 10656 10657 10658 10701 10730 10731 10732 10733 10734 \
	10735 10736 10737 10738 10739 10741 10742 10743 10744 10745 10746 \
	10747 10748 10749 10750 10751 10752 10753 10754 10755 10756 10757 \
	10758 10801 10822 10823 10824 10825 10826 10827 10828 10829 10830 \
	10831 10842 10844 10845 10846 10847 10848 10849 10850 10851 10852 \
	10853 10854 10855 10856 10857 10858 10901 10920 10921 10922 10923 \
	10924 10925 10926 10927 10928 10929 10931 10942 10944 10945 10946 \
	10947 10948 10949 10950 10951 10952 10953 10954 10955 10956 10957 \
	10958 11001 11016 11017 11018 11019 11020 11021 11022 11023 11028 \
	11042 11044 11045 11046 11047 11048 11049 11050 11051 11052 11053 \
	11054 11055 11056 11057 11058 11101 11102 11114 11115 11116 11117 \
	11118 11119 11120 11121 11140 11141 11142 11144 11145 11146 11147 \
	11148 11149 11150 11151 11152 11153 11154 11155 11156 11157 11158 \
	11202 11210 11211 11212 11213 11214 11215 11216 11217 11239 11240 \
	11241 11242 11243 11244 11245 11246 11247 11248 11249 11250 11251 \
	11252 11253 11254 11255 11256 11257 11258 11302 11303 11307 11308 \
	11309 11310 11311 11312 11313 11314 11315 11344 11346 11347 11348 \
	11349 11350 11351 11352 11353 11354 11355 11356 11357 11358 11403 \
	11404 11405 11406 11407 11408 11409 11410 11411 11444 11457 11458 \
	11500 11501 11502 11503 11504 11505 11506 11507 11508 11544 11598 \
	11599 11644 11698 11744 11798 11844 11898 11944 11998 12042 12043 \
	12044 12098 12141 12142 12197 12198 12239 12240 12241 12297 12338 \
	12339 12340 12397 12437 12438 12497 12537 12597 12637 12697 12698 \
	12737 12798 12837 12898 12937 12938 12998 13037 13038 13098 13137 \
	13198 13233 13234 13235 13236 13237 13297 13298 13331 13332 13333 \
	13397 13400 13429 13430 13431 13497 13498 13499 13500 13501 13502 \
	13526 13527 13528 13529 13602 13603 13625 13626 13703 13725 13802 \
	13803 13825 13901 13902 13907 13925 14000 14001 14004 14005 14006 \
	14007 14008 14009 14010 14011 14012 14013 14014 14025 14100 14102 \
	14103 14104 14109 14110 14111 14112 14113 14114 14115 14123 14124 \
	14125 14200 14202 14203 14204 14207 14208 14209 14210 14211 14212 \
	14213 14214 14215 14216 14217 14218 14219 14220 14221 14222 14300 \
	14302 14304 14307 14308 14309 14310 14311 14312 14313 14314 14321 \
	14322 14400 14401 14402 14403 14404 14405 14406 14407 14408 14409 \
	14410 14411 14412 14414 14415 14416 14417 14418 14419 14420 14421 \
	14461 14462 14463 14499 14500 14501 14502 14503 14504 14505 14506 \
	14507 14508 14509 14510 14511 14514 14515 14518 14519 14599 14600 \
	14601 14602 14603 14604 14605 14606 14607 14608 14609 14610 14611 \
	14612 14613 14614 14615 14616 14617 14699 14700 14701 14702 14703 \
	14704 14705 14706 14707 14708 14709 14710 14711 14712 14713 14714 \
	14715 14716 14799 14800 14801 14803 14804 14805 14806 14807 14808 \
	14809 14810 14811 14812 14813 14814 14815 14899 14900 14901 14904 \
	14905 14906 14907 14908 14909 14910 14911 14912 14913 14914 14915 \
	14999 15000 15001 15002 15003 15004 15005 15006 15007 15008 15009 \
	15010 15011 15014 15015 15099 15100 15101 15102 15103 15104 15105 \
	15106 15107 15108 15109 15110 15111 15196 15197 15198 15199 15200 \
	15201 15202 15203 15205 15206 15207 15208 15209 15210 15295 15296 \
	15297 15298 15299 15300 15301 15302 15303 15305 15306 15307 15309 \
	15392 15393 15394 15395 15396 15397 15398 15399 15400 15401 15402 \
	15403 15405 15406 15492 15493 15494 15495 15496 15497 15498 15499 \
	15500 15501 15502 15503 15504 15505 15506 15592 15593 15594 15595 \
	15596 15597 15598 15599 15600 15601 15602 15603 15604 15605 15606 \
	15692 15693 15694 15695 15696 15697 15698 15699 15700 15701 15702 \
	15703 15704 15705 15706 15707 15792 15793 15794 15795 15796 15797 \
	15798 15799 15800 15801 15802 15803 15804 15805 15806 15807 15892 \
	15893 15894 15895 15896 15897 15898 15899 15900 15901 15902 15903 \
	15904 15905 15906 15907 15908 15909 15910 15923 15924 15925 15926 \
	15988 15989 15992 15993 15994 15995 15996 15997 15998 15999 16000 \
	16001 16002 16003 16004 16005 16006 16007 16008 16020 16021 16022 \
	16023 16026 16088 16089 16090 16091 16092 16093 16094 16095 16096 \
	16097 16098 16099 16100 16101 16102 16103 16104 16105 16106 16107 \
	16108 16109 16110 16112 16113 16115 16116 16120 16124 16125 16126 \
	16187 16188 16189 16190 16191 16192 16193 16194 16195 16196 16197 \
	16198 16199 16200 16201 16202 16203 16204 16205 16206 16207 16208 \
	16209 16212 16213 16215 16216 16220 16221 16222 16223 16224 16225 \
	16226 16287 16288 16289 16290 16291 16292 16293 16294 16295 16296 \
	16297 16298 16299 16300 16301 16302 16303 16304 16305 16306 16307 \
	16308 16309 16312 16313 16314 16315 16316 16320 16321 16389 16390 \
	16391 16392 16393 16394 16395 16396 16397 16398 16399 16400 16401 \
	16402 16403 16404 16405 16406 16407 16408 16409 16412 16413 16414 \
	16415 16416 16417 16420 16421 16487 16488 16489 16490 16491 16492 \
	16493 16494 16495 16496 16497 16498 16499 16500 16501 16502 16503 \
	16504 16505 16506 16507 16508 16509 16517 16518 16519 16520 16521 \
	16587 16588 16589 16590 16591 16592 16593 16594 16595 16596 16597 \
	16598 16599 16600 16601 16602 16603 16604 16605 16606 16607 16617 \
	16618 16683 16684 16685 16686 16687 16688 16689 16690 16691 16692 \
	16693 16694 16695 16696 16697 16698 16699 16700 16701 16702 16704 \
	16717 16718 16783 16787 16788 16789 16790 16791 16792 16793 16800 \
	16801 16802 16803 16804 16883 16884 16885 16886 16887 16900 16901 \
	16902 17000 17001 17002 17100 17101 17102 17200 17201 17202 17300 \
	17301 17302 17400 17401 17402 17500 17501 17502 17598 17599 46788 \
	56766 56806 57019 57088 57140 57200 57242 57397 57426 57553 57576 \
	57598 57622 57626 57643 57893 58014 58055 58057 58073 58225 58288 \
	58423 58485 58520 59040 59119 59556 59722 60789 61204 61768 62291 \
	63190 63297 63500 63838 65717 65749 66514 66764 67309 68544 68835 \
	70500 70517 70733 71616 71892 73072 73285 73388 73748 74206 74662 \
	75155 75506 76437 77158 77580 77987 102736 
 un 3843 6344 2458 5192 5152 
 uf 60974 70943 128575 143876 83286 
 am 2458 0 50822 54684 3920 52793 
 am 5152 0 1599 3582 3634 3843 3920 5934 50822 \
	51992 52793 54422 54684 67810 69471 78501 
 am 5192 0 50822 54684 3920 52793 
 am 6205 0 50822 54684 3920 52793 
 am 6344 0 1599 3582 3634 3843 3920 5934 50822 \
	51992 52793 54422 54684 67810 69471 78501 
CO
 li accept qn4 0 0
 ar 54294 0 0 0 0 0 0 0
 st 1

3843 char 0
na Malvoisine
il	1 298 \
	71209 1 \
	75091 1
LI
 wh 10658
CH
 lo 55734
 he 100
 lk 2
 lr 1
 sl	610 2 21 6 0 \
	630 2 28 0 0 \
	612 2 28 1 0 \
	616 2 14 12 0 \
	614 2 14 15 0 \
	617 2 14 0 0 \
	631 2 14 0 0 \
	639 2 21 0 0 \
	641 2 28 1 0 \
	635 2 28 0 0 \
	670 2 28 0 0 \
	671 2 14 0 0 \
	632 2 14 0 0 \
	633 2 14 3 0 \
	634 2 14 1 0 \
	672 2 21 0 0 \
	673 2 14 0 0 \
	674 2 21 0 0 \
	611 2 28 0 0
 at 130
 df 131
 ct 5134 9117 60856 
CM
 hs 1
 vp 7
CO
 li fly n
 ar 0 1 10658 0 0 4 10758 0
 st 1
 ue 1
 de 4
 pr 2

6344 char 0
na Captain Westmore
il	261 4 \
	120495 1 \
	125443 1
tl	2 87 9551 2 0 0 0 0 \
	2 94 9985 4 0 0 0 0
LI
 wh 14007
CH
 lo 55734
 he 100
 lk 2
 lr 1
 sl	700 2 21 0 0 \
	702 2 14 2 0 \
	600 2 21 0 0 \
	602 2 14 2 0 \
	601 2 14 117 0 \
	603 2 14 15 0 \
	730 2 21 0 0 \
	732 2 14 2 0 \
	733 2 14 2 0 \
	610 2 21 0 0 \
	612 2 28 1 0 \
	630 2 28 0 0 \
	635 2 28 0 0 \
	614 2 14 0 0
 at 80
 df 80
CM
 vp 3
MI
 ds House of Lords
CO
 li sail w
 ar 0 4 14009 0 0 3 14010 0
 st 1
 ue 1
 de 3
 pr 4

2458 char 0
na Sir Bors de Ganis
il	1 1 \
	271 16 \
	272 1 \
	279 1 \
	287 3 \
	291 2 \
	64705 1 \
	75506 1 \
	145614 1
LI
 wh 14408
CH
 lo 55734
 he 100
 lk 2
 lr 1
 sl	680 2 21 0 0 \
	682 2 14 23 0 \
	650 2 28 0 0 \
	654 2 28 13 0 \
	655 2 14 19 0 \
	656 2 14 9 0 \
	652 2 28 0 0 \
	653 2 28 0 0 \
	651 2 21 0 0 \
	658 2 21 0 0 \
	610 2 21 0 0 \
	616 2 14 2 0 \
	611 2 28 0 0 \
	661 2 21 1 0 \
	612 2 28 1 0 \
	617 2 14 0 0 \
	614 2 14 2 0 \
	657 2 21 18 0
 at 89
 df 89
MI
 ds Kingdom of Cragstan
CO
 li use 614
 ar 0 0 0 0 0 0 0 614
 st 1
 us 614
 ue 1
 de 7
 pr 3

5192 char 0
na Sir Ywaine
LI
 wh 14509
CH
 lo 55734
 he 100
 lk 2
 lr 1
 sl	610 2 21 54 0 \
	611 2 28 0 0 \
	680 2 21 9 0 \
	616 2 14 38 0 \
	617 2 14 46 0 \
	614 2 14 5 0 \
	612 2 28 1 0 \
	720 2 21 0 0 \
	721 2 14 46 0 \
	722 2 14 26 0 \
	613 2 14 0 0 \
	682 2 14 0 0 \
	615 2 21 0 0
 at 110
 df 98
 mi 50
MI
 ds Kingdom of Cragstan
CO
 li train 20 6
 ar 20 6 6 5 0 0 0 0
 ue 5
 de 5
 po 1
 pr 3

5152 char 0
na Mardeisk Sundar
LI
 wh 36677
CH
 lo 55734
 he 100
 lk 2
 lr 2
 sl	860 2 35 0 0 \
	862 2 14 1 0 \
	800 2 28 0 0 \
	840 2 35 0 0 \
	820 2 35 0 0 \
	802 2 14 61 0 \
	801 2 14 3 0 \
	880 2 42 0 0 \
	805 2 14 0 0 \
	803 2 14 8 0 \
	804 2 21 0 0 \
	821 2 21 0 0 \
	822 2 21 0 0 \
	610 2 21 4 0 \
	823 2 21 0 0 \
	824 2 21 0 0 \
	841 2 21 23 0 \
	861 2 14 0 0 \
	881 2 14 0 0 \
	832 2 21 0 0 \
	882 2 14 0 0 \
	833 2 21 0 0 \
	826 2 21 0 0 \
	825 2 21 1 0 \
	866 2 14 0 0 \
	865 2 14 0 0 \
	883 2 14 0 0 \
	863 2 14 3 0 \
	871 2 21 5 0 \
	872 2 21 3 0 \
	869 2 14 0 0 \
	868 2 21 0 0 \
	867 2 21 0 0 \
	809 2 21 0 0 \
	807 2 21 0 0 \
	813 2 21 18 0 \
	814 2 21 0 0 \
	630 2 28 0 0 \
	812 2 21 0 0 \
	829 2 21 2 0 \
	806 2 21 0 0 \
	811 2 21 0 0 \
	864 2 14 0 0 \
	641 2 28 1 0 \
	808 2 21 0 0 \
	831 2 28 0 0 \
	828 2 21 0 0 \
	827 2 21 0 0 \
	900 2 42 0 0 \
	907 0 0 0 0 \
	903 2 21 0 0 \
	902 2 21 0 0 \
	842 2 14 2 0 \
	843 2 21 0 0 \
	844 2 21 0 0 \
	845 2 21 0 0 \
	846 2 21 0 0 \
	847 2 21 0 0 \
	848 2 21 0 0 \
	849 2 21 2 0 \
	851 2 21 0 0 \
	911 2 21 2 0 \
	884 2 28 0 0 \
	885 2 14 0 0 \
	886 2 14 0 0 \
	887 2 21 0 0 \
	888 2 21 0 0 \
	889 2 21 0 0 \
	891 2 21 0 0 \
	892 1 7 0 0 \
	893 1 0 0 0 \
	894 1 0 0 0 \
	906 2 21 0 0 \
	909 2 21 0 0 \
	904 2 21 0 0 \
	908 0 0 0 0 \
	905 2 21 0 0 \
	852 2 21 0 0
 bh 9
 bp 50
 at 80
 df 30
 dt 224 8 6698
CM
 im 1
 ma 70
 ca 50
 hs 1
 kw 1
MI
 ds Kingdom of Cragstan
CO
 li use 813
 ar 0 0 0 0 0 0 0 813
 st 1
 us 813
 ue 3
 de 6
 pr 3

