55737 player pl_regular
na Clan Stormcloud
il	1 2225
CH
PL
 fn Mike Cofran
 em jdgbobr@io.com
 ve thunder@napanet.net
 pw zed
 np 5
 fs 24
 ft 2
 so 1
 lt 260
 kn 69 600 601 602 603 610 611 612 613 614 \
	615 616 617 630 631 632 650 651 652 653 654 \
	655 656 657 658 659 661 680 681 682 690 691 \
	700 701 702 703 704 720 721 722 723 730 731 \
	732 733 750 751 752 753 754 755 756 800 801 \
	802 803 804 805 806 807 808 809 811 812 813 \
	814 820 821 822 823 824 825 826 827 828 829 \
	831 832 833 840 841 842 843 844 845 846 847 \
	848 849 851 852 860 861 862 863 864 865 866 \
	867 868 869 871 872 880 881 882 883 884 885 \
	886 887 888 889 891 892 893 894 900 901 1004 \
	1008 2019 2739 2858 7498 8142 8484 9101 9717 15881 15882 \
	15978 15979 15980 15981 15982 16077 16078 16079 16082 16177 16178 \
	16182 16277 16282 16377 16382 16477 16482 16577 16578 16579 16580 \
	16581 16582 16675 16676 16677 16678 16682 16700 16774 16775 16777 \
	16778 16779 16780 16781 16782 16783 16784 16785 16786 16787 16788 \
	16789 16790 16791 16792 16793 16794 16795 16796 16797 16798 16799 \
	16800 16874 16878 16879 16888 16889 16890 16891 16892 16893 16899 \
	16900 16972 16973 16974 16978 16993 16994 16999 17000 17071 17072 \
	17073 17074 17075 17076 17077 17078 17094 17095 17096 17099 17100 \
	17165 17166 17167 17168 17169 17170 17171 17172 17178 17196 17197 \
	17199 17200 17265 17297 17298 17299 17300 17329 17330 17331 17332 \
	17333 17334 17335 17336 17337 17338 17339 17340 17341 17342 17343 \
	17365 17398 17399 17400 17429 17443 17452 17453 17454 17455 17456 \
	17457 17458 17459 17460 17461 17462 17463 17464 17465 17498 17499 \
	17500 17529 17543 17544 17545 17546 17547 17548 17549 17550 17551 \
	17552 17599 17600 17629 17699 17700 17729 17799 17800 17829 17899 \
	17900 17929 17930 17998 17999 18000 18030 18031 18097 18098 18099 \
	18100 18131 18132 18198 18199 18200 18232 18233 18298 18300 18333 \
	18396 18397 18398 18400 18433 18434 18496 18498 18500 18534 18535 \
	18596 18598 18599 18635 18636 18694 18695 18696 18698 18699 18736 \
	18737 18794 18798 18799 18837 18883 18884 18888 18889 18891 18892 \
	18893 18898 18899 18935 18936 18937 18982 18983 18984 18985 18986 \
	18987 18988 18989 18992 18994 18995 18996 18997 18998 18999 19035 \
	19079 19080 19081 19082 19085 19086 19087 19088 19089 19092 19094 \
	19098 19134 19135 19167 19168 19169 19170 19171 19172 19173 19174 \
	19175 19176 19177 19178 19179 19180 19181 19182 19183 19184 19185 \
	19186 19187 19188 19189 19190 19191 19192 19194 19198 19234 19263 \
	19264 19265 19266 19267 19268 19269 19270 19271 19272 19273 19274 \
	19275 19276 19277 19278 19279 19280 19281 19283 19284 19285 19286 \
	19287 19292 19294 19298 19333 19334 19359 19360 19361 19362 19363 \
	19364 19365 19366 19367 19368 19369 19370 19371 19372 19373 19374 \
	19375 19376 19377 19378 19379 19380 19381 19382 19383 19384 19385 \
	19386 19390 19391 19392 19394 19398 19433 19458 19459 19460 19461 \
	19462 19463 19464 19465 19466 19467 19468 19469 19470 19471 19472 \
	19473 19474 19475 19476 19477 19478 19479 19480 19481 19482 19483 \
	19484 19485 19486 19487 19489 19490 19491 19492 19493 19494 19498 \
	19533 19558 19559 19560 19561 19562 19563 19564 19565 19566 19567 \
	19568 19569 19570 19571 19572 19573 19574 19575 19576 19577 19578 \
	19579 19580 19581 19582 19583 19584 19585 19586 19587 19588 19589 \
	19590 19591 19598 19632 19633 19657 19658 19659 19660 19661 19662 \
	19663 19664 19665 19666 19667 19668 19669 19670 19671 19672 19673 \
	19674 19675 19676 19677 19678 19679 19680 19681 19682 19683 19684 \
	19685 19686 19687 19688 19698 19731 19732 19758 19759 19760 19761 \
	19762 19763 19764 19780 19781 19782 19783 19784 19785 19786 19787 \
	19798 19830 19831 19884 19885 19886 19887 19888 19889 19890 19891 \
	19892 19893 19894 19895 19896 19897 19898 19900 19901 19902 19903 \
	19904 19905 19906 19907 19908 19909 19910 19911 19912 19913 19914 \
	19915 19916 19917 19918 19919 19920 19921 19922 19923 19924 19925 \
	19926 19927 19928 19929 19930 19985 19986 19987 19988 19989 19990 \
	19991 19992 19993 19994 19995 19996 19997 19998 19999 20015 20638 \
	21406 21603 21670 22338 22614 22873 23267 24098 24746 24921 25339 \
	26854 27420 27988 28439 28517 28619 28742 28804 28922 29099 29671 \
	30349 30559 30623 30817 31995 33518 34099 34333 34545 35396 36745 \
	36748 37881 40166 40633 41114 41560 41972 42211 42365 42412 43186 \
	43498 44097 45675 46374 46490 46599 46652 46674 47763 48119 48983 \
	49080 49849 57062 57087 57189 57221 57293 57326 57371 57384 57456 \
	57829 57957 58054 58112 58331 58497 58673 58728 59833 60306 61110 \
	61161 61260 61315 61333 61601 63191 63364 63633 64771 65009 65063 \
	65383 65682 66151 66463 66812 68360 68465 68687 69135 69166 69882 \
	70158 70996 71708 73099 73203 73592 74006 74147 75191 75361 75564 \
	75856 75864 76041 77526 77705 78026 78256 78985 
 un 1792 9944 9651 4864 3363 9766 4231 8825 2491 \
	5901 6371 
 uf 73331 94437 82230 143673 141798 
 am 2739 0 51632 
CO
 li admit 2739 xj5 gh2
 ar 0 0 0 0 0 0 0 0
 st 1

1792 char 0
na Gragwise
il	1 836 \
	54 10 \
	282 88 \
	60931 1 \
	67958 1 \
	78985 1
tl	2 94 54 4 0 0 0 0
LI
 wh 19184
CH
 lo 55737
 he 100
 lk 2
 lr 2
 sl	800 2 28 0 0 \
	880 2 42 0 0 \
	860 2 35 0 0 \
	802 2 14 72 0 \
	610 2 21 0 0 \
	616 2 14 16 0 \
	612 2 28 1 0 \
	803 2 14 8 0 \
	801 2 14 0 0 \
	805 2 14 0 0 \
	804 2 21 0 0 \
	862 2 14 0 0 \
	861 2 14 0 0 \
	881 2 14 0 0 \
	820 2 35 0 0 \
	809 2 21 2 0 \
	821 2 21 0 0 \
	806 2 21 2 0 \
	814 2 21 0 0 \
	822 2 21 0 0 \
	823 2 21 0 0 \
	811 2 21 0 0 \
	824 2 21 0 0 \
	882 2 14 0 0 \
	883 2 14 0 0 \
	807 2 21 0 0 \
	813 2 21 4 0 \
	808 2 21 0 0 \
	812 2 21 0 0 \
	833 2 21 0 0 \
	825 2 21 0 0 \
	829 2 21 0 0 \
	831 2 28 0 0 \
	828 2 21 0 0 \
	832 2 21 0 0 \
	827 2 21 0 0 \
	826 2 21 0 0 \
	680 2 21 1 0 \
	614 2 14 5 0 \
	892 2 21 0 0 \
	894 2 21 0 0 \
	885 2 14 0 0 \
	888 2 21 1 0 \
	893 2 21 0 0 \
	891 2 21 0 0 \
	886 2 14 0 0 \
	887 2 21 1 0 \
	889 2 21 0 0 \
	884 2 28 0 0 \
	840 2 35 0 0 \
	867 2 21 0 0 \
	863 2 14 0 0 \
	864 2 14 0 0 \
	865 2 14 0 0 \
	868 2 21 0 0 \
	871 2 21 0 0 \
	872 2 21 0 0 \
	869 2 14 0 0 \
	866 2 14 0 0 \
	841 2 21 0 0 \
	849 2 21 0 0 \
	842 2 14 0 0 \
	847 2 21 0 0 \
	650 2 28 0 0 \
	845 2 21 0 0 \
	843 2 21 0 0 \
	844 2 21 0 0 \
	848 2 21 0 0 \
	846 2 21 1 0 \
	851 2 21 0 0 \
	852 2 21 0 0 \
	900 2 42 0 0 \
	901 2 28 0 0 \
	611 2 28 0 0 \
	654 2 28 12 0
 at 201
 df 116
CM
 im 1
 ma 67
 ca 107
 kw 1
CO
 li breed 54 54
 ar 54 54 0 0 0 0 0 0
 st 1
 ue 2
 de 6
 pr 3

9944 char 0
na Arkon
il	1 1994 \
	13 5 \
	16 105 \
	21 40 \
	22 19 \
	51 1 \
	52 1 \
	70 2 \
	84 5 \
	285 1 \
	295 1 \
	60944 1 \
	63010 1
tl	2 94 79 4 0 0 0 0 \
	2 95 65 4 0 0 0 0
LI
 wh 7498
CH
 lo 55737
 he 100
 lk 2
 lr 1
 sl	600 2 21 0 0 \
	610 2 21 46 0 \
	616 2 14 19 0 \
	602 2 14 1 0 \
	601 2 14 11 0 \
	612 2 28 1 0 \
	611 2 28 0 0 \
	614 2 14 18 0 \
	680 2 21 1 0 \
	750 2 35 3 0 \
	751 2 28 0 0 \
	755 2 28 0 0 \
	754 2 28 0 0 \
	752 2 28 1 0 \
	756 2 28 8 0 \
	753 2 21 1 0 \
	613 2 14 0 0 \
	615 2 21 5 0 \
	617 2 14 8 0 \
	603 2 14 0 0 \
	800 2 28 0 0 \
	690 2 28 0 0 \
	802 2 14 53 0 \
	801 2 14 0 0 \
	803 2 14 0 0 \
	804 2 21 0 0 \
	805 2 14 0 0 \
	691 2 21 0 0 \
	730 2 21 0 0
 ra 40
 at 171
 df 173
 mi 64
CM
 im 1
 ma 6
 ca 6
 vp 8
CO
 li seek
 ar 0 0 0 0 0 0 0 0
 st 1
 ue 3
 de 7
 po 1
 pr 3

9651 char 0
na Cutter
il	1 694
tl	2 95 57 7 0 0 0 0
LI
 wh 19186
CH
 lo 55737
 he 100
 lk 2
 lr 1
 sl	610 2 21 0 0 \
	611 2 28 0 0 \
	612 2 28 1 0 \
	614 2 14 0 0
 bp 50
 at 80
 df 80
CO
 li seek
 ar 0 0 0 0 0 0 0 0
 st 1
 ue 1
 de 7
 po 1
 pr 3

4864 char 0
na Durnak
il	1 1696 \
	11 3 \
	54 28 \
	77 3
LI
 wh 4061
CH
 lo 55737
 he 100
 lk 2
 lr 1
 sl	610 2 21 7 0 \
	720 2 21 0 0 \
	700 2 21 0 0 \
	702 2 14 15 0 \
	721 2 14 39 0 \
	611 2 28 0 0 \
	722 2 14 47 0 \
	612 2 28 1 0 \
	723 2 14 17 0 \
	616 2 14 5 0 \
	680 2 21 4 0 \
	682 2 14 1 0 \
	613 2 14 0 0 \
	703 2 14 10 0 \
	701 2 14 0 0 \
	617 2 14 0 0 \
	615 2 21 0 0 \
	614 2 14 8 0 \
	681 2 14 0 0 \
	650 2 28 0 0 \
	654 2 28 12 0
 at 110
 df 135
 mi 50
CO
 li breed 54 54
 ar 54 54 0 0 0 0 0 0
 st 1
 ue 2
 de 6
 pr 3

3363 char 0
na Roland
il	1 8915 \
	15 100 \
	17 53 \
	20 1 \
	22 6 \
	72 9 \
	73 16 \
	74 16 \
	75 60 \
	77 20 \
	79 105 \
	282 103 \
	295 4
LI
 wh 2739
CH
 lo 55737
 he 100
 lk 2
 lr 1
 sl	700 2 21 0 0 \
	610 2 21 22 0 \
	614 2 14 7 0 \
	616 2 14 45 0 \
	702 2 14 0 0 \
	612 2 28 1 0 \
	704 2 14 0 0 \
	680 2 21 2 0 \
	650 2 28 0 0 \
	611 2 28 0 0 \
	653 2 28 0 0 \
	654 2 28 141 0 \
	652 2 28 0 0 \
	651 2 21 0 0 \
	655 2 14 0 0 \
	617 2 14 25 0 \
	656 2 14 0 0 \
	615 2 21 7 0 \
	613 2 14 0 0 \
	681 2 14 0 0 \
	682 2 14 0 0
 ra 70
 at 235
 df 110
 mi 58
CM
 vp 6
CO
 li seek
 ar 0 0 0 0 0 0 0 0
 st 1
 ue 2
 de 7
 po 1
 pr 3

9766 char 0
na Juaquim
il	1 1171 \
	282 38
LI
 wh 19372
CH
 lo 55737
 he 100
 lk 2
 lr 1
 sl	610 2 21 0 0 \
	611 2 28 0 0 \
	612 2 28 1 0 \
	613 2 14 0 0 \
	650 2 28 0 0 \
	654 2 28 12 0
 at 80
 df 80
CO
 li seek
 ar 0 0 0 0 0 0 0 0
 st 1
 ue 1
 de 7
 po 1
 pr 3

4231 char 0
na Klaus Thunder
il	1 7824 \
	54 7 \
	82 5 \
	282 63 \
	63536 1 \
	71782 1 \
	75586 1 \
	76303 1 \
	78075 1 \
	113159 1 \
	113720 1 \
	119206 1 \
	122358 1 \
	145292 1
LI
 wh 22873
 hl 8825 7489 
CH
 lo 55737
 he 100
 lk 2
 lr 2
 sl	600 2 21 0 0 \
	601 2 14 2 0 \
	610 2 21 44 0 \
	730 2 21 0 0 \
	614 2 14 4 0 \
	616 2 14 17 0 \
	612 2 28 1 0 \
	732 2 14 8 0 \
	650 2 28 0 0 \
	651 2 21 0 0 \
	654 2 28 112 0 \
	652 2 28 0 0 \
	653 2 28 0 0 \
	731 2 14 0 0 \
	733 2 14 5 0 \
	611 2 28 0 0 \
	630 2 28 0 0 \
	631 2 14 0 0 \
	632 2 14 0 0 \
	655 2 14 0 0 \
	656 2 14 0 0
 at 162
 df 105
CO
 li breed 282 282
 ar 282 282 0 0 0 0 0 0
 st 1
 ue 1
 de 6
 pr 3

8825 char 0
na Joshua
il	1 485 \
	282 52
tl	2 95 84 7 0 0 0 0 \
	2 94 84 4 0 0 0 0
LI
 wh 4231
CH
 lo 55737
 he 100
 lk 2
 lr 1
 sl	610 2 21 22 0 \
	611 2 28 0 0 \
	612 2 28 1 0 \
	613 2 14 0 0 \
	614 2 14 0 0 \
	615 2 21 0 0 \
	650 2 28 0 0 \
	651 2 21 0 0 \
	652 2 28 0 0 \
	653 2 28 0 0 \
	654 2 28 46 0
 at 80
 df 80
 mi 50
CO
 li breed 282 282
 ar 282 282 0 0 0 0 0 0
 st 1
 ue 1
 de 6
 pr 3

2491 char 0
na Benin
il	282 118 \
	78041 1 \
	79394 1
LI
 wh 43186
 hl 5901 
CH
 lo 55737
 he 100
 lk 2
 lr 1
 sl	610 2 21 26 0 \
	616 2 14 21 0 \
	650 2 28 0 0 \
	654 2 28 96 0 \
	612 2 28 1 0 \
	653 2 28 0 0 \
	652 2 28 0 0 \
	611 2 28 0 0 \
	614 2 14 4 0 \
	613 2 14 0 0 \
	651 2 21 0 0 \
	655 2 14 0 0 \
	656 2 14 0 0 \
	615 2 21 0 0 \
	680 1 14 0 0 \
	630 2 28 0 0 \
	730 1 7 0 0
 at 216
 df 106
 mi 50
CM
 vp 1
CO
 li breed 282 282
 ar 282 282 0 0 0 0 0 0
 ue 1
 de 6
 pr 3

5901 char 0
na Blastorr
il	1 499 \
	54 5 \
	68 11 \
	72 9 \
	77 3 \
	282 89
tl	2 94 52 4 0 0 0 0
LI
 wh 2491
CH
 lo 55737
 he 100
 lk 2
 lr 1
 sl	680 2 21 1 0 \
	610 2 21 29 0 \
	614 2 14 2 0 \
	616 2 14 28 0 \
	682 2 14 33 0 \
	612 2 28 1 0 \
	611 2 28 0 0 \
	650 2 28 0 0 \
	654 2 28 59 0 \
	653 2 28 0 0 \
	652 2 28 0 0 \
	651 2 21 0 0 \
	655 2 14 18 0 \
	700 2 21 0 0 \
	702 2 14 5 0 \
	701 2 14 0 0 \
	703 2 14 0 0 \
	658 2 21 0 0 \
	659 2 21 0 0 \
	661 2 21 4 0 \
	657 2 21 30 0
 at 225
 df 102
CO
 li breed 282 282
 ar 282 282 0 0 0 0 0 0
 st 1
 ue 4
 de 6
 pr 3

6371 char 0
na Halmir
il	1 32955 \
	54 66 \
	69 1 \
	282 32
tl	2 94 18 4 0 0 0 0
LI
 wh 66463
CH
 lo 55737
 he 100
 lk 2
 lr 1
 sl	610 2 21 30 0 \
	650 2 28 0 0 \
	611 2 28 0 0 \
	612 2 28 2 0 \
	613 2 14 0 0 \
	614 2 14 0 0 \
	615 2 21 0 0 \
	616 2 14 1 0 \
	651 2 21 0 0 \
	617 2 14 0 0 \
	652 2 28 0 0 \
	653 2 28 0 0 \
	654 2 28 52 0
 ra 10
 at 90
 df 80
 mi 50
CO
 li breed 282 282
 ar 282 282 0 0 0 0 0 0
 st 1
 ue 1
 de 6
 pr 3

