55749 player pl_regular
na Bloodhook Island Refugees
il	1 3504 \
	77 10
ad 51167 51454 51478 52468 52606 53436 54524 54636 55184 \
	55374 55526 55713 55749 56136 56183 56406 56542 
CH
PL
 fn Graeme Anderson
 em graeme.anderson@optimay.com,a0420773@addcom.de
 ve graeme.anderson@optimay.com
 pw yamitpo
 np 2
 ft 38
 nt 1
 so 1
 lt 260
 kn 69 600 601 602 603 610 611 612 613 614 \
	615 616 617 630 631 632 633 634 635 636 637 \
	639 641 650 651 652 653 654 655 656 657 658 \
	659 670 671 672 675 680 681 682 690 691 692 \
	693 695 696 700 701 702 703 704 705 706 720 \
	721 722 723 730 731 732 733 750 751 752 753 \
	754 755 756 800 801 802 803 804 805 806 807 \
	808 809 811 812 813 814 820 821 822 823 824 \
	825 826 827 828 829 831 832 833 840 841 842 \
	843 844 845 846 847 848 849 851 852 860 861 \
	862 863 864 865 866 867 868 869 871 872 880 \
	881 882 883 884 885 886 887 888 889 891 892 \
	893 894 900 901 902 903 904 905 906 907 908 \
	909 911 920 921 922 1447 1771 2804 3799 5508 6484 \
	6655 6782 8169 9269 10048 10049 10139 10140 10141 10142 10143 \
	10144 10145 10146 10147 10148 10149 10150 10151 10152 10153 10154 \
	10155 10239 10255 10337 10338 10339 10355 10437 10455 10456 10537 \
	10555 10556 10637 10655 10656 10657 10658 10659 10737 10738 10758 \
	10759 10838 10839 10840 10940 11040 11140 11141 11142 11242 11243 \
	11343 11344 11444 11445 11545 11633 11645 11732 11733 11745 11832 \
	11833 11845 11931 11932 11933 11945 12031 12033 12044 12045 12133 \
	12143 12144 12233 12242 12243 12333 12341 12342 12425 12426 12433 \
	12437 12438 12439 12440 12441 12525 12526 12527 12528 12529 12530 \
	12533 12534 12535 12536 12537 12538 12617 12628 12629 12630 12631 \
	12632 12633 12634 12635 12638 12713 12714 12716 12717 12727 12728 \
	12729 12730 12731 12732 12733 12734 12735 12738 12805 12806 12807 \
	12813 12814 12815 12816 12817 12827 12828 12829 12830 12831 12834 \
	12835 12838 12905 12906 12907 12908 12909 12913 12914 12915 12916 \
	12917 12926 12927 12928 12929 12930 12931 12932 12933 12934 12938 \
	13005 13006 13007 13009 13010 13013 13014 13015 13017 13018 13019 \
	13020 13021 13022 13023 13024 13025 13026 13027 13028 13029 13038 \
	13104 13105 13106 13107 13108 13109 13110 13111 13112 13113 13114 \
	13115 13116 13117 13118 13119 13120 13121 13122 13123 13124 13125 \
	13126 13127 13128 13129 13130 13131 13132 13136 13137 13138 13204 \
	13205 13206 13207 13208 13209 13210 13211 13212 13213 13214 13215 \
	13217 13218 13219 13220 13221 13222 13223 13224 13225 13226 13227 \
	13228 13236 13305 13306 13307 13308 13313 13315 13317 13324 13326 \
	13327 13328 13332 13333 13334 13335 13336 13407 13408 13413 13415 \
	13417 13424 13425 13426 13427 13428 13430 13431 13432 13433 13508 \
	13513 13514 13515 13516 13517 13524 13527 13528 13529 13530 13533 \
	13613 13623 13624 13625 13626 13627 13628 13629 13630 13631 13632 \
	13633 13664 13665 13666 13667 13668 13669 13670 13671 13672 13713 \
	13723 13724 13725 13726 13727 13728 13729 13730 13731 13732 13733 \
	13764 13772 13811 13813 13814 13815 13816 13817 13818 13819 13820 \
	13821 13822 13823 13824 13825 13826 13827 13828 13829 13830 13864 \
	13871 13872 13873 13911 13912 13913 13914 13915 13916 13917 13918 \
	13919 13920 13921 13922 13923 13924 13925 13926 13927 13928 13964 \
	13971 13972 13973 14012 14015 14016 14017 14018 14022 14023 14024 \
	14025 14026 14027 14059 14062 14063 14064 14068 14069 14070 14071 \
	14072 14073 14112 14113 14115 14118 14122 14123 14124 14126 14127 \
	14128 14159 14160 14161 14162 14163 14164 14168 14213 14214 14215 \
	14218 14222 14223 14224 14225 14226 14227 14228 14259 14261 14262 \
	14263 14264 14265 14266 14267 14268 14313 14314 14315 14316 14317 \
	14318 14322 14323 14324 14325 14326 14331 14332 14333 14334 14335 \
	14336 14337 14338 14339 14340 14341 14342 14343 14344 14345 14346 \
	14347 14348 14349 14350 14351 14359 14364 14368 14414 14415 14416 \
	14418 14421 14422 14423 14424 14426 14427 14428 14429 14431 14432 \
	14433 14434 14451 14459 14464 14468 14514 14515 14518 14522 14523 \
	14524 14525 14526 14529 14531 14532 14534 14551 14559 14564 14568 \
	14614 14615 14616 14617 14626 14632 14634 14651 14659 14664 14668 \
	14712 14713 14714 14715 14726 14732 14733 14734 14751 14759 14760 \
	14761 14764 14768 14812 14813 14814 14815 14826 14827 14851 14861 \
	14862 14863 14864 14865 14866 14867 14868 14910 14911 14912 14913 \
	14914 14927 14928 14951 14963 14964 14965 15010 15011 15028 15051 \
	15064 15065 15106 15107 15108 15109 15110 15126 15127 15128 15151 \
	15164 15165 15204 15205 15206 15209 15210 15226 15251 15264 15265 \
	15304 15306 15318 15319 15320 15321 15322 15323 15324 15325 15326 \
	15351 15364 15365 15401 15402 15403 15404 15406 15418 15451 15464 \
	15465 15466 15501 15506 15518 15551 15564 15565 15566 15601 15606 \
	15613 15614 15615 15616 15617 15618 15651 15652 15653 15663 15664 \
	15665 15666 15701 15702 15706 15707 15713 15753 15763 15764 15765 \
	15766 15802 15803 15807 15808 15809 15813 15853 15862 15863 15864 \
	15866 15867 15868 15869 15903 15904 15905 15909 15913 15953 15954 \
	15962 15964 15965 15966 15967 15968 15969 15970 15971 15972 15973 \
	16005 16006 16009 16013 16052 16053 16054 16055 16056 16057 16058 \
	16059 16060 16061 16062 16063 16064 16065 16066 16067 16068 16069 \
	16070 16071 16072 16073 16074 16075 16106 16109 16113 16152 16153 \
	16156 16157 16158 16159 16160 16161 16162 16163 16164 16165 16166 \
	16167 16168 16169 16170 16175 16176 16206 16209 16210 16211 16212 \
	16213 16252 16253 16262 16263 16264 16265 16266 16267 16268 16269 \
	16270 16275 16276 16306 16307 16310 16352 16353 16354 16362 16363 \
	16364 16365 16366 16367 16368 16369 16370 16373 16374 16375 16376 \
	16407 16408 16409 16410 16452 16454 16455 16456 16457 16458 16459 \
	16460 16461 16462 16463 16464 16465 16466 16467 16468 16469 16470 \
	16471 16472 16473 16474 16476 16510 16511 16552 16553 16554 16555 \
	16557 16559 16560 16561 16562 16563 16564 16565 16566 16567 16568 \
	16569 16570 16571 16572 16573 16574 16576 16610 16611 16654 16655 \
	16656 16657 16658 16659 16660 16661 16662 16663 16664 16665 16666 \
	16667 16668 16669 16670 16671 16672 16673 16674 16675 16676 16677 \
	16678 16710 16711 16754 16755 16756 16757 16758 16759 16760 16761 \
	16762 16763 16764 16765 16766 16767 16768 16769 16771 16772 16773 \
	16774 16775 16856 16857 16858 16859 16860 16861 16862 16863 16864 \
	16865 16866 16867 16868 16869 16870 16871 16874 16875 16936 16937 \
	16950 16951 16952 16953 16954 16955 16956 16957 16958 16959 16960 \
	16961 16962 16963 16964 16965 16966 16967 16968 16974 16975 17036 \
	17037 17038 17039 17040 17054 17056 17057 17058 17059 17060 17061 \
	17062 17063 17064 17065 17066 17067 17073 17074 17075 17136 17140 \
	17154 17155 17156 17157 17158 17159 17160 17161 17162 17163 17164 \
	17165 17166 17167 17168 17169 17170 17171 17172 17173 17175 17228 \
	17229 17230 17231 17232 17233 17234 17235 17236 17240 17255 17256 \
	17260 17263 17264 17265 17266 17267 17268 17269 17270 17271 17272 \
	17273 17274 17275 17328 17340 17352 17353 17354 17355 17363 17364 \
	17365 17366 17367 17368 17371 17372 17373 17375 17428 17440 17441 \
	17442 17443 17444 17445 17446 17447 17448 17449 17452 17463 17464 \
	17465 17466 17467 17468 17469 17470 17471 17472 17473 17474 17475 \
	17476 17477 17478 17479 17480 17481 17482 17483 17484 17528 17549 \
	17550 17551 17552 17563 17567 17571 17572 17573 17574 17575 17576 \
	17577 17578 17579 17580 17581 17582 17583 17584 17585 17586 17587 \
	17625 17626 17627 17628 17651 17652 17663 17664 17666 17667 17671 \
	17675 17676 17677 17678 17679 17680 17681 17682 17683 17686 17687 \
	17725 17751 17752 17763 17764 17765 17766 17767 17768 17769 17770 \
	17771 17786 17787 17789 17825 17863 17864 17886 17887 17888 17889 \
	17925 17926 17961 17962 17963 17986 17987 17988 17989 18026 18027 \
	18028 18046 18047 18048 18049 18050 18051 18052 18053 18054 18055 \
	18056 18057 18058 18059 18060 18061 18086 18088 18128 18146 18186 \
	18187 18188 18228 18235 18286 18287 18328 18329 18330 18335 18385 \
	18386 18387 18430 18431 18435 18531 18535 18631 18632 18635 18636 \
	18732 18733 18736 18833 18834 18835 18836 18837 18936 18937 19036 \
	19037 19136 19137 19236 19237 19336 19337 19436 19437 19438 19439 \
	19533 19534 19535 19536 19537 19631 19632 19633 19636 19728 19729 \
	19730 19731 19736 19828 19834 19835 19836 19837 19838 19928 19929 \
	19930 19931 19932 19933 19934 19938 20025 20638 20749 20757 21324 \
	21379 21651 22169 22631 23150 23192 23635 23713 23754 24173 24174 \
	24202 24245 24338 24495 24864 25393 25553 26763 27651 28036 28599 \
	29236 29330 29687 29778 29942 30319 30661 30740 31321 31374 31675 \
	32131 32192 32568 32695 32992 33350 33608 34371 35238 35291 35520 \
	35535 35769 36118 36272 36531 37180 37260 37323 38540 39511 39600 \
	40095 40355 40399 40684 40704 41176 41398 41500 42031 42360 43345 \
	43486 43634 44210 44411 44610 44620 44678 44816 44939 45450 45675 \
	45926 45952 46231 46297 46315 46963 46980 47429 48806 49091 49219 \
	49456 49980 56761 56762 56780 56782 56827 56867 56949 56958 56959 \
	57001 57067 57088 57140 57143 57224 57242 57294 57355 57371 57380 \
	57389 57401 57497 57537 57540 57544 57553 57568 57572 57602 57652 \
	57675 57689 57744 57747 57797 57826 57842 57870 57896 57904 57934 \
	57950 57978 58031 58056 58057 58112 58137 58139 58165 58269 58270 \
	58278 58335 58338 58349 58380 58408 58423 58427 58446 58592 58600 \
	58665 58670 58717 58728 59066 59168 59218 59278 59351 59457 59567 \
	59691 59744 60097 60129 60360 60374 60561 60678 60914 61214 61377 \
	61631 61816 61904 62123 62218 62328 62346 62391 62565 62585 62626 \
	62797 62802 62899 63131 63164 63269 63317 63364 63373 63378 63748 \
	63842 63869 63879 63901 63975 64359 64397 64458 64813 64869 65018 \
	65088 65264 65274 65358 65396 65502 65537 65616 65662 65673 65690 \
	65700 65726 65901 66107 66127 66565 66716 66879 66924 67089 67157 \
	67240 67291 67355 67396 67455 67572 67723 67763 67784 68232 68313 \
	68462 68558 68582 68682 68852 68925 68948 68956 69210 69227 69484 \
	69532 69630 69744 69883 70010 70110 70132 70171 70210 70229 70268 \
	70357 70447 70480 70487 70605 70639 70864 71243 71393 71441 71599 \
	71615 71632 71727 71735 71745 71762 71853 71874 72227 72791 72806 \
	72833 72999 73115 73197 73395 73841 73871 73955 74061 74180 74498 \
	74532 74587 74666 74979 74986 75610 75762 75832 75846 75864 76279 \
	76296 76365 76775 76788 76938 77036 77143 77264 77278 77358 77381 \
	77471 77546 77582 77679 77737 77786 77866 78009 78026 78050 78086 \
	78151 78304 78402 78480 78507 78557 78629 78641 78648 78713 78719 \
	78816 105688 107642 108889 113579 118379 122616 124859 125030 125401 127455 \
	128186 133092 134100 138450 139379 143150 
 un 9569 9625 83628 98053 5971 144966 5170 95035 2485 \
	112260 3750 5277 82934 96672 148990 8478 5490 94957 
 uf 149797 123352 127787 128087 126961 
 am 2485 0 53436 
 am 2804 0 53436 
 am 3750 0 53436 
 am 3799 0 53436 
 am 5170 0 53436 
 am 5277 0 53436 
 am 5490 0 53436 
 am 5971 0 53436 
 am 6655 0 53436 
 am 8478 0 53436 
 am 9569 0 53436 
 am 9625 0 53436 
 am 64359 0 53436 
 am 82934 0 53436 
 am 83628 0 53436 
 am 94957 0 53436 
 am 96672 0 53436 
 am 112260 0 53436 
 am 144966 0 50106 50765 51167 51176 51305 51516 51896 \
	53436 56183 55749 56406 56754 
 am 148990 0 53436 
CO
 li accept 0 0
 ar 0 0 0 0 0 0 0 0
 st 1

9569 char 0
na Baldric
il	1 3415 \
	11 5 \
	12 19 \
	16 45 \
	19 8 \
	54 1 \
	261 1 \
	59160 1 \
	110238 1
LI
 wh 133092
CH
 lo 55749
 he 100
 lk 3
 lr 101
 sl	610 2 21 48 0 \
	612 2 28 1 0 \
	617 2 14 32 0 \
	600 2 21 0 0 \
	602 2 14 0 0 \
	601 2 14 67 0 \
	630 2 28 0 0 \
	730 2 21 0 0 \
	732 2 14 1 0 \
	733 2 14 0 0 \
	641 2 28 1 0 \
	616 2 14 2 0 \
	631 2 14 0 0 \
	637 2 21 0 0 \
	636 2 14 0 0 \
	639 2 21 0 0 \
	731 2 14 0 0 \
	603 2 14 0 0 \
	700 2 21 0 0 \
	702 2 14 1 0 \
	703 2 14 0 0 \
	706 2 14 0 0 \
	611 2 28 0 0 \
	634 2 14 1 0
 at 80
 df 80
CM
 hs 1
MI
 ds I have a cunning plan, M'lord
CO
 li sail n
 ar 0 1 13333 0 0 3 13433 0
 cs 2
 wa 2
 st 1
 ue 1
 de 1
 pr 4

9625 char 0
na Cinder Firewater
il	1 2747 \
	10 10 \
	11 3 \
	12 6 \
	16 36 \
	19 8 \
	20 8 \
	54 3 \
	69 3 \
	74 92 \
	261 4 \
	104547 1 \
	122616 1 \
	122665 1 \
	138657 1
LI
 wh 59744
CH
 lo 96672
 pl 54112
 he 100
 lk 3
 lr 69
 sl	610 2 21 34 0 \
	600 2 21 0 0 \
	612 2 28 1 0 \
	601 2 14 104 0 \
	617 2 14 13 0 \
	615 2 21 0 0 \
	630 2 28 0 0 \
	602 2 14 2 0 \
	603 2 14 2 0 \
	616 2 14 3 0 \
	680 2 21 0 0 \
	690 2 28 0 0 \
	681 2 14 0 0 \
	633 2 14 0 0 \
	611 2 28 0 0 \
	730 2 21 0 0 \
	733 2 14 0 0 \
	632 2 14 0 0
 at 80
 df 80
 mi 50
MI
 ds Confederation Captain
CO
 li quest
 ar 0 0 0 0 0 0 0 0
 cs 2
 wa 5
 st 1
 ue 1
 de 2
 pr 3

83628 char ni
na Skull Duggery
il	1 200 \
	54 1
LI
 wh 57140
CH
 ni 33
 lo 55749
 he -1
 lk 4
 bh 9
 at 60
 df 60
CM
 ot 122616
MI
 ca r
CO
 li seek
 ar 0 0 0 0 0 0 0 0
 wa 7
 st 1
 po 1
 pr 3

98053 char ni
il	54 1
LI
 wh 57537
CH
 ni 34
 lo 55749
 pl 53436
 he -1
 lk 4
 at 60
 df 60
CM
 ot 63975
MI
 ca r
CO
 li seek
 ar 0 0 0 0 0 0 0 0
 cs 2
 wa 5
 st 1
 de 2
 po 1
 pr 3

5971 char 0
na Sir Roses of DeLiffer
il	1 5009 \
	54 2 \
	8116 1 \
	61233 1
LI
 wh 67396
CH
 lo 96672
 pl 53436
 he 100
 lk 3
 lr 70
 sl	630 2 28 0 0 \
	610 2 21 0 0 \
	641 2 28 2 0 \
	750 2 35 1 0 \
	751 2 28 11 0 \
	752 2 28 2 0 \
	756 2 28 27 0 \
	753 2 21 12 0 \
	754 2 28 2 0 \
	755 2 28 0 0 \
	611 2 28 0 0 \
	617 2 14 3 0 \
	635 2 28 0 0 \
	634 2 14 0 0
 bp 50
 at 80
 df 80
CM
 hs 1
 pr 1
 vp 6
 vi 4656 5404 5681 6196 7360 7624 8478 65543 78537 128218 \
	137813 144966 
CO
 li use 754 8116
 ar 754 8116 0 0 0 0 0 0
 wa -1
 st 1
 ue 1
 po 1
 pr 3

144966 char 0
na Sturm Soldat
il	1 1775 \
	54 1 \
	91946 1
LI
 wh 14529
CH
 lo 55749
 he 100
 lk 3
 lr 28
 sl	820 2 35 0 0 \
	630 2 28 0 0 \
	641 2 28 1 0 \
	833 2 21 0 0 \
	828 2 21 0 0 \
	829 2 21 0 0 \
	831 2 28 0 0 \
	825 2 21 0 0 \
	827 2 21 0 0 \
	821 2 21 0 0 \
	822 2 21 0 0 \
	823 2 21 0 0 \
	824 2 21 0 0 \
	700 1 0 0 0 \
	832 2 21 0 0 \
	880 2 42 0 0 \
	881 2 14 1 0 \
	882 2 14 0 0 \
	883 2 14 0 0 \
	885 2 14 0 0 \
	887 2 21 0 0 \
	888 2 21 0 0 \
	891 2 21 0 0 \
	893 2 21 0 0 \
	892 2 21 1 0 \
	886 2 14 0 0 \
	894 2 21 0 0 \
	884 2 28 0 0 \
	889 2 21 0 0 \
	826 2 21 0 0 \
	920 2 0 0 0 \
	610 2 21 0 0 \
	611 1 14 0 0 \
	921 0 0 0 0 \
	922 2 28 0 0 \
	614 1 0 0 0
 mo 7800
 bp 50
 at 80
 df 30
 dt 250 25 7495
CM
 im 1
 ma 2
 ca 25
 hs 1
 kw 1
 vp 11
 ar 91946
CO
 li fly e
 ar 0 2 14530 0 0 3 14529 0
 cs 2
 wa 2
 st 1
 ue 1
 de 1
 pr 2

5170 char 0
na Oledema Firstborn
il	1 22100 \
	54 4 \
	63975 1 \
	127309 1
LI
 wh 14531
CH
 lo 55749
 he 100
 lk 2
 lr 2
 sl	610 2 21 28 0 \
	615 2 21 11 0 \
	617 2 14 12 0 \
	616 2 14 17 0 \
	650 2 28 0 0 \
	655 2 14 1 0 \
	652 2 28 0 0 \
	656 2 14 1 0 \
	654 2 28 50 0 \
	653 2 28 0 0 \
	612 2 28 1 0 \
	659 2 21 0 0 \
	900 2 42 0 0 \
	911 2 21 0 0 \
	908 2 28 2 0 \
	909 2 21 5 0 \
	657 2 21 11 0 \
	658 2 21 0 0 \
	901 2 28 0 0 \
	800 2 0 0 0 \
	700 2 0 0 0 \
	730 2 0 0 0 \
	840 2 0 0 0 \
	630 2 0 0 0 \
	880 2 0 0 0 \
	860 2 0 0 0 \
	820 2 0 0 0 \
	920 2 0 0 0 \
	732 2 0 0 0 \
	733 2 0 0 0 \
	641 2 0 3 0 \
	614 2 0 0 0 \
	922 2 0 18 0 \
	921 2 0 5 0 \
	861 2 14 0 0 \
	902 2 21 0 0 \
	680 2 0 0 0 \
	670 2 0 0 0 \
	639 2 0 0 0 \
	802 2 0 0 0 \
	803 2 0 0 0 \
	801 2 0 0 0 \
	805 2 0 0 0 \
	804 2 0 0 0 \
	841 2 0 0 0 \
	845 2 0 0 0 \
	848 2 0 0 0 \
	847 2 0 1 0 \
	849 2 0 0 0 \
	852 2 0 0 0 \
	842 2 0 0 0 \
	843 2 0 0 0 \
	844 2 0 0 0 \
	846 2 0 0 0 \
	806 2 0 3 0 \
	807 2 0 0 0 \
	811 2 0 0 0 \
	808 2 0 0 0 \
	809 2 0 0 0 \
	812 2 0 0 0 \
	813 2 0 2 0 \
	814 2 0 0 0 \
	851 2 0 0 0 \
	702 2 0 0 0 \
	706 2 0 0 0 \
	682 2 0 0 0 \
	613 2 0 0 0 \
	703 2 0 0 0 \
	704 2 0 0 0 \
	705 2 0 0 0 \
	731 2 0 0 0 \
	631 2 0 0 0 \
	671 2 0 0 0 \
	672 2 0 0 0 \
	701 2 0 0 0 \
	881 2 14 0 0 \
	611 2 28 0 0 \
	862 2 14 6 0 \
	903 2 21 1 0 \
	829 2 21 4 0 \
	828 2 21 0 0 \
	882 2 14 0 0 \
	904 2 21 0 0 \
	905 2 21 0 0 \
	906 2 21 0 0 \
	907 2 21 0 0 \
	831 2 28 0 0 \
	833 1 0 0 0 \
	832 2 21 1 0 \
	826 1 0 0 0 \
	825 2 21 0 0 \
	827 1 0 0 0
 mo 7800
 ra 70
 at 106
 df 80
 mi 171
 ct 53436 53436 53436 53436 53436 53436 53436 
CM
 im 1
 ma 39
 ca 12
 hs 1
 kw 1
 vp 5
 ar 127309
MI
 ds Prince of the Rising Sun
CO
 li fly n
 ar 0 1 14431 0 0 3 14531 0
 cs 2
 wa 2
 st 1
 ue 1
 de 1
 pr 2

95035 char 0
na Flucht
il	1 851 \
	54 5
LI
 wh 9519
CH
 lo 55749
 he 100
 lk 1
 lr 400
 sl	610 1 0 0 0 \
	630 1 21 0 0
 bp 50
 at 80
 df 80
CO
 li explore
 ar 0 0 0 0 0 0 0 0
 cs 2
 wa 5
 st 1
 de 2
 pr 3

2485 char 0
na Feathers McGraw
il	1 16286 \
	11 19 \
	54 5 \
	69 1 \
	74 10
LI
 wh 71745
CH
 lo 55749
 he 100
 lk 3
 lr 28
 sl	700 2 21 0 0 \
	720 2 21 0 0 \
	610 2 21 26 0 \
	721 2 14 50 0 \
	722 2 14 31 0 \
	702 2 14 18 0 \
	617 2 14 53 0 \
	680 2 21 10 0 \
	682 2 14 12 0 \
	723 2 14 1 0 \
	681 2 14 0 0 \
	616 2 14 13 0 \
	612 2 28 1 0 \
	615 2 21 0 0 \
	630 2 28 0 0 \
	670 2 28 0 0 \
	671 2 14 0 0 \
	641 2 28 1 0 \
	611 2 28 0 0 \
	703 2 14 14 0 \
	633 2 14 0 0 \
	632 2 14 0 0 \
	634 2 14 0 0 \
	701 2 14 0 0 \
	613 2 14 0 0 \
	631 2 14 0 0
 bh 1
 at 80
 df 80
 mi 50
CM
 hs 1
MI
 ds Utility Duck Extrordinaire
CO
 li explore
 ar 0 0 0 0 0 0 0 0
 cs 2
 wa 5
 st 1
 ue 5
 de 2
 pr 3

112260 char 0
na Kreelaw Mazi
il	1 76327 \
	10 172 \
	12 542 \
	15 15 \
	16 263 \
	17 7 \
	20 263 \
	22 2 \
	52 2 \
	54 3 \
	69 1 \
	73 69 \
	75 73 \
	77 259 \
	60427 1 \
	73892 1
LI
 wh 3799
 hl 98305 62333 
CH
 lo 55749
 he 100
 lk 2
 lr 2
 sl	630 2 28 0 0 \
	610 2 21 15 0 \
	720 2 21 0 0 \
	680 1 4 0 0 \
	730 2 21 0 0 \
	721 2 14 0 0 \
	733 2 14 0 0 \
	641 2 28 1 0 \
	616 2 14 8 0 \
	611 2 28 0 0 \
	900 2 42 0 0 \
	615 2 21 3 0 \
	904 2 21 0 0 \
	905 2 21 0 0 \
	906 2 21 0 0 \
	907 2 21 0 0 \
	908 2 28 0 0 \
	909 2 21 0 0 \
	612 2 28 1 0 \
	903 2 21 5 0 \
	617 2 14 6 0 \
	911 2 21 0 0 \
	635 2 28 0 0 \
	902 2 21 0 0
 ra 70
 at 80
 df 80
 mi 50
 ct 53436 
CM
 im 1
 ma 10
 ca 6
 hs 1
 vp 9
 pl 98305
CO
 li make 75
 ar 75 0 0 28 0 0 0 0
 cs 2
 wa -1
 st 1
 ue 1
 de 28
 po 1
 pr 3

3750 char 0
na Thoth Amon
il	1 792 \
	54 13 \
	55 3 \
	77 160
LI
 wh 13113
CH
 lo 96672
 pl 56406
 he 100
 lk 3
 lr 80
 sl	690 2 28 2 0 \
	610 2 21 32 0 \
	700 2 21 0 0 \
	702 2 14 5 0 \
	693 2 21 0 0 \
	614 2 14 13 0 \
	704 2 14 4 0 \
	692 2 21 0 0 \
	703 2 14 1 0 \
	616 2 14 4 0 \
	612 2 28 1 0 \
	615 2 21 35 0 \
	680 2 21 2 0 \
	617 2 14 7 0 \
	682 2 14 0 0 \
	681 2 14 0 0 \
	630 2 28 0 0 \
	650 2 28 0 0 \
	654 2 28 16 0 \
	635 2 28 0 0 \
	653 2 28 0 0 \
	632 2 14 0 0 \
	652 2 28 0 0 \
	641 2 28 1 0 \
	655 2 14 0 0
 at 80
 df 138
 mi 278
CM
 hs 1
MI
 di 3
 ds harpies & winged horse wanted
CO
 li breed 55 55
 ar 55 55 0 0 0 0 0 0
 st 1
 ue 1
 de 13
 pr 3

5277 char 0
na Humle
il	1 929 \
	11 3 \
	54 3 \
	61 1 \
	77 27
LI
 wh 13130
CH
 lo 96672
 pl 56406
 he 100
 lk 3
 lr 72
 sl	720 2 21 0 0 \
	610 2 21 31 0 \
	670 2 28 0 0 \
	630 2 28 0 0 \
	700 2 21 0 0 \
	702 2 14 16 0 \
	617 2 14 32 0 \
	703 2 14 11 0 \
	704 2 14 0 0 \
	721 2 14 9 0 \
	671 2 14 0 0 \
	722 2 14 7 0 \
	616 2 14 2 0 \
	612 2 28 1 0 \
	701 2 14 0 0 \
	641 2 28 1 0 \
	635 2 28 0 0 \
	611 2 28 0 0 \
	613 2 14 1 0
 bh 9
 at 80
 df 80
CO
 li get garrison 11 5
 ar 5199 11 5 0 0 0 0 0
 st 1
 ue 1
 pr 1

82934 char 0
na Driech
il	1 1572 \
	11 5 \
	54 2 \
	68 5 \
	66402 1
LI
 wh 73197
CH
 lo 55749
 he 100
 lk 3
 lr 36
 sl	610 2 21 7 0 \
	630 2 28 0 0 \
	641 2 28 2 0 \
	720 2 21 0 0 \
	721 2 14 1 0 \
	612 2 28 1 0 \
	611 2 28 0 0 \
	700 2 21 0 0 \
	702 2 14 1 0 \
	722 2 14 1 0 \
	617 2 14 13 0 \
	633 2 14 0 0 \
	703 2 14 27 0 \
	701 2 14 0 0
 at 80
 df 80
CM
 hs 1
CO
 li yew
 ar 0 0 0 0 0 0 0 0
 wa -1
 st 1
 ue 1
 po 1
 pr 3

96672 char 0
na Ekora Blumwit
il	1 5 \
	54 20 \
	75 70 \
	77 170 \
	60765 1 \
	61974 1 \
	62278 1 \
	62769 1 \
	67382 1 \
	71161 1 \
	72615 1 \
	73041 1 \
	73220 1 \
	73312 1 \
	74962 1 \
	76809 1 \
	77315 1 \
	121729 1
LI
 wh 13212
CH
 lo 55749
 he 100
 lk 3
 lr 26
 sl	630 2 28 0 0 \
	690 2 28 3 0 \
	641 2 28 1 0 \
	691 2 21 5 0 \
	639 2 21 0 0 \
	610 2 21 17 0 \
	700 2 21 0 0 \
	730 2 21 0 0 \
	702 2 14 15 0 \
	612 2 28 1 0 \
	692 2 21 5 0 \
	695 2 21 2 0 \
	611 2 28 0 0 \
	696 2 14 0 0 \
	693 2 21 0 0 \
	635 2 28 0 0 \
	703 2 14 2 0 \
	617 2 14 16 0 \
	701 2 14 0 0
 at 80
 df 80
CM
 hs 1
CO
 li recruit
 ar 0 0 0 0 0 0 0 0
 wa -1
 st 1
 ue 1
 po 1
 pr 3

148990 char ni
na Harvester of sorrows
il	1 382 \
	54 2
LI
 wh 13508
CH
 ni 32
 lo 55749
 he -1
 lk 4
 bh 9
 at 60
 df 60
CM
 ot 107642
MI
 ca r
CO
 li seek
 ar 0 0 0 0 0 0 0 0
 st 1
 de 7
 po 1
 pr 3

8478 char 0
na Black Jake
il	1 1000 \
	54 5
LI
 wh 69227
CH
 lo 55749
 pl 100
 he 100
 lk 3
 lr 89
 sl	600 2 21 0 0 \
	601 2 14 15 0 \
	602 2 14 2 0 \
	603 2 14 3 0 \
	610 2 21 12 0 \
	617 2 14 6 0 \
	614 2 14 4 0 \
	680 2 21 8 0 \
	616 2 14 10 0 \
	682 2 14 11 0 \
	700 2 21 0 0 \
	706 2 14 2 0 \
	681 2 14 0 0 \
	702 2 14 8 0 \
	704 2 14 0 0 \
	703 2 14 10 0 \
	705 2 14 0 0 \
	701 2 14 0 0 \
	615 2 21 10 0 \
	612 2 28 1 0 \
	670 2 28 0 0 \
	671 2 14 0 0 \
	611 2 28 0 0 \
	630 2 28 0 0 \
	641 2 28 1 0
 at 128
 df 99
 mi 122
CM
 hs 1
MI
 di 4
CO
 li move kd51
 ar 26351 0 0 0 0 0 0 0
 wa -1
 st 1
 ue 1
 pr 2

5490 char 0
na Thalion Cloudfoot
il	1 163547 \
	54 8 \
	82 10 \
	59135 1 \
	59295 1 \
	59541 1 \
	59569 1 \
	59877 1 \
	60516 1 \
	60544 1 \
	60683 1 \
	60770 1 \
	61533 1 \
	61630 1 \
	61693 1 \
	62054 1 \
	62079 1 \
	62271 1 \
	62606 1 \
	62726 1 \
	63206 1 \
	63265 1 \
	63725 1 \
	63809 1 \
	64332 1 \
	64342 1 \
	64480 1 \
	64734 1 \
	64763 1 \
	65433 1 \
	65587 1 \
	65638 1 \
	65687 1 \
	65827 1 \
	65898 1 \
	66411 1 \
	66559 1 \
	66594 1 \
	66886 1 \
	67138 1 \
	68105 1 \
	68405 1 \
	68445 1 \
	68535 1 \
	68551 1 \
	68680 1 \
	68682 1 \
	69291 1 \
	69294 1 \
	69461 1 \
	69834 1 \
	69959 1 \
	70069 1 \
	71085 1 \
	71213 1 \
	71619 1 \
	72105 1 \
	72256 1 \
	72440 1 \
	72445 1 \
	72560 1 \
	72791 1 \
	72806 1 \
	72868 1 \
	73262 1 \
	73818 1 \
	73971 1 \
	74029 1 \
	74134 1 \
	74231 1 \
	74313 1 \
	74464 1 \
	74571 1 \
	74612 1 \
	74791 1 \
	74985 1 \
	75040 1 \
	75200 1 \
	75773 1 \
	75774 1 \
	75784 1 \
	75951 1 \
	75999 1 \
	76464 1 \
	76647 1 \
	76748 1 \
	77142 1 \
	77679 1 \
	77785 1 \
	78055 1 \
	78098 1 \
	78154 1 \
	78235 1 \
	78787 1 \
	78996 1 \
	82265 1 \
	83058 1 \
	85461 1 \
	91034 1 \
	95605 1 \
	97596 1 \
	101212 1 \
	101361 1 \
	102430 1 \
	107642 1 \
	107992 1 \
	109248 1 \
	112117 1 \
	115008 1 \
	117315 1 \
	118060 1 \
	118433 1 \
	122500 1 \
	134100 1 \
	134263 1 \
	135004 1 \
	135802 1 \
	138450 1 \
	138714 1 \
	139534 1 \
	139580 1 \
	147506 1
LI
 wh 30319
CH
 lo 55749
 he 100
 lk 2
 lr 1
 sl	630 2 28 0 0 \
	610 2 21 9 0 \
	631 2 14 13 0 \
	615 2 21 2 0 \
	634 2 14 1 0 \
	616 2 14 7 0 \
	650 2 28 0 0 \
	655 2 14 13 0 \
	656 2 14 10 0 \
	652 2 28 0 0 \
	653 2 28 0 0 \
	657 2 21 14 0 \
	654 2 28 81 0 \
	651 2 21 0 0 \
	611 2 28 0 0 \
	612 2 28 1 0 \
	658 2 21 0 0 \
	641 2 28 2 0 \
	636 2 14 0 0 \
	659 2 21 0 0 \
	900 2 42 0 0 \
	908 2 28 2 0 \
	680 2 0 0 0 \
	800 2 0 0 0 \
	700 2 0 0 0 \
	730 2 0 0 0 \
	820 2 0 0 0 \
	840 2 0 0 0 \
	880 2 0 0 0 \
	920 2 0 0 0 \
	639 2 0 0 0 \
	617 2 0 0 0 \
	614 2 0 0 0 \
	922 2 0 30 0 \
	921 2 0 3 0 \
	860 2 35 0 0 \
	670 2 28 0 0 \
	671 2 14 0 0 \
	903 2 0 1 0 \
	911 2 0 0 0 \
	902 2 0 1 0 \
	805 2 0 0 0 \
	904 2 0 0 0 \
	909 2 0 0 0 \
	802 2 0 0 0 \
	731 2 0 0 0 \
	801 2 0 0 0 \
	803 2 0 0 0 \
	841 2 0 4 0 \
	804 2 0 0 0 \
	849 2 0 1 0 \
	844 2 0 1 0 \
	842 2 0 1 0 \
	845 2 0 0 0 \
	846 2 0 0 0 \
	843 2 0 0 0 \
	847 2 0 0 0 \
	852 2 0 0 0 \
	848 2 0 0 0 \
	851 2 0 0 0 \
	806 2 0 0 0 \
	905 2 0 0 0 \
	807 2 0 0 0 \
	813 2 0 1 0 \
	906 2 0 0 0 \
	811 2 0 0 0 \
	812 2 0 0 0 \
	613 2 0 0 0 \
	907 2 0 0 0 \
	863 2 0 0 0 \
	864 2 0 0 0 \
	865 2 0 0 0 \
	866 2 0 0 0 \
	867 2 0 0 0 \
	868 2 0 0 0 \
	869 2 0 0 0 \
	871 2 0 0 0 \
	872 2 0 0 0 \
	814 2 0 0 0 \
	809 2 0 0 0 \
	824 2 0 0 0 \
	821 2 0 0 0 \
	822 2 0 0 0 \
	825 2 0 2 0 \
	823 2 0 1 0 \
	833 2 0 0 0 \
	826 2 0 0 0 \
	828 2 0 1 0 \
	827 2 0 1 0 \
	808 2 0 0 0 \
	832 2 0 1 0 \
	829 2 0 1 0 \
	831 2 0 0 0 \
	861 2 0 0 0 \
	862 2 0 7 0 \
	881 2 0 0 0 \
	882 2 0 0 0 \
	883 2 0 1 0 \
	884 2 0 0 0 \
	885 2 0 1 0 \
	886 2 0 0 0 \
	887 2 0 0 0 \
	888 2 21 0 0 \
	891 2 21 0 0 \
	892 2 21 0 0 \
	893 2 21 0 0 \
	894 2 21 0 0 \
	889 2 21 0 0
 at 103
 df 80
 mi 59
CM
 im 1
 ma 68
 ca 139
 hs 1
 kw 1
 vp 23
 pc 12415
 ar 66559
MI
 ds Carrying the Suncrest banner
CO
 li use 921
 ar 0 0 0 0 0 0 0 921
 cs 2
 wa 20
 st 1
 us 921
 ue 1
 de 8
 pr 3

94957 char 0
na Carto Graf
il	1 583 \
	54 1
LI
 wh 21324
CH
 lo 55749
 he 100
 lk 3
 lr 24
 sl	630 2 28 0 0 \
	670 2 28 0 0 \
	610 2 21 5 0 \
	671 2 14 0 0 \
	641 2 28 3 0 \
	612 2 28 1 0 \
	616 2 14 0 0 \
	611 2 28 0 0
 at 80
 df 80
CM
 hs 1
MI
 ds Subworld explorer
CO
 li move up
 ar 0 0 0 0 0 0 0 0
 wa -1
 ue 1
 pr 2

