55792 player pl_regular
na Barbancon
il	1 425
ad 50739 51812 54347 55066 
CH
PL
 fn Keith Barber
 em zoiboy@aol.com
 pw cur
 np 10
 ft 38
 lt 249
 kn 69 600 601 602 603 610 611 612 613 614 \
	615 616 617 630 631 632 633 634 635 636 637 \
	639 641 650 651 652 653 654 655 656 657 658 \
	659 661 670 671 672 680 681 682 690 691 692 \
	693 694 695 696 697 700 701 702 703 704 705 \
	720 721 722 723 730 731 732 733 750 751 752 \
	753 754 755 756 800 801 802 803 804 805 806 \
	807 808 809 811 812 813 814 820 821 822 823 \
	824 825 826 827 828 829 831 832 833 840 841 \
	842 843 844 845 846 847 848 849 851 852 860 \
	861 862 863 864 865 866 867 868 869 871 872 \
	880 881 882 883 884 885 886 887 888 889 891 \
	892 893 894 900 901 902 903 904 905 906 907 \
	908 909 911 1160 2051 4007 4681 4822 4905 5377 5384 \
	5783 10005 10006 10007 10008 10009 10010 10011 10012 10013 10014 \
	10015 10016 10017 10018 10019 10020 10021 10022 10023 10024 10025 \
	10026 10027 10028 10029 10030 10031 10032 10033 10034 10035 10036 \
	10037 10038 10039 10040 10041 10042 10043 10044 10045 10046 10105 \
	10106 10111 10112 10113 10114 10115 10116 10117 10118 10119 10120 \
	10121 10122 10123 10124 10125 10126 10127 10128 10129 10131 10138 \
	10139 10140 10141 10142 10143 10144 10145 10146 10205 10206 10210 \
	10211 10212 10213 10214 10215 10216 10217 10218 10219 10220 10221 \
	10222 10223 10224 10225 10226 10227 10228 10229 10230 10231 10238 \
	10246 10305 10306 10310 10311 10312 10313 10314 10315 10316 10317 \
	10318 10319 10320 10321 10322 10323 10324 10325 10326 10327 10328 \
	10329 10330 10331 10332 10333 10334 10335 10336 10337 10338 10405 \
	10406 10410 10411 10412 10413 10414 10415 10416 10417 10418 10419 \
	10420 10421 10422 10423 10424 10425 10426 10427 10428 10429 10430 \
	10431 10432 10433 10434 10435 10436 10437 10438 10439 10505 10506 \
	10507 10508 10509 10510 10511 10512 10513 10514 10515 10516 10517 \
	10518 10519 10520 10521 10522 10523 10524 10525 10526 10527 10528 \
	10529 10530 10531 10533 10534 10538 10539 10540 10605 10610 10611 \
	10612 10613 10614 10615 10616 10617 10618 10619 10620 10621 10622 \
	10623 10624 10625 10626 10627 10628 10629 10630 10631 10632 10634 \
	10635 10636 10637 10638 10640 10705 10706 10707 10708 10709 10710 \
	10711 10712 10713 10714 10715 10716 10717 10718 10719 10720 10721 \
	10722 10723 10725 10726 10727 10728 10729 10730 10731 10732 10733 \
	10734 10735 10736 10737 10738 10739 10740 10741 10742 10802 10803 \
	10804 10805 10806 10807 10808 10809 10810 10811 10812 10813 10814 \
	10815 10816 10817 10818 10819 10820 10823 10824 10825 10826 10827 \
	10828 10829 10830 10831 10832 10838 10839 10840 10841 10842 10904 \
	10905 10906 10907 10908 10909 10910 10911 10912 10913 10914 10916 \
	10917 10923 10925 10926 10928 10929 10932 10940 10941 10942 11003 \
	11004 11005 11006 11007 11008 11009 11010 11011 11012 11013 11014 \
	11015 11016 11019 11020 11021 11022 11023 11025 11026 11028 11029 \
	11030 11031 11032 11040 11041 11042 11111 11112 11113 11114 11119 \
	11125 11129 11132 11140 11141 11142 11229 11232 11239 11240 11241 \
	11242 11243 11244 11329 11332 11339 11340 11341 11342 11343 11344 \
	11429 11432 11440 11441 11444 11445 11529 11532 11540 11541 11544 \
	11545 11629 11632 11641 11644 11645 11729 11732 11737 11738 11739 \
	11740 11741 11742 11743 11744 11745 11829 11832 11841 11843 11845 \
	11929 11932 11941 11943 11945 12029 12032 12043 12044 12045 12129 \
	12132 12141 12142 12143 12144 12145 12229 12232 12241 12242 12243 \
	12244 12245 12329 12332 12339 12340 12341 12342 12343 12344 12429 \
	12432 12439 12440 12441 12442 12443 12527 12528 12529 12530 12531 \
	12532 12539 12540 12541 12625 12626 12627 12628 12629 12630 12631 \
	12632 12633 12634 12635 12639 12726 12727 12728 12729 12730 12731 \
	12732 12733 12734 12735 12739 12826 12827 12828 12829 12832 12834 \
	12835 12836 12837 12838 12839 12840 12841 12842 12843 12844 12845 \
	12846 12927 12928 12929 12930 12931 12932 12933 12934 12935 12936 \
	12939 12946 13027 13029 13032 13033 13034 13035 13036 13037 13038 \
	13039 13046 13127 13128 13129 13130 13131 13132 13133 13134 13135 \
	13136 13137 13138 13139 13146 13227 13228 13229 13235 13236 13237 \
	13238 13239 13246 13261 13325 13326 13327 13328 13329 13331 13332 \
	13333 13334 13335 13336 13337 13338 13342 13343 13344 13345 13346 \
	13361 13417 13418 13419 13420 13421 13422 13423 13424 13425 13426 \
	13427 13428 13429 13431 13434 13435 13436 13437 13438 13439 13440 \
	13441 13442 13443 13444 13445 13446 13447 13448 13449 13450 13461 \
	13517 13518 13519 13520 13521 13522 13523 13524 13525 13526 13527 \
	13528 13529 13530 13531 13532 13533 13534 13535 13536 13537 13538 \
	13544 13545 13546 13550 13561 13619 13620 13621 13622 13623 13624 \
	13628 13629 13631 13632 13633 13634 13635 13636 13637 13638 13639 \
	13640 13641 13642 13643 13644 13645 13646 13647 13650 13652 13653 \
	13654 13655 13656 13657 13658 13659 13660 13661 13718 13719 13720 \
	13726 13727 13728 13729 13730 13731 13732 13733 13734 13735 13736 \
	13737 13738 13739 13740 13741 13742 13743 13744 13745 13746 13747 \
	13748 13749 13750 13751 13752 13753 13754 13755 13756 13757 13758 \
	13759 13760 13761 13762 13763 13764 13765 13766 13767 13816 13817 \
	13818 13819 13820 13821 13822 13823 13824 13825 13826 13827 13828 \
	13829 13830 13831 13834 13835 13837 13841 13842 13843 13844 13846 \
	13850 13866 13867 13868 13869 13870 13871 13872 13920 13928 13929 \
	13934 13935 13937 13941 13946 13950 13967 13972 14020 14028 14034 \
	14035 14036 14037 14038 14039 14040 14041 14042 14043 14044 14045 \
	14046 14047 14048 14049 14050 14051 14052 14053 14054 14055 14056 \
	14057 14058 14059 14060 14061 14062 14063 14064 14065 14066 14067 \
	14068 14069 14070 14071 14072 14073 14074 14075 14120 14127 14128 \
	14129 14130 14137 14138 14141 14146 14150 14167 14172 14175 14220 \
	14221 14222 14223 14224 14225 14226 14227 14228 14230 14231 14232 \
	14233 14237 14238 14241 14246 14250 14267 14272 14275 14323 14324 \
	14325 14326 14331 14332 14333 14337 14338 14341 14346 14350 14367 \
	14372 14375 14424 14425 14426 14427 14429 14430 14431 14432 14433 \
	14434 14435 14436 14437 14438 14439 14440 14441 14442 14443 14444 \
	14445 14446 14450 14467 14472 14475 14527 14528 14529 14531 14534 \
	14535 14536 14537 14538 14539 14540 14541 14546 14550 14567 14572 \
	14575 14631 14635 14636 14637 14638 14639 14640 14641 14646 14650 \
	14667 14672 14675 14731 14732 14737 14739 14740 14741 14746 14750 \
	14767 14772 14775 14832 14833 14834 14835 14836 14837 14838 14839 \
	14840 14841 14842 14843 14844 14845 14846 14850 14867 14872 14875 \
	14937 14941 14942 14946 14950 14967 14972 14975 15037 15041 15042 \
	15046 15050 15067 15072 15075 15137 15142 15143 15144 15145 15146 \
	15147 15150 15167 15172 15175 15176 15177 15178 15179 15180 15181 \
	15237 15238 15239 15240 15241 15242 15243 15244 15245 15246 15247 \
	15248 15249 15250 15251 15252 15253 15254 15255 15256 15257 15258 \
	15259 15260 15261 15262 15263 15264 15265 15266 15267 15268 15269 \
	15270 15271 15272 15273 15274 15275 15276 15277 15278 15281 15343 \
	15344 15345 15346 15347 15348 15349 15350 15351 15352 15353 15354 \
	15355 15356 15357 15358 15359 15360 15361 15362 15363 15364 15367 \
	15372 15377 15378 15381 15447 15450 15452 15453 15454 15455 15456 \
	15457 15458 15459 15460 15461 15462 15463 15464 15467 15472 15477 \
	15478 15480 15481 15547 15550 15552 15553 15554 15555 15556 15557 \
	15558 15559 15560 15561 15562 15563 15564 15565 15566 15567 15568 \
	15569 15570 15571 15572 15573 15574 15575 15576 15577 15578 15581 \
	15647 15650 15652 15653 15654 15655 15656 15657 15658 15659 15660 \
	15661 15662 15663 15664 15665 15666 15667 15668 15669 15670 15671 \
	15672 15673 15674 15675 15676 15677 15678 15679 15680 15681 15747 \
	15750 15755 15756 15757 15758 15759 15767 15772 15778 15781 15847 \
	15850 15859 15867 15872 15878 15881 15882 15947 15950 15951 15952 \
	15953 15954 15955 15956 15957 15958 15959 15960 15961 15962 15963 \
	15964 15965 15966 15967 15968 15969 15970 15971 15972 15973 15974 \
	15975 15976 15977 15978 15979 15980 15981 15982 16047 16063 16064 \
	16065 16066 16067 16068 16069 16070 16071 16072 16073 16074 16075 \
	16076 16077 16078 16079 16080 16081 16082 16147 16163 16167 16168 \
	16169 16170 16171 16172 16173 16174 16175 16176 16177 16178 16179 \
	16180 16181 16182 16183 16184 16185 16186 16247 16263 16280 16281 \
	16282 16283 16284 16285 16286 16287 16288 16289 16347 16348 16349 \
	16350 16351 16352 16353 16354 16355 16356 16357 16358 16359 16360 \
	16361 16362 16363 16377 16378 16379 16380 16381 16382 16481 16482 \
	20757 22631 25553 28599 29687 31321 36118 40399 44210 44816 47429 \
	48806 56762 56848 56857 56937 57013 57019 57088 57096 57140 57212 \
	57249 57251 57262 57277 57327 57392 57489 57494 57497 57537 57572 \
	57689 57977 58124 58178 58225 58269 58278 58318 58374 58424 58516 \
	58575 58620 58717 58738 60156 60298 60384 60515 60540 60675 60787 \
	61405 61769 62465 62553 63558 63760 64097 64272 64655 64747 65228 \
	65502 65593 65631 65842 66201 66368 66600 66716 67051 67668 67947 \
	68265 68750 68981 69322 69493 69647 69670 69908 70212 70742 70752 \
	70846 71018 71104 71475 71533 71848 72331 72671 72826 72895 73153 \
	73307 73344 73445 73475 73618 73664 74114 74523 74823 75199 75310 \
	75441 75555 75623 75788 76225 76262 76731 76861 76955 76963 77432 \
	77612 77710 77711 77773 78536 78551 78636 81822 96238 116649 143309 \
	146100 
 un 9876 2484 70299 6783 4671 70236 72415 92920 2132 \
	59106 1045 
 uf 109680 90129 111169 137630 95085 
 am 1160 0 8485 8485 
 am 3172 0 50739 55066 54347 51812 
 am 6783 0 8485 
 am 50739 0 54347 55066 51812 
 am 55792 0 50739 55066 54347 51812 
 am 74114 0 54948 
CO
 li accept 0 0
 ar 0 0 0 0 0 0 0 0
 st 1

9876 char 0
na Laitka Ruissich
il	1 338 \
	59502 1 \
	63334 47 \
	63898 1 \
	64348 1 \
	66392 1 \
	67687 1 \
	67886 1 \
	68014 1 \
	68757 1 \
	72037 1 \
	72601 1 \
	72830 5 \
	73635 1 \
	75606 1 \
	76129 1 \
	76779 1 \
	77664 1 \
	78162 1 \
	109395 1 \
	119699 1 \
	128185 1 \
	135500 1 \
	136338 1 \
	137152 1 \
	139558 1
tl	2 94 94 4 0 0 0 0 \
	1 72872 1 15 0 0 0 0
LI
 wh 60675
CH
 lo 55792
 he 100
 lk 2
 lr 1
 sl	800 2 28 0 0 \
	860 2 35 0 0 \
	610 2 21 0 0 \
	614 2 14 59 0 \
	820 2 35 0 0 \
	802 2 14 17 0 \
	801 2 14 4 0 \
	822 2 21 0 0 \
	821 2 21 0 0 \
	862 2 14 36 0 \
	824 2 21 1 0 \
	840 2 35 0 0 \
	841 2 21 13 0 \
	842 2 14 0 0 \
	803 2 14 3 0 \
	804 2 21 0 0 \
	848 2 21 0 0 \
	611 2 28 0 0 \
	843 2 21 0 0 \
	849 2 21 23 0 \
	846 2 21 0 0 \
	847 2 21 3 0 \
	845 2 21 0 0 \
	851 2 21 23 0 \
	844 2 21 0 0 \
	852 2 21 0 0 \
	825 2 21 0 0 \
	833 2 21 0 0 \
	827 2 21 4 0 \
	829 2 21 0 0 \
	832 2 21 0 0 \
	828 2 21 0 0 \
	871 2 21 0 0 \
	868 2 21 0 0 \
	864 2 14 0 0 \
	869 2 14 0 0 \
	866 2 14 0 0 \
	872 2 21 2 0 \
	865 2 14 0 0 \
	863 2 14 7 0 \
	867 2 21 0 0 \
	831 2 28 0 0 \
	630 2 28 0 0 \
	900 2 42 0 0 \
	901 2 28 0 0 \
	826 2 21 0 0 \
	909 2 21 0 0 \
	906 2 21 0 0 \
	808 2 21 0 0 \
	814 2 21 0 0 \
	631 2 14 3 0 \
	911 2 21 0 0 \
	908 2 28 0 0 \
	807 2 21 0 0 \
	813 2 21 28 0 \
	861 2 14 0 0 \
	880 2 42 0 0 \
	902 2 21 0 0 \
	903 2 21 0 0 \
	881 2 14 0 0 \
	882 2 14 0 0 \
	805 2 14 0 0 \
	823 2 21 0 0 \
	883 2 14 0 0 \
	812 2 21 0 0 \
	612 2 28 0 0 \
	907 2 21 0 0 \
	904 2 21 0 0 \
	809 2 21 2 0 \
	806 2 21 0 0 \
	811 2 21 0 0 \
	894 2 21 0 0 \
	889 2 21 0 0 \
	892 2 21 0 0 \
	885 2 14 0 0 \
	886 2 14 0 0 \
	884 2 28 0 0 \
	887 2 21 0 0 \
	893 2 21 0 0 \
	891 2 21 0 0 \
	888 2 21 0 0 \
	905 2 21 0 0 \
	615 2 21 16 0
 bp 50
 at 80
 df 390
 mi 121
CM
 im 1
 ma 76
 ca 76
 kw 1
 vp 5
CO
 li use 615
 ar 0 0 0 0 0 0 0 615
 st 1
 us 615
 ue 3
 de 6
 pr 3

2484 char 0
na Borzoi Ruissich
il	1 18024 \
	10 63 \
	20 6 \
	22 74 \
	72 6 \
	75 30 \
	77 46 \
	85 210 \
	94 59 \
	95 24 \
	98 1 \
	271 3 \
	295 42 \
	61228 1 \
	69277 1
tl	2 95 91 7 0 0 0 0 \
	2 94 35 4 0 0 0 0
LI
 wh 66368
CH
 lo 55792
 he 100
 lk 2
 lr 2
 sl	610 2 21 9 0 \
	680 2 21 0 0 \
	614 2 14 12 0 \
	682 2 14 0 0 \
	650 2 28 0 0 \
	654 2 28 33 0 \
	615 2 21 18 0 \
	655 2 14 3 0 \
	653 2 28 0 0 \
	656 2 14 2 0 \
	652 2 28 0 0 \
	611 2 28 0 0 \
	616 2 14 7 0 \
	630 2 28 0 0 \
	631 2 14 6 0 \
	612 2 28 0 0 \
	720 2 21 0 0 \
	721 2 14 0 0 \
	722 2 14 0 0 \
	617 2 14 21 0 \
	690 2 28 0 0 \
	651 2 21 0 0 \
	613 2 14 0 0 \
	658 0 0 0 0 \
	657 2 21 0 0 \
	659 0 0 0 0 \
	661 2 21 111 0 \
	694 0 0 0 0
 bp 50
 ra 60
 at 115
 df 158
 mi 101
CM
 vp 5
CO
 li use 661
 ar 0 0 0 0 0 0 0 661
 st 1
 us 661
 ue 5
 de 24
 pr 3

70299 char 0
na Zwergteckel
il	1 1589 \
	11 9 \
	75 170
LI
 wh 81822
CH
 lo 55792
 he 100
 lk 3
 lr 9
 sl	700 2 21 0 0 \
	702 2 14 15 0 \
	703 2 14 0 0 \
	704 2 14 0 0 \
	705 2 14 0 0 \
	610 2 21 5 0 \
	617 2 14 11 0 \
	670 2 28 0 0 \
	614 2 14 34 0 \
	671 2 14 0 0 \
	630 2 28 0 0 \
	631 2 14 21 0 \
	612 2 28 0 0 \
	641 2 28 1 0 \
	680 2 21 1 0 \
	681 2 14 0 0 \
	682 2 14 0 0 \
	611 2 28 0 0
 bp 50
 at 80
 df 276
 dt 225 19 6739
CM
 hs 1
 vp 3
CO
 li use 614
 ar 0 0 0 0 0 0 0 614
 st 1
 us 614
 ue 4
 de 6
 pr 3

6783 char 0
na Volpinio de Quirinale
il	19 9 \
	261 4 \
	282 9 \
	59387 1
tl	2 94 98 4 0 0 0 0 \
	1 69394 1 100 0 0 0 0 \
	1 67708 28 71 0 0 0 0 \
	2 69394 1 178 0 0 0 0 \
	1 69186 41 16 0 0 0 0 \
	2 95 9 7 0 0 0 0 \
	2 77685 100 42 0 0 0 0
LI
 wh 1160
 hl 4671 
CH
 lo 55792
 he 100
 lk 3
 lr 15
 sl	630 2 28 0 0 \
	610 2 21 4 0 \
	600 2 21 0 0 \
	602 2 14 1 0 \
	601 2 14 96 0 \
	614 2 14 32 0 \
	631 2 14 45 0 \
	615 2 21 42 0 \
	616 2 14 11 0 \
	730 2 21 0 0 \
	680 2 21 2 0 \
	733 2 14 4 0 \
	732 2 14 7 0 \
	731 2 14 0 0 \
	670 2 28 0 0 \
	671 2 14 1 0 \
	641 2 28 1 0 \
	690 2 28 0 0 \
	603 2 14 0 0 \
	672 2 21 15 0 \
	632 2 14 0 0 \
	634 2 14 0 0 \
	633 2 14 0 0 \
	700 2 21 0 0 \
	702 2 14 0 0 \
	703 2 14 0 0 \
	691 2 21 0 0 \
	692 2 21 0 0 \
	682 2 14 4 0 \
	617 2 14 0 0 \
	611 2 28 0 0 \
	612 2 28 0 0 \
	639 2 21 0 0
 bp 50
 at 115
 df 263
 mi 196
CM
 hs 1
 vp 7
CO
 li use 615
 ar 0 0 0 0 0 0 0 615
 st 1
 us 615
 ue 5
 de 6
 pr 3

4671 char 0
na Komondor Gruenendael
il	1 890 \
	76 3 \
	61690 1 \
	62047 1 \
	72895 1
tl	2 94 969 4 0 0 0 0 \
	2 95 41 7 0 0 0 0
LI
 wh 6783
CH
 lo 55792
 he 100
 lk 3
 lr 800
 sl	610 2 21 11 0 \
	614 2 14 47 0 \
	616 2 14 19 0 \
	615 2 21 42 0 \
	700 2 21 0 0 \
	702 2 14 4 0 \
	612 2 28 1 0 \
	670 2 28 0 0 \
	671 2 14 3 0 \
	703 2 14 13 0 \
	617 2 14 8 0 \
	630 2 28 0 0 \
	690 2 28 0 0 \
	631 2 14 24 0 \
	730 2 21 0 0 \
	732 2 14 0 0 \
	733 2 14 0 0 \
	731 2 14 0 0 \
	692 2 21 0 0 \
	693 2 21 0 0 \
	691 2 21 0 0 \
	672 2 21 0 0 \
	704 2 14 0 0 \
	639 2 21 0 0 \
	641 2 28 2 0 \
	680 2 21 0 0 \
	681 2 14 0 0 \
	611 2 28 0 0 \
	705 2 14 0 0 \
	682 2 14 0 0 \
	701 2 14 0 0 \
	613 2 14 0 0 \
	632 2 14 0 0 \
	633 2 14 0 0 \
	634 2 14 0 0
 bh 3
 at 219
 df 243
 mi 292
CM
 hs 1
CO
 li use 614
 ar 0 0 0 0 0 0 0 614
 st 1
 us 614
 ue 5
 de 6
 pr 3

70236 char 0
na Bragi Vidkunnsson
il	1 827 \
	10 80 \
	11 3 \
	15 32 \
	16 32 \
	20 61 \
	22 33 \
	61 13 \
	69 1 \
	75 313 \
	77 141 \
	78 300 \
	79 85 \
	98 73
LI
 wh 65842
 hl 110136 96874 108751 141689 117021 100882 96777 107322 123185 \
	114255 141548 81844 
CH
 lo 55792
 pl 51992
 he 100
 lk 2
 lr 1
 sl	610 2 21 28 0 \
	616 2 14 21 0 \
	617 2 14 16 0 \
	614 2 14 37 0 \
	611 2 28 0 0 \
	612 2 28 1 0 \
	615 2 21 37 0 \
	613 2 14 9 0
 ra 40
 at 136
 df 302
 mi 173
CM
 vp 5
MI
 ds House of Lords
CO
 li use 615
 ar 0 0 0 0 0 0 0 615
 st 1
 us 615
 ue 5
 de 6
 pr 3

72415 char 0
na Kelb Tal-fenek
il	1 6779 \
	20 50 \
	21 40 \
	54 1
LI
 wh 72826
CH
 lo 55792
 pl 100
 he 100
 lk 3
 lr 12
 sl	610 2 21 14 0 \
	630 2 28 0 0 \
	641 2 28 1 0 \
	611 2 28 0 0 \
	639 2 21 0 0 \
	631 2 14 6 0 \
	614 2 14 11 0 \
	617 2 14 0 0 \
	900 2 42 0 0 \
	902 2 21 0 0 \
	903 2 21 0 0
 bh 3
 bp 50
 ra 40
 at 80
 df 154
CM
 im 1
 ma 3
 ca 3
 vp 3
CO
 li use 614
 ar 0 0 0 0 0 0 0 614
 st 1
 us 614
 ue 2
 de 7
 pr 3

92920 char ni
na Tusker
il	1 128 \
	54 41 \
	82309 88
LI
 wh 10806
CH
 ni 287
 lo 55792
 pl 50822
 he -1
 lk 4
 bh 2
 at 60
 df 60
CM
 vp 2
 ot 61840
MI
 ca r
 ds House of Lords
CO
 li move 116649
 ar 0 0 0 0 0 0 0 0
 wa -1
 pr 2

2132 char 0
na Phu Quoc
il	78 1 \
	271 38 \
	99733 9
tl	1 99733 2 35 0 0 0 0
LI
 wh 57327
CH
 lo 55792
 pl 100
 he 100
 lk 3
 lr 74
 sl	680 2 21 4 0 \
	610 2 21 33 0 \
	614 2 14 24 0 \
	615 2 21 39 0 \
	616 2 14 23 0 \
	612 2 28 0 0 \
	617 2 14 15 0 \
	613 2 14 0 0 \
	682 2 14 13 0 \
	630 2 28 0 0 \
	631 2 14 9 0 \
	632 2 14 0 0 \
	681 2 14 0 0 \
	700 2 21 0 0 \
	702 2 14 5 0 \
	703 2 14 18 0 \
	704 2 14 0 0 \
	705 2 14 0 0 \
	635 2 28 0 0 \
	690 2 28 0 0 \
	670 2 28 0 0 \
	701 2 14 0 0 \
	633 2 14 0 0 \
	634 2 14 0 0 \
	671 2 14 0 0 \
	691 2 21 0 0 \
	692 2 21 0 0
 bp 50
 at 170
 df 188
 mi 260
CM
 vp 6
CO
 li use 616
 ar 0 0 0 0 0 0 0 616
 st 1
 us 616
 ue 4
 de 6
 pr 3

59106 char 0
na Captain Protora
il	1 1113
tl	2 94 9990 4 0 0 0 0
LI
 wh 5721
CH
 lo 55792
 pl 100
 he 100
 lk 1
 lr 450
 sl	610 2 21 2 0 \
	616 2 14 1 0 \
	614 2 14 12 0 \
	611 2 28 0 0 \
	630 2 28 0 0 \
	631 2 14 5 0
 bp 50
 at 84
 df 169
MI
 di 1
 ds House of Lords
CO
 li use 614
 ar 0 0 0 0 0 0 0 614
 st 1
 us 614
 ue 3
 de 6
 pr 3

1045 char 0
na Quicksilver
il	1 2711 \
	11 5 \
	15 34 \
	16 68 \
	17 35 \
	20 35 \
	22 34 \
	61 18 \
	75 182 \
	78 500 \
	79 35 \
	84 6 \
	85 245 \
	98 62 \
	61840 1 \
	77350 1 \
	79942 1 \
	98550 1
LI
 wh 78636
 hl 102615 143823 123806 95526 102733 91574 80342 104865 133645 \
	146735 130915 
CH
 lo 55792
 pl 50822
 he 100
 lk 2
 lr 1
 sl	610 2 21 27 0 \
	616 2 14 46 0 \
	614 2 14 23 0 \
	617 2 14 24 0 \
	615 2 21 30 0 \
	611 2 28 0 0 \
	612 2 28 1 0 \
	613 2 14 12 0
 ra 50
 at 206
 df 289
 mi 122
MI
 ds House of Lords
CO
 li use 615
 ar 0 0 0 0 0 0 0 615
 st 1
 us 615
 ue 4
 de 6
 pr 3

