55827 player pl_regular
na Loopalootaloofa
il	1 1618
ad 52578 53013 53198 54527 55565 
CH
PL
 fn Tim Whalen
 em whalen@oldbro.com
 pw Panama
 np 2
 fs 1
 ft 2
 so 1
 lt 260
 kn 69 600 601 602 603 610 611 612 613 614 \
	615 616 617 630 631 632 633 634 635 636 637 \
	639 641 650 651 652 653 654 655 656 657 658 \
	659 661 670 671 672 673 674 675 676 680 681 \
	682 690 691 692 693 694 695 696 697 700 701 \
	702 703 704 705 706 707 720 721 722 723 730 \
	731 732 733 750 751 752 753 754 755 756 800 \
	801 802 803 804 805 806 807 808 809 811 812 \
	813 814 820 821 822 823 824 825 826 827 828 \
	829 831 832 833 840 841 842 843 844 845 846 \
	847 848 849 851 852 860 861 862 863 864 865 \
	866 867 868 869 871 872 880 881 882 883 884 \
	885 886 887 888 889 891 892 893 894 900 901 \
	902 903 904 905 906 907 908 909 911 920 921 \
	922 1893 2156 2650 4284 5505 5572 5735 6307 6976 7861 \
	8372 8630 9291 9644 16778 16878 16881 16882 16883 16884 16885 \
	16886 16887 16888 16889 16890 16891 16892 16893 16894 16895 16978 \
	16979 16980 16981 16995 17078 17095 17096 17178 17196 17197 17198 \
	17297 17298 17398 17498 17499 17587 17588 17589 17590 17599 17679 \
	17680 17681 17682 17683 17684 17685 17687 17688 17690 17696 17697 \
	17699 17778 17779 17780 17781 17782 17783 17784 17785 17786 17787 \
	17788 17789 17790 17791 17796 17797 17799 17878 17879 17880 17881 \
	17882 17883 17884 17885 17886 17887 17888 17889 17890 17891 17892 \
	17893 17894 17895 17896 17897 17898 17899 17900 17901 17902 17903 \
	17970 17971 17972 17973 17974 17975 17976 17977 17978 17979 17980 \
	17981 17982 17983 17984 17985 17986 17987 17988 17989 17990 17991 \
	17992 17993 17994 17995 17996 17997 17998 17999 18003 18004 18005 \
	18022 18023 18024 18025 18026 18027 18028 18029 18030 18031 18032 \
	18073 18076 18077 18078 18079 18080 18081 18082 18083 18084 18085 \
	18086 18087 18088 18089 18090 18091 18092 18094 18095 18096 18097 \
	18098 18099 18105 18106 18121 18122 18123 18124 18125 18126 18127 \
	18128 18129 18132 18173 18174 18175 18176 18177 18178 18179 18180 \
	18181 18182 18183 18184 18185 18186 18187 18188 18189 18190 18192 \
	18194 18195 18196 18197 18198 18199 18206 18221 18222 18229 18232 \
	18233 18234 18236 18271 18272 18274 18279 18280 18281 18282 18283 \
	18284 18285 18286 18287 18288 18289 18290 18291 18292 18293 18294 \
	18295 18296 18297 18298 18299 18300 18301 18302 18303 18304 18305 \
	18306 18307 18308 18309 18310 18311 18312 18313 18314 18315 18316 \
	18317 18318 18319 18320 18321 18322 18323 18324 18325 18326 18327 \
	18328 18329 18330 18331 18332 18333 18334 18335 18336 18370 18371 \
	18379 18380 18381 18382 18383 18384 18385 18386 18387 18388 18389 \
	18390 18391 18392 18393 18394 18395 18396 18397 18398 18399 18403 \
	18404 18405 18406 18407 18408 18409 18410 18411 18412 18413 18414 \
	18415 18416 18417 18418 18420 18421 18422 18423 18424 18425 18426 \
	18427 18428 18429 18430 18431 18434 18435 18436 18463 18464 18465 \
	18466 18467 18468 18469 18470 18477 18478 18479 18480 18481 18482 \
	18483 18484 18485 18486 18487 18488 18489 18490 18491 18492 18493 \
	18494 18496 18499 18500 18501 18502 18503 18505 18506 18507 18520 \
	18521 18522 18523 18524 18525 18526 18527 18528 18529 18530 18531 \
	18536 18537 18563 18577 18579 18580 18581 18582 18583 18584 18585 \
	18586 18587 18588 18589 18590 18591 18592 18593 18596 18597 18598 \
	18599 18600 18601 18603 18604 18605 18608 18609 18620 18621 18622 \
	18623 18624 18625 18626 18627 18628 18629 18630 18631 18632 18633 \
	18634 18635 18636 18637 18638 18639 18663 18677 18678 18679 18680 \
	18681 18682 18683 18684 18685 18686 18687 18688 18689 18690 18691 \
	18692 18693 18694 18695 18696 18697 18698 18699 18700 18701 18702 \
	18703 18705 18708 18709 18710 18711 18712 18713 18714 18715 18720 \
	18721 18722 18723 18724 18725 18726 18727 18728 18729 18730 18731 \
	18732 18733 18737 18738 18739 18763 18764 18765 18766 18767 18776 \
	18777 18778 18779 18780 18781 18782 18783 18784 18785 18786 18787 \
	18788 18789 18790 18791 18792 18793 18794 18795 18796 18797 18798 \
	18799 18800 18801 18802 18803 18804 18805 18809 18815 18820 18821 \
	18824 18827 18829 18830 18831 18832 18833 18834 18835 18836 18837 \
	18838 18839 18867 18876 18877 18879 18880 18881 18882 18883 18884 \
	18885 18886 18887 18888 18889 18890 18891 18892 18893 18894 18895 \
	18896 18897 18898 18899 18900 18901 18902 18903 18904 18905 18908 \
	18909 18915 18920 18921 18922 18923 18924 18925 18926 18927 18928 \
	18929 18930 18932 18933 18934 18938 18939 18967 18968 18969 18970 \
	18971 18972 18973 18974 18975 18976 18977 18978 18979 18980 18981 \
	18982 18987 18989 18990 18991 18992 18993 18994 18995 18996 18997 \
	18998 18999 19000 19001 19002 19003 19004 19005 19006 19007 19008 \
	19009 19010 19011 19012 19015 19020 19021 19022 19023 19024 19025 \
	19026 19027 19028 19029 19030 19031 19032 19033 19034 19039 19077 \
	19078 19079 19080 19081 19082 19083 19084 19085 19086 19087 19089 \
	19090 19091 19092 19093 19094 19095 19096 19097 19098 19099 19100 \
	19101 19102 19103 19104 19105 19106 19107 19108 19112 19115 19120 \
	19121 19122 19123 19124 19125 19126 19127 19128 19129 19130 19131 \
	19132 19133 19134 19135 19136 19137 19138 19139 19140 19141 19177 \
	19178 19179 19189 19190 19191 19192 19194 19196 19200 19201 19202 \
	19203 19204 19205 19207 19208 19212 19213 19214 19215 19216 19217 \
	19218 19219 19220 19221 19222 19223 19224 19225 19226 19227 19228 \
	19229 19230 19231 19232 19233 19234 19235 19236 19237 19238 19239 \
	19240 19241 19277 19278 19279 19280 19281 19282 19283 19284 19289 \
	19291 19292 19293 19294 19295 19296 19297 19300 19301 19302 19303 \
	19304 19305 19307 19308 19314 19315 19316 19320 19321 19322 19323 \
	19324 19325 19326 19327 19328 19329 19330 19331 19333 19334 19335 \
	19336 19337 19338 19339 19340 19384 19389 19390 19391 19392 19393 \
	19394 19395 19396 19397 19398 19399 19402 19403 19404 19405 19406 \
	19407 19408 19414 19415 19416 19417 19420 19421 19422 19423 19424 \
	19425 19426 19427 19428 19429 19430 19431 19432 19433 19434 19435 \
	19436 19437 19438 19439 19477 19478 19479 19480 19481 19482 19483 \
	19484 19489 19490 19491 19492 19493 19494 19495 19496 19497 19498 \
	19500 19502 19503 19504 19505 19506 19507 19508 19509 19510 19511 \
	19512 19513 19514 19515 19516 19517 19518 19519 19520 19521 19522 \
	19523 19524 19525 19526 19527 19528 19529 19530 19531 19532 19533 \
	19534 19535 19536 19537 19538 19539 19577 19589 19590 19591 19592 \
	19593 19594 19595 19596 19597 19598 19599 19600 19602 19603 19604 \
	19605 19606 19607 19608 19609 19610 19611 19612 19613 19614 19615 \
	19616 19617 19618 19619 19620 19621 19622 19623 19624 19625 19626 \
	19627 19628 19629 19630 19631 19632 19633 19634 19635 19636 19637 \
	19638 19639 19677 19686 19687 19688 19689 19690 19691 19692 19693 \
	19694 19695 19696 19700 19701 19702 19703 19704 19705 19706 19707 \
	19708 19709 19710 19711 19712 19713 19714 19715 19716 19717 19718 \
	19719 19720 19721 19722 19723 19724 19725 19726 19727 19728 19729 \
	19730 19731 19732 19733 19734 19735 19736 19737 19738 19739 19740 \
	19745 19767 19768 19769 19770 19771 19772 19773 19774 19775 19776 \
	19777 19778 19779 19780 19781 19782 19783 19784 19785 19786 19787 \
	19788 19789 19790 19791 19792 19793 19794 19795 19796 19797 19798 \
	19799 19800 19801 19802 19803 19804 19805 19806 19807 19808 19809 \
	19810 19811 19812 19813 19814 19815 19816 19817 19818 19819 19820 \
	19821 19822 19823 19824 19825 19826 19827 19828 19829 19830 19831 \
	19832 19833 19834 19835 19836 19837 19838 19839 19840 19841 19842 \
	19843 19844 19845 19846 19847 19848 19849 19850 19851 19852 19853 \
	19854 19855 19856 19857 19858 19859 19860 19861 19862 19863 19864 \
	19865 19866 19867 19868 19869 19870 19871 19872 19873 19874 19875 \
	19876 19877 19878 19879 19880 19881 19882 19883 19884 19885 19886 \
	19887 19888 19889 19890 19891 19892 19893 19894 19895 19896 19897 \
	19898 19899 19900 19901 19902 19903 19904 19905 19906 19907 19908 \
	19909 19910 19911 19912 19913 19914 19915 19916 19917 19918 19919 \
	19920 19921 19922 19923 19924 19925 19926 19927 19932 19933 19934 \
	19935 19936 19937 19938 19939 19940 19941 19942 19943 19944 19945 \
	19946 19947 19948 19949 19950 19951 19952 19953 19954 19955 19956 \
	19957 19958 19959 19960 19961 19962 19963 19964 19965 19966 19967 \
	19968 19969 19970 19971 19972 19973 19974 19975 19976 19977 19978 \
	19979 19980 19981 19982 19983 19984 19985 19986 19987 19988 19989 \
	19990 19991 19992 19993 19999 24591 25538 31126 33784 36271 47027 \
	48027 56761 56780 56799 56855 56963 56993 57001 57030 57121 57133 \
	57170 57177 57216 57246 57295 57326 57456 57475 57708 57750 57794 \
	57829 57849 58008 58054 58112 58131 58251 58307 58403 58432 58587 \
	58705 58713 58743 59437 59649 60547 60660 61805 61843 63139 63188 \
	63222 63526 63887 64133 64869 65052 65517 66087 66504 66629 67030 \
	67365 67462 67486 67865 68233 68475 68525 68598 68661 69230 70012 \
	70084 70187 70666 70668 70680 71394 71587 71678 71918 71974 72354 \
	72624 72940 73004 73046 73784 74605 75095 75401 75481 75512 75620 \
	75775 76630 77092 77155 77345 77558 78073 78104 78285 78665 84804 \
	99534 147620 
 un 78019 4826 3019 6351 3797 81169 128535 7212 9024 \
	8958 1482 8469 1755 4948 68230 149539 128635 3851 1828 2545 \
	2406 3719 9290 5648 6348 
 uf 72477 78207 60436 88905 122280 
 am 1755 0 52578 53198 54527 
 am 1828 1 
 am 4948 0 52578 53198 54527 
 am 7212 0 52578 53198 54527 
 am 8958 0 52578 53198 54527 
 am 9024 0 52578 53198 54527 
 am 78285 0 52578 53198 54527 
CO
 li accept rk7 0
 ar 54527 0 0 0 0 0 0 0
 st 1

78019 char 0
na Villager
il	1 851 \
	54 17 \
	55 10 \
	282 19
LI
 wh 2531
CH
 lo 55827
 he 100
 lk 3
 lr 68
 sl	610 2 21 4 0 \
	612 2 28 1 0 \
	650 2 28 0 0 \
	654 2 28 101 0 \
	611 2 28 0 0 \
	653 2 28 0 0 \
	652 2 28 0 0 \
	730 2 21 0 0 \
	630 2 28 0 0 \
	732 2 14 1 0 \
	733 2 14 0 0 \
	641 2 28 0 0 \
	680 2 21 0 0
 at 80
 df 80
CM
 vp 5
CO
 li breed 54 54
 ar 54 54 0 0 0 0 0 0
 cs 2
 wa 5
 st 1
 ue 1
 de 1
 pr 3

4826 char 0
na Bacteria
il	1 8210 \
	54 26 \
	55 10 \
	114647 1
LI
 wh 1774
CH
 lo 55827
 he 100
 lk 3
 lr 50
 sl	600 2 21 0 0 \
	601 2 14 82 0 \
	603 2 14 21 0 \
	610 2 21 26 0 \
	612 2 28 1 0 \
	611 2 28 0 0 \
	630 2 28 0 0 \
	617 2 14 13 0 \
	635 2 28 0 0 \
	641 2 28 1 0 \
	650 2 28 0 0 \
	654 2 28 80 0 \
	653 2 28 0 0 \
	730 2 21 0 0 \
	732 2 14 2 0 \
	733 2 14 1 0 \
	652 2 28 0 0
 at 80
 df 80
CM
 hs 1
 vp 9
CO
 li breed 54 54
 ar 54 54 0 0 0 0 0 0
 cs 2
 wa 4
 st 1
 ue 1
 de 2
 pr 3

3019 char 0
na Fulliautomatix
il	1 174 \
	54 34
tl	2 95 873 7 0 0 0 0
LI
 wh 5115
CH
 lo 55827
 he 100
 lk 3
 lr 72
 sl	610 2 21 35 0 \
	720 2 21 0 0 \
	722 2 14 19 0 \
	617 2 14 27 0 \
	612 2 28 1 0 \
	723 2 14 0 0 \
	680 2 21 4 0 \
	682 2 14 28 0 \
	721 2 14 9 0 \
	681 2 14 0 0 \
	616 2 14 4 0 \
	630 2 28 0 0 \
	641 2 28 1 0 \
	650 2 28 0 0 \
	654 2 28 87 0 \
	653 2 28 0 0 \
	730 2 21 0 0 \
	732 2 14 2 0 \
	733 2 14 1 0 \
	652 2 28 0 0 \
	611 2 28 0 0
 at 80
 df 80
CM
 hs 1
 vp 9
 pl 6019
CO
 li breed 54 54
 ar 54 54 0 0 0 0 0 0
 wa 7
 st 1
 ue 1
 pr 3

6351 char 0
na Mopower
il	1 653 \
	54 16 \
	55 6 \
	282 9
LI
 wh 2629
CH
 lo 55827
 pl 52578
 he 100
 lk 3
 lr 72
 sl	610 2 21 0 0 \
	611 2 28 0 0 \
	650 2 28 0 0 \
	654 2 28 80 0 \
	612 2 28 1 0 \
	653 2 28 0 0 \
	652 2 28 0 0 \
	630 2 28 0 0 \
	730 2 21 0 0 \
	732 2 14 1 0 \
	733 2 14 0 0 \
	641 2 28 0 0
 bh 9
 at 80
 df 80
CM
 vp 9
CO
 li breed 55 55
 ar 55 55 0 0 0 0 0 0
 cs 2
 wa 2
 st 1
 ue 1
 de 11
 pr 3

3797 char 0
na Frogboy
il	1 810 \
	54 5 \
	80861 1
LI
 wh 19020
CH
 lo 55827
 he 100
 lk 3
 lr 6
 sl	610 2 21 21 0 \
	612 2 28 1 0 \
	720 2 21 0 0 \
	721 2 14 18 0 \
	617 2 14 26 0 \
	722 2 14 10 0 \
	723 2 14 0 0 \
	616 2 14 0 0 \
	700 2 21 0 0 \
	702 2 14 21 0 \
	630 2 28 0 0 \
	641 2 28 1 0 \
	611 2 28 0 0 \
	730 2 21 0 0 \
	732 2 14 11 0 \
	733 2 14 12 0
 mo 7800
 at 80
 df 80
CM
 hs 1
CO
 li fly fm20 north
 ar 18920 1 18920 0 0 4 19020 0
 cs 2
 wa 3
 st 1
 ue 3
 de 1
 pr 2

81169 char ni
na Onan
il	1 60 \
	55 11
LI
 wh 19120
CH
 ni 34
 lo 55827
 he -1
 lk 4
 bh 5
 at 60
 df 60
CM
 ot 59460
MI
 ca r
 ds Exploring his navel
CO
 li seek
 ar 0 0 0 0 0 0 0 0
 cs 2
 wa 5
 st 1
 de 2
 po 1
 pr 3

128535 char ni
na Cohen
il	55 11
LI
 wh 19219
CH
 ni 34
 lo 55827
 pl 54527
 he -1
 lk 4
 bh 9
 at 60
 df 60
CM
 ot 74605
MI
 ca r
CO
 li seek
 ar 0 0 0 0 0 0 0 0
 cs 2
 wa 5
 st 1
 de 2
 po 1
 pr 3

7212 char 0
na Getafix
il	1 180 \
	69 6 \
	84 7 \
	98 23 \
	261 3 \
	59437 1 \
	59460 1 \
	60870 1 \
	68399 1 \
	70469 1 \
	70815 1 \
	71291 1 \
	71551 1 \
	71586 1 \
	73942 1 \
	74605 1 \
	76000 1 \
	76743 1 \
	77163 1 \
	77175 1 \
	78104 1 \
	78758 1 \
	82753 1 \
	84804 1 \
	89180 1 \
	117473 1 \
	133889 1 \
	140332 1 \
	147688 1
LI
 wh 5638
CH
 lo 55827
 he 100
 lk 2
 lr 2
 sl	630 2 28 0 0 \
	800 2 28 0 0 \
	860 2 35 0 0 \
	802 2 14 23 0 \
	803 2 14 0 0 \
	805 2 14 0 0 \
	801 2 14 0 0 \
	900 2 42 0 0 \
	902 2 21 27 0 \
	903 2 21 0 0 \
	862 2 14 2 0 \
	804 2 21 0 0 \
	861 2 14 0 0 \
	864 2 14 0 0 \
	863 2 14 0 0 \
	865 2 14 0 0 \
	871 2 21 17 0 \
	868 2 21 0 0 \
	872 2 21 0 0 \
	867 2 21 0 0 \
	866 2 14 0 0 \
	869 2 14 0 0 \
	610 2 21 11 0 \
	813 2 21 34 0 \
	611 2 28 0 0 \
	612 2 28 2 0 \
	808 2 21 3 0 \
	880 2 42 0 0 \
	820 2 35 0 0 \
	807 2 21 9 0 \
	881 2 14 1 0 \
	920 2 0 0 0 \
	921 2 28 20 0 \
	922 2 28 63 0 \
	840 2 35 0 0 \
	911 2 21 1 0 \
	904 2 21 0 0 \
	806 2 21 1 0 \
	905 2 21 0 0 \
	901 2 28 0 0 \
	906 2 21 0 0 \
	907 2 21 0 0 \
	908 2 28 0 0 \
	809 2 21 1 0 \
	811 2 21 0 0 \
	812 2 21 0 0 \
	641 2 28 1 0 \
	814 2 21 0 0 \
	825 2 21 0 0 \
	826 2 21 0 0 \
	827 2 21 0 0 \
	828 2 21 0 0 \
	829 2 21 0 0 \
	909 2 21 1 0 \
	831 2 28 0 0 \
	832 2 21 0 0 \
	833 2 21 0 0 \
	884 2 28 0 0 \
	885 2 14 0 0 \
	886 2 14 0 0 \
	887 2 21 0 0 \
	888 2 21 0 0 \
	889 2 21 0 0 \
	891 2 21 0 0 \
	892 2 21 0 0 \
	893 2 21 0 0 \
	894 2 21 0 0 \
	841 2 21 0 0 \
	821 2 21 0 0 \
	822 2 21 0 0 \
	823 2 21 2 0 \
	824 2 21 0 0 \
	846 2 21 0 0 \
	882 2 14 0 0 \
	883 2 14 0 0 \
	844 2 21 4 0 \
	849 2 21 8 0 \
	842 2 14 1 0 \
	851 2 21 2 0 \
	845 2 21 6 0 \
	852 2 21 0 0 \
	843 2 21 0 0 \
	847 2 21 0 0 \
	848 2 21 0 0 \
	617 2 14 9 0
 bh 9
 at 80
 df 80
CM
 im 1
 ma 53
 ca 109
 rb 1
 hs 1
 kw 1
 vp 16
 pl 6019
 ar 70469
CO
 li use 844 845
 ar 845 0 0 0 0 0 0 844
 cs 2
 wa 7
 st 1
 us 844
 ue 1
 de 14
 pr 3

9024 char 0
na Asterix
il	1 1847 \
	54 17 \
	98 1 \
	64911 1 \
	71731 1 \
	73178 1 \
	74489 1 \
	77472 1 \
	78006 1 \
	104806 1 \
	111333 1 \
	116836 1 \
	120700 1 \
	126750 1 \
	126971 1 \
	133687 1 \
	148414 1
LI
 wh 5638
 hl 8958 
CH
 lo 55827
 he 100
 lk 2
 lr 1
 sl	610 2 21 15 0 \
	680 2 21 3 0 \
	700 2 21 0 0 \
	612 2 28 1 0 \
	702 2 14 18 0 \
	703 2 14 0 0 \
	704 2 14 73 0 \
	682 2 14 20 0 \
	617 2 14 14 0 \
	690 2 28 70 0 \
	693 2 21 5 0 \
	705 2 14 0 0 \
	691 2 21 0 0 \
	694 2 21 0 0 \
	697 2 28 0 0 \
	707 2 14 0 0 \
	692 2 21 0 0 \
	706 2 14 0 0 \
	701 2 14 0 0 \
	695 2 21 20 0 \
	696 2 14 0 0 \
	681 2 14 0 0 \
	611 2 28 0 0 \
	613 2 14 0 0 \
	614 2 14 0 0 \
	616 2 14 0 0 \
	615 2 21 0 0 \
	630 2 28 0 0 \
	670 2 28 0 0 \
	641 2 28 1 0 \
	671 2 14 0 0 \
	631 2 14 0 0 \
	636 2 14 0 0 \
	632 2 14 0 0 \
	634 2 14 0 0 \
	800 2 28 0 0 \
	802 2 14 8 0 \
	801 2 14 0 0 \
	803 2 14 0 0 \
	804 2 21 0 0 \
	805 2 14 0 0 \
	807 2 21 4 0 \
	675 2 21 0 0
 at 80
 df 80
 mi 50
CM
 im 1
 ma 7
 ca 6
 hs 1
 vp 9
CO
 li use 807 8958 3
 ar 8958 3 0 0 0 0 0 807
 cs 2
 wa 6
 st 1
 us 807
 ue 1
 de 1
 pr 3

8958 char 0
na Impedimenta
il	1 56 \
	54 57
LI
 wh 9024
 hl 1482 
CH
 lo 55827
 pl 100
 he 16
 si 1
 lk 3
 lr 87
 sl	610 2 21 7 0 \
	612 2 28 1 0 \
	613 2 14 2 0 \
	670 2 28 0 0 \
	690 2 28 0 0 \
	671 2 14 0 0 \
	673 2 14 0 0 \
	672 2 21 0 0 \
	674 2 21 0 0 \
	695 2 21 12 0 \
	676 2 14 0 0 \
	675 2 21 0 0 \
	630 2 28 0 0 \
	641 2 28 1 0 \
	617 2 14 0 0 \
	650 2 28 0 0 \
	654 2 28 73 0 \
	653 2 28 0 0 \
	611 2 28 0 0 \
	730 2 21 0 0 \
	732 2 14 0 0 \
	733 2 14 0 0 \
	652 2 28 0 0
 at 80
 df 80
CM
 hs 1
CO
 li breed 54 54
 ar 54 54 0 0 0 0 0 0
 wa 7
 st 1
 ue 2
 pr 3

1482 char 0
na Dinsdale
il	1 56 \
	54 123 \
	98 1 \
	63783 1
LI
 wh 8958
CH
 lo 55827
 he 62
 lk 3
 lr 82
 sl	610 2 21 71 0 \
	611 2 28 0 0 \
	612 2 28 1 0 \
	630 2 28 0 0 \
	635 2 28 0 0 \
	641 2 28 1 0 \
	730 2 21 0 0 \
	732 2 14 5 0 \
	733 2 14 6 0
 ra 70
 at 80
 df 80
CM
 hs 1
 pl 2166
CO
 li use 733 f783
 ar 63783 0 0 0 0 0 0 733
 us 733
 ue 2
 de 13
 pr 3

8469 char 0
na Mani
il	1 210 \
	54 14 \
	55 10 \
	282 11
LI
 wh 5638
CH
 lo 55827
 pl 54527
 he 100
 lk 3
 lr 70
 sl	610 2 21 25 0 \
	612 2 28 1 0 \
	630 2 28 0 0 \
	611 2 28 0 0 \
	641 2 28 1 0 \
	617 2 14 3 0 \
	670 2 28 0 0 \
	671 2 14 0 0 \
	650 2 28 0 0 \
	654 2 28 65 0 \
	653 2 28 0 0 \
	652 2 28 0 0 \
	730 2 21 0 0 \
	732 2 14 1 0 \
	733 2 14 0 0
 at 80
 df 80
CM
 hs 1
MI
 di 1
CO
 li breed 282 282
 ar 282 282 0 0 0 0 0 0
 cs 2
 wa 1
 st 1
 ue 1
 de 5
 pr 3

1755 char 0
na Dogmatix
il	52 50 \
	54 262 \
	55 145 \
	76 9 \
	94 35 \
	98 12 \
	271 10 \
	272 1 \
	282 822 \
	285 10 \
	286 1 \
	288 10 \
	289 1 \
	291 3 \
	295 1 \
	60712 1 \
	60877 1 \
	61372 1 \
	66549 1 \
	142079 1
LI
 wh 6459
CH
 lo 55827
 he 100
 lk 2
 lr 1
 sl	650 2 28 0 0 \
	655 2 14 15 0 \
	656 2 14 14 0 \
	654 2 28 167 0 \
	610 2 21 4 0 \
	652 2 28 0 0 \
	661 2 21 2 0 \
	612 2 28 1 0 \
	653 2 28 0 0 \
	658 2 21 0 0 \
	657 2 21 7 0 \
	659 2 21 0 0 \
	611 2 28 0 0 \
	651 2 21 0 0 \
	690 2 28 0 0 \
	695 2 21 1 0 \
	630 2 28 0 0 \
	641 2 28 1 0
 at 80
 df 80
CM
 hs 1
 pl 9624
CO
 li breed 76 76
 ar 76 76 0 0 0 0 0 0
 st 1
 ue 2
 de 6
 pr 3

4948 char 0
na Cacofonix
il	1 600
tl	2 95 9 7 0 0 0 0
LI
 wh 147620
CH
 lo 55827
 he 100
 lk 3
 lr 12
 sl	610 2 21 26 0 \
	750 2 35 17 0 \
	753 2 21 39 0 \
	755 2 28 0 0 \
	756 2 28 36 0 \
	752 2 28 0 0 \
	754 2 28 6 0 \
	751 2 28 34 0 \
	612 2 28 1 0 \
	615 2 21 0 0 \
	630 2 28 0 0 \
	641 2 28 1 0 \
	730 2 21 0 0 \
	732 2 14 0 0 \
	733 2 14 0 0 \
	614 2 14 5 0
 bh 9
 at 80
 df 80
 mi 50
 dt 232 2 6932
CM
 hs 1
 pr 1
 vp 12
 vi 1705 3746 4064 4096 4238 4401 5203 6356 6895 7090 \
	7196 7835 9282 9494 16375 16948 56827 57711 57842 57877 58070 \
	69718 77329 77423 78150 
CO
 li use 614
 ar 0 0 0 0 0 0 0 614
 st 1
 us 614
 ue 1
 de 7
 pr 3

68230 char 0
na Geriatrix's Wife
il	1 15532 \
	54 58
LI
 wh 58432
CH
 lo 55827
 he 100
 lk 3
 lr 35
 sl	610 2 21 8 0 \
	630 2 28 0 0 \
	641 2 28 1 0 \
	612 2 28 1 0 \
	730 2 21 0 0 \
	732 2 14 0 0 \
	733 2 14 0 0 \
	611 2 28 0 0
 bh 9
 at 80
 df 80
CM
 hs 1
 vp 4
CO
 li fly v72 in
 ar 58432 7 58432 0 0 1 19220 0
 st 1
 ue 1
 de 1
 pr 2

149539 char ni
il	55 13
LI
 wh 19221
CH
 ni 32
 lo 55827
 he -1
 lk 4
 bh 9
 at 60
 df 60
CM
 ot 71551
MI
 ca r
CO
 li seek
 ar 0 0 0 0 0 0 0 0
 cs 2
 wa 5
 st 1
 de 2
 po 1
 pr 3

128635 char ni
na Soothsayer
il	55 14
ah 77462 
LI
 wh 19320
CH
 ni 31
 lo 55827
 he -1
 lk 4
 bh 9
 at 60
 df 60
CM
 ot 59437
MI
 ca r
CO
 li seek
 ar 0 0 0 0 0 0 0 0
 cs 2
 wa 5
 st 1
 de 2
 po 1
 pr 3

3851 char 0
na Obelix
il	1 681 \
	54 59 \
	55 9
LI
 wh 5536
CH
 lo 55827
 he 100
 lk 3
 lr 39
 sl	610 2 21 3 0 \
	650 2 28 0 0 \
	654 2 28 130 0 \
	612 2 28 1 0 \
	630 2 28 0 0 \
	641 2 28 1 0 \
	611 2 28 0 0 \
	653 2 28 0 0 \
	652 2 28 0 0 \
	730 2 21 0 0 \
	732 2 14 2 0 \
	733 2 14 0 0
 at 80
 df 80
CM
 hs 1
 vp 4
CO
 li breed 54 54
 ar 54 54 0 0 0 0 0 0
 cs 2
 wa 3
 st 1
 ue 1
 de 3
 pr 3

1828 char 0
na Pitcairn
il	1 60 \
	11 2 \
	19 8 \
	54 3 \
	89121 1 \
	89304 1
tl	2 87 724 2 0 0 0 0
LI
 wh 2650
CH
 lo 55827
 he 100
 lk 3
 lr 73
 sl	600 2 21 0 0 \
	601 2 14 197 0 \
	610 2 21 17 0 \
	612 2 28 1 0 \
	602 2 14 1 0 \
	603 2 14 34 0 \
	630 2 28 0 0 \
	730 2 21 0 0 \
	732 2 14 2 0 \
	733 2 14 0 0 \
	731 2 14 0 0 \
	635 2 28 0 0 \
	641 2 28 1 0
 at 80
 df 80
CM
 hs 1
CO
 li sail fs30 south
 ar 19430 3 19430 0 0 2 19330 0
 cs 2
 wa 1
 st 1
 ue 1
 de 1
 pr 4

2545 char 0
na Dirbad
il	1 564 \
	54 21 \
	55 10 \
	282 10
LI
 wh 6018
CH
 lo 55827
 pl 52578
 he 100
 lk 3
 lr 70
 sl	650 2 28 0 0 \
	654 2 28 89 0 \
	610 2 21 0 0 \
	611 2 28 0 0 \
	612 2 28 1 0 \
	653 2 28 0 0 \
	652 2 28 0 0 \
	630 2 28 0 0 \
	641 2 28 0 0 \
	730 2 21 0 0 \
	732 2 14 1 0 \
	733 2 14 0 0
 bh 9
 at 80
 df 80
CM
 vp 10
CO
 li breed 282 282
 ar 282 282 0 0 0 0 0 0
 cs 2
 wa 1
 st 1
 ue 1
 de 5
 pr 3

2406 char 0
na Ravi
il	1 30 \
	54 95 \
	80884 1
LI
 wh 6018
CH
 lo 55827
 pl 54527
 he 100
 lk 3
 lr 71
 sl	650 2 28 0 0 \
	655 2 14 15 0 \
	656 2 14 12 0 \
	654 2 28 170 0 \
	652 2 28 0 0 \
	653 2 28 0 0 \
	610 2 21 2 0 \
	657 2 21 21 0 \
	612 2 28 1 0 \
	615 2 21 3 0 \
	651 2 21 0 0 \
	616 2 14 4 0 \
	611 2 28 0 0 \
	630 2 28 0 0 \
	641 2 28 1 0 \
	730 2 21 0 0 \
	732 2 14 0 0 \
	733 2 14 1 0
 at 80
 df 80
 mi 50
CM
 hs 1
CO
 li use 733 80884
 ar 80884 0 0 0 0 0 0 733
 st 1
 us 733
 ue 1
 de 14
 pr 3

3719 char 0
na Doug
il	1 5480 \
	54 76 \
	98 1 \
	143291 1
LI
 wh 57794
CH
 lo 55827
 he 100
 lk 3
 lr 71
 sl	610 2 21 33 0 \
	680 2 21 9 0 \
	682 2 14 44 0 \
	612 2 28 1 0 \
	630 2 28 0 0 \
	635 2 28 0 0 \
	641 2 28 1 0 \
	617 2 14 5 0 \
	611 2 28 0 0 \
	730 2 21 0 0 \
	732 2 14 5 0 \
	733 2 14 5 0
 at 80
 df 80
CM
 hs 1
 pl 6149
MI
 ds BEWARE OF DOuG
CO
 li fly n34 in
 ar 57794 7 57794 0 0 1 19525 0
 st 1
 ue 1
 de 1
 pr 2

9290 char 0
na Crabigail
il	54 97 \
	95378 35
tl	2 95378 35 157 0 0 0 0
LI
 wh 57794
CH
 lo 55827
 he 100
 lk 2
 lr 1
 sl	610 2 21 52 0 \
	611 2 28 0 0 \
	617 2 14 37 0 \
	616 2 14 38 0 \
	612 2 28 1 0 \
	615 2 21 6 0 \
	613 2 14 0 0 \
	614 2 14 6 0 \
	630 2 28 0 0 \
	635 2 28 0 0 \
	641 2 28 0 0 \
	730 2 21 0 0 \
	732 2 14 4 0 \
	733 2 14 6 0
 at 101
 df 105
 mi 73
CM
 pl 6149
CO
 li fly n34 in
 ar 57794 7 57794 0 0 1 19525 0
 st 1
 ue 2
 de 1
 pr 2

5648 char 0
na Thistle
il	1 4418 \
	54 23 \
	55 9 \
	282 10
LI
 wh 8354
CH
 lo 55827
 pl 52578
 he 100
 lk 3
 lr 73
 sl	650 2 28 0 0 \
	654 2 28 85 0 \
	610 2 21 0 0 \
	611 2 28 0 0 \
	612 2 28 1 0 \
	653 2 28 0 0 \
	652 2 28 0 0 \
	630 2 28 0 0 \
	730 2 21 0 0 \
	641 2 28 0 0 \
	732 2 14 0 0 \
	733 2 14 0 0
 bh 9
 at 80
 df 80
CM
 vp 10
CO
 li breed 55 55
 ar 55 55 0 0 0 0 0 0
 cs 2
 wa 2
 st 1
 ue 1
 de 11
 pr 3

6348 char 0
na Narci
il	1 947 \
	54 41 \
	55 15
LI
 wh 7314
CH
 lo 55827
 pl 54527
 he 100
 lk 3
 lr 43
 sl	610 2 21 23 0 \
	612 2 28 1 0 \
	630 2 28 0 0 \
	641 2 28 1 0 \
	611 2 28 0 0 \
	650 2 28 0 0 \
	654 2 28 55 0 \
	653 2 28 0 0 \
	652 2 28 0 0 \
	730 2 21 0 0 \
	732 2 14 2 0 \
	733 2 14 0 0
 bh 1
 at 80
 df 80
CM
 hs 1
 vp 10
CO
 li breed 54 54
 ar 54 54 0 0 0 0 0 0
 wa 7
 st 1
 ue 1
 pr 3

