55976 player pl_regular
na The Call
il	1 2825 \
	78 100
ad 50106 50557 55976 
CH
PL
 fn Ross M. Nette
 em ja_garvey@hotmail.com
 ve rmnt@cyberspace.org
 pw snickerdoodle
 np 5
 fs 25
 ft 52
 lt 260
 kn 600 601 602 603 610 611 612 614 615 616 \
	617 630 631 633 634 635 636 637 639 641 650 \
	652 653 654 655 656 657 658 680 682 700 702 \
	720 721 722 860 861 862 863 865 866 867 868 \
	872 900 904 905 906 907 908 909 911 1136 2321 \
	2928 3575 5381 7588 7857 9921 10000 10001 10002 10003 10004 \
	10005 10006 10007 10008 10009 10010 10011 10012 10013 10014 10015 \
	10016 10017 10018 10019 10020 10021 10022 10023 10024 10025 10026 \
	10027 10028 10098 10099 10107 10108 10109 10127 10128 10129 10130 \
	10138 10139 10141 10142 10143 10144 10145 10146 10147 10148 10149 \
	10150 10192 10193 10194 10195 10196 10197 10198 10205 10206 10207 \
	10208 10229 10230 10231 10238 10239 10240 10241 10242 10243 10244 \
	10245 10246 10247 10248 10249 10250 10251 10258 10259 10269 10270 \
	10271 10272 10273 10292 10303 10304 10305 10330 10331 10332 10333 \
	10334 10335 10336 10337 10338 10339 10340 10341 10342 10343 10344 \
	10345 10346 10347 10348 10349 10350 10351 10352 10357 10358 10359 \
	10360 10361 10362 10363 10364 10365 10366 10367 10368 10369 10370 \
	10371 10372 10373 10374 10375 10376 10377 10378 10379 10380 10381 \
	10382 10383 10384 10385 10386 10387 10388 10392 10393 10401 10402 \
	10403 10431 10439 10440 10441 10442 10443 10444 10445 10446 10447 \
	10448 10449 10450 10451 10452 10453 10454 10455 10456 10457 10458 \
	10459 10460 10461 10462 10463 10464 10465 10466 10467 10468 10469 \
	10470 10471 10472 10473 10474 10475 10476 10477 10478 10479 10480 \
	10481 10482 10483 10485 10486 10487 10488 10492 10493 10494 10501 \
	10530 10540 10541 10542 10546 10552 10553 10554 10556 10557 10558 \
	10559 10560 10561 10562 10563 10564 10565 10566 10567 10568 10569 \
	10570 10571 10572 10573 10583 10585 10586 10587 10588 10589 10590 \
	10591 10592 10593 10594 10595 10601 10602 10630 10641 10642 10643 \
	10644 10645 10646 10650 10651 10652 10653 10654 10655 10656 10657 \
	10658 10659 10660 10661 10662 10663 10664 10665 10666 10667 10668 \
	10669 10670 10671 10672 10673 10683 10689 10690 10691 10692 10693 \
	10695 10696 10697 10701 10723 10725 10726 10727 10728 10729 10730 \
	10731 10732 10733 10734 10744 10745 10746 10747 10750 10753 10756 \
	10757 10758 10759 10760 10761 10762 10763 10764 10765 10766 10767 \
	10768 10769 10770 10771 10772 10773 10774 10775 10776 10777 10778 \
	10779 10780 10781 10782 10783 10785 10786 10787 10788 10789 10790 \
	10791 10792 10797 10801 10822 10823 10824 10825 10827 10828 10829 \
	10830 10831 10834 10835 10845 10846 10847 10853 10854 10855 10856 \
	10857 10858 10859 10860 10861 10862 10863 10864 10865 10866 10867 \
	10868 10869 10870 10871 10873 10882 10883 10884 10885 10886 10887 \
	10888 10889 10890 10891 10897 10901 10902 10922 10923 10924 10925 \
	10926 10927 10931 10935 10936 10937 10938 10939 10940 10945 10946 \
	10947 10948 10953 10954 10955 10956 10957 10958 10959 10960 10961 \
	10962 10963 10964 10965 10966 10967 10968 10969 10970 10971 10972 \
	10973 10974 10983 10986 10987 10988 10989 10990 10991 10997 10998 \
	11000 11001 11040 11045 11047 11048 11049 11053 11054 11055 11056 \
	11057 11058 11059 11060 11061 11062 11063 11064 11065 11066 11067 \
	11068 11069 11070 11071 11072 11074 11083 11084 11085 11086 11087 \
	11088 11089 11090 11091 11098 11100 11140 11145 11146 11147 11148 \
	11149 11156 11157 11158 11159 11160 11161 11162 11163 11164 11165 \
	11166 11167 11168 11169 11170 11171 11172 11174 11180 11181 11182 \
	11183 11184 11186 11187 11189 11190 11191 11198 11199 11200 11240 \
	11241 11248 11249 11250 11251 11252 11253 11254 11255 11256 11257 \
	11259 11260 11261 11262 11263 11264 11265 11266 11267 11268 11269 \
	11270 11271 11272 11273 11274 11279 11280 11286 11287 11289 11290 \
	11291 11299 11300 11341 11342 11343 11352 11353 11356 11357 11358 \
	11359 11360 11361 11362 11363 11364 11365 11366 11367 11368 11369 \
	11370 11371 11386 11387 11388 11389 11390 11391 11399 11400 11443 \
	11458 11459 11460 11461 11462 11463 11464 11465 11466 11467 11469 \
	11470 11471 11487 11488 11489 11490 11491 11499 11500 11543 11544 \
	11545 11546 11547 11548 11549 11550 11551 11552 11553 11554 11555 \
	11559 11560 11564 11565 11566 11567 11568 11569 11571 11572 11573 \
	11574 11575 11576 11577 11578 11579 11580 11581 11582 11583 11587 \
	11590 11591 11592 11593 11598 11599 11600 11655 11656 11657 11658 \
	11659 11660 11661 11662 11663 11664 11665 11683 11684 11685 11687 \
	11691 11693 11697 11698 11700 11758 11759 11760 11761 11762 11763 \
	11764 11765 11766 11767 11768 11769 11770 11771 11785 11787 11788 \
	11789 11790 11791 11793 11797 11800 11858 11859 11862 11871 11885 \
	11886 11887 11888 11889 11890 11891 11892 11893 11894 11897 11900 \
	11958 11959 11962 11968 11971 11993 11994 11995 11996 11997 12000 \
	12058 12059 12060 12061 12062 12063 12064 12065 12066 12067 12068 \
	12069 12070 12071 12072 12073 12074 12075 12093 12100 12158 12159 \
	12160 12161 12162 12168 12175 12193 12200 12258 12259 12262 12268 \
	12275 12291 12292 12293 12300 12358 12359 12362 12368 12375 12391 \
	12393 12400 12451 12452 12453 12454 12455 12456 12457 12458 12459 \
	12460 12461 12462 12463 12464 12465 12466 12467 12468 12475 12476 \
	12477 12478 12479 12480 12481 12482 12483 12484 12485 12486 12487 \
	12488 12489 12490 12491 12492 12493 12500 12551 12552 12553 12554 \
	12555 12556 12557 12558 12559 12560 12561 12591 12592 12593 12600 \
	12649 12650 12651 12652 12653 12654 12655 12656 12657 12658 12660 \
	12691 12692 12693 12700 12749 12751 12758 12759 12760 12784 12791 \
	12792 12793 12800 12849 12850 12851 12853 12854 12855 12856 12857 \
	12858 12859 12860 12861 12862 12863 12864 12865 12884 12891 12892 \
	12893 12900 12949 12953 12965 12984 12985 12986 12987 12988 12989 \
	12990 12991 12992 12993 13000 13053 13065 13092 13093 13100 13151 \
	13152 13153 13165 13166 13167 13168 13169 13170 13171 13172 13173 \
	13174 13175 13192 13193 13200 13251 13275 13291 13292 13300 13351 \
	13375 13376 13377 13378 13379 13380 13390 13391 13400 13480 13481 \
	13482 13484 13485 13486 13487 13488 13489 13490 13491 13500 13582 \
	13583 13584 13585 13586 13587 13588 13589 13590 13600 13700 13800 \
	13900 14000 14100 14200 14300 14400 14500 14600 14700 14800 14900 \
	15000 15100 15200 15247 15248 15249 15250 15300 15347 15348 15349 \
	15350 15351 15400 15449 15450 15451 15500 15549 15550 15600 15633 \
	15645 15646 15647 15648 15649 15650 15700 15733 15734 15735 15745 \
	15749 15800 15835 15836 15837 15838 15845 15849 15900 15938 15939 \
	15940 15941 15942 15943 15944 15945 15949 16000 16047 16048 16049 \
	16100 16148 16166 16200 16266 16300 16366 16400 16466 16500 16566 \
	16600 16666 16667 16668 16669 16670 16671 16672 16673 16674 16675 \
	16676 16677 16678 16700 16778 16779 16780 16781 16782 16783 16784 \
	16785 16786 16787 16788 16789 16790 16791 16792 16800 16892 16893 \
	16894 16895 16896 16897 16900 16997 17000 17097 17100 17197 17198 \
	17200 17298 17300 17398 17400 17498 17499 17500 17599 17600 17699 \
	17700 17799 17800 17899 17900 17999 18000 18099 18100 18199 28942 \
	57019 57028 57047 57081 57088 57116 57134 57200 57222 57291 57352 \
	57531 57541 57553 57658 57666 57685 57743 57757 57852 57865 57882 \
	57893 58031 58112 58138 58351 58447 58462 58485 58520 58608 60343 \
	60362 61109 62610 63287 64739 65785 66092 66583 66785 66854 67722 \
	68051 68306 68312 68906 70009 70083 70130 72176 73137 73657 74383 \
	74856 75096 77046 137096 
 un 6299 1088 5408 3275 3148 2085 59064 8611 7643 
 uf 75495 71219 112390 91157 138973 
 am 1088 0 51167 61651 
 am 55976 0 50106 50557 52468 55184 51454 54636 51167 \
	56183 56406 
 am 70009 0 55985 55749 56183 56406 53436 52468 55184 \
	51454 54636 
 am 73137 0 50106 123111 
 am 74383 0 70532 65789 
 am 77195 0 123111 
CO
 li accept 0 0
 ar 0 0 0 0 0 0 0 0
 st 1

6299 char 0
na Hetepheres
il	1 2930 \
	54 30 \
	282 175 \
	61440 1
tl	2 94 83 4 0 0 0 0
ah 1606 
LI
 wh 10340
CH
 lo 55976
 he 100
 lk 2
 lr 1
 sl	680 2 21 4 0 \
	682 2 14 18 0 \
	650 2 28 0 0 \
	654 2 28 134 0 \
	653 2 28 0 0 \
	655 2 14 5 0 \
	610 2 21 17 0 \
	612 2 28 1 0 \
	652 2 28 0 0 \
	611 2 28 0 0 \
	658 2 21 0 0 \
	657 2 21 16 0 \
	615 2 21 0 0 \
	616 2 14 0 0 \
	617 2 14 0 0 \
	600 2 21 0 0
 at 80
 df 80
 mi 50
MI
 ds Atala Confederacy
CO
 li breed 282 282
 ar 282 282 0 0 0 0 0 0
 cs 1
 wa 7
 st 1
 ue 3
 pr 3

1088 char 0
na Magician's Helper
il	1 1115 \
	54 9 \
	98 1 \
	61551 1 \
	64417 1 \
	64752 1 \
	64772 1 \
	66779 1 \
	67058 1 \
	68436 1
tl	2 87 539 2 0 0 0 0
ah 1606 
LI
 wh 11968
 hl 61651 
CH
 lo 55976
 he 100
 lk 2
 lr 1
 sl	700 2 21 0 0 \
	702 2 14 0 0 \
	650 2 28 0 0 \
	654 2 28 124 0 \
	610 2 21 19 0 \
	653 2 28 0 0 \
	612 2 28 1 0 \
	611 2 28 0 0 \
	652 2 28 0 0 \
	630 2 28 0 0 \
	900 2 42 0 0 \
	907 0 0 0 0 \
	904 0 0 0 0 \
	906 0 0 0 0 \
	909 0 0 0 0 \
	911 2 21 0 0 \
	905 0 0 0 0 \
	908 2 28 0 0
 mo 7800
 ra 70
 at 80
 df 80
CM
 im 1
 ma 3
 ca 3
 pl 136845
MI
 ds Death comes all
CO
 li fly bc75 n
 ar 0 1 11868 0 0 3 11968 0
 cs 2
 wa 2
 st 1
 ue 1
 de 1
 pr 2

5408 char 0
na Atalanta
il	1 10984 \
	54 11 \
	261 1 \
	285 47 \
	76823 1
tl	2 94 949 4 0 0 0 0
ah 1606 
LI
 wh 12375
 hl 3275 3148 2085 59064 8611 
CH
 lo 55976
 he 100
 lk 2
 lr 1
 sl	680 2 21 1 0 \
	610 2 21 6 0 \
	612 2 28 1 0 \
	611 2 28 0 0 \
	650 2 28 0 0 \
	654 2 28 137 0 \
	653 2 28 0 0 \
	658 2 21 0 0 \
	652 2 28 0 0 \
	616 2 14 2 0 \
	630 2 28 0 0
 mo 7795
 at 80
 df 80
CM
MI
 ds The star is at the apex
CO
 li fly ba72 e
 ar 0 2 12376 0 0 8 12375 0
 cs 2
 wa 2
 st 1
 ue 1
 de 6
 pr 2

3275 char 0
na Pestilence
il	1 12493 \
	54 4 \
	285 57
tl	2 94 967 4 0 0 0 0 \
	2 95 954 7 0 0 0 0
ah 1606 
LI
 wh 5408
CH
 lo 55976
 he 100
 lk 2
 lr 1
 sl	610 2 21 8 0 \
	720 2 21 0 0 \
	650 2 28 0 0 \
	654 2 28 136 0 \
	653 2 28 0 0 \
	652 2 28 0 0 \
	680 2 21 0 0 \
	611 2 28 0 0 \
	630 2 28 0 0 \
	721 2 14 0 0 \
	639 2 21 0 0 \
	636 2 14 0 0 \
	637 0 0 0 0 \
	641 2 28 0 0
 mo 7795
 bp 50
 at 80
 df 80
MI
 ds Before Death
CO
 li breed 285 285
 ar 285 285 0 0 0 0 0 0
 cs 1
 wa 7
 pr 3

3148 char 0
na Nefertiti
il	1 19554 \
	54 5 \
	98 2 \
	285 40
tl	2 94 63 4 0 0 0 0
ah 1136 1606 73137 
LI
 wh 5408
CH
 lo 55976
 he 100
 lk 2
 lr 1
 sl	650 2 28 0 0 \
	654 2 28 146 0 \
	610 2 21 9 0 \
	655 2 14 3 0 \
	653 2 28 0 0 \
	612 2 28 1 0 \
	658 2 21 0 0 \
	611 2 28 0 0 \
	720 2 21 0 0 \
	721 2 14 2 0 \
	652 2 28 0 0 \
	630 2 28 0 0 \
	900 2 42 0 0 \
	911 2 21 0 0
 mo 7795
 ra 70
 at 80
 df 80
CM
 im 1
 ma 2
 ca 2
 pl 5134
MI
 ds Waves a Mauve Banner
CO
 li breed 285 285
 ar 285 285 0 0 0 0 0 0
 cs 1
 wa 7
 ue 1
 pr 3

2085 char 0
na Cleopatra
il	1 11274 \
	54 4 \
	98 1 \
	285 37
tl	2 94 58 4 0 0 0 0
ah 1606 
LI
 wh 5408
CH
 lo 55976
 he 100
 lk 2
 lr 1
 sl	650 2 28 0 0 \
	654 2 28 152 0 \
	610 2 21 8 0 \
	612 2 28 1 0 \
	653 2 28 0 0 \
	652 2 28 0 0 \
	611 2 28 0 0 \
	655 2 14 8 0 \
	630 2 28 0 0 \
	641 2 28 0 0 \
	636 0 0 0 0 \
	639 1 14 0 0 \
	900 2 42 0 0 \
	911 2 21 0 0
 mo 7795
 at 80
 df 80
CM
 im 1
 ma 2
 ca 2
MI
 ds Signal Tauraus
CO
 li breed 285 285
 ar 285 285 0 0 0 0 0 0
 cs 1
 wa 7
 st 1
 ue 1
 pr 3

59064 char 0
na Death
il	1 1383 \
	54 14 \
	285 47
tl	2 94 949 4 0 0 0 0
LI
 wh 5408
CH
 lo 55976
 he 100
 lk 2
 lr 1
 sl	610 2 21 9 0 \
	630 2 28 0 0 \
	639 2 21 0 0 \
	612 2 28 0 0 \
	611 2 28 0 0 \
	636 2 14 0 0 \
	637 2 21 0 0 \
	641 2 28 1 0 \
	614 2 14 0 0 \
	615 2 21 0 0 \
	650 2 28 0 0 \
	652 2 28 0 0 \
	653 2 28 0 0 \
	654 2 28 63 0
 mo 7795
 bp 50
 ra 70
 at 80
 df 80
 mi 50
CM
 hs 1
 pl 1850
MI
 ds The Fox returns!
CO
 li breed 285 285
 ar 285 285 0 0 0 0 0 0
 cs 1
 wa 7
 st 1
 ue 1
 pr 3

8611 char 0
na Apocalypse
il	1 36325 \
	54 5 \
	63 1 \
	68 30 \
	72 15 \
	75 21 \
	79 51 \
	98 1 \
	261 6 \
	285 57
tl	2 94 84 4 0 0 0 0
LI
 wh 5408
 hl 7643 
CH
 lo 55976
 he 100
 lk 2
 lr 1
 sl	610 2 21 6 0 \
	612 2 28 1 0 \
	650 2 28 0 0 \
	654 2 28 138 0 \
	653 2 28 0 0 \
	652 2 28 0 0 \
	657 2 21 16 0 \
	658 2 21 0 0 \
	615 2 21 0 0 \
	900 2 42 0 0 \
	911 2 21 2 0 \
	908 2 28 1 0 \
	611 2 28 0 0
 mo 7795
 ra 70
 at 80
 df 80
 mi 50
CM
 im 1
 ma 3
 ca 30
 pl 76206
MI
 ds Time to Die!
CO
 li breed 285 285
 ar 285 285 0 0 0 0 0 0
 cs 1
 wa 7
 st 1
 ue 1
 pr 3

7643 char 0
na Famine
il	1 3044 \
	54 31 \
	98 1 \
	285 36
tl	2 94 66 4 0 0 0 0
ah 1606 
LI
 wh 8611
CH
 lo 55976
 he 100
 lk 2
 lr 1
 sl	600 2 21 0 0 \
	601 2 14 6 0 \
	602 2 14 0 0 \
	650 2 28 0 0 \
	653 2 28 0 0 \
	610 2 21 6 0 \
	654 2 28 143 0 \
	612 2 28 1 0 \
	652 2 28 0 0 \
	611 2 28 0 0 \
	630 2 28 0 0
 mo 7795
 at 80
 df 80
MI
 ds This one is for you!
CO
 li breed 285 285
 ar 285 285 0 0 0 0 0 0
 cs 1
 wa 7
 st 1
 ue 1
 pr 3

