55985 player pl_regular
na Liquid Fire
il	1 1725
CH
PL
 fn Andy Chu
 em Harington@yahoo.com
 pw liquidearth
 np 22
 fs 15
 ft 57
 lt 251
 kn 69 600 601 602 603 610 611 612 614 615 \
	616 617 630 631 641 650 651 652 653 654 655 \
	656 661 670 671 680 681 682 690 700 701 702 \
	703 704 705 706 707 720 721 722 800 801 802 \
	803 804 805 806 807 808 809 811 812 813 814 \
	820 821 822 823 824 825 826 827 828 829 831 \
	832 833 840 841 842 843 844 845 846 847 848 \
	849 851 852 860 861 862 863 864 865 866 867 \
	868 869 871 872 880 881 882 883 884 885 886 \
	887 888 889 891 892 893 894 900 901 902 903 \
	904 905 906 907 908 909 911 920 921 922 3969 \
	4508 5677 6980 7986 9708 10170 10171 10172 10173 10174 10175 \
	10176 10177 10178 10241 10242 10270 10271 10272 10273 10274 10275 \
	10276 10277 10278 10279 10280 10286 10287 10288 10289 10339 10340 \
	10341 10342 10343 10365 10366 10367 10368 10369 10370 10371 10372 \
	10373 10374 10375 10376 10377 10378 10379 10380 10381 10382 10383 \
	10384 10385 10386 10389 10439 10440 10441 10442 10443 10464 10465 \
	10466 10467 10468 10469 10470 10471 10472 10473 10474 10475 10476 \
	10477 10478 10479 10480 10481 10482 10483 10484 10489 10540 10541 \
	10542 10543 10544 10545 10546 10547 10548 10549 10564 10565 10569 \
	10570 10571 10573 10574 10575 10576 10577 10578 10579 10580 10581 \
	10582 10583 10584 10589 10590 10663 10664 10669 10670 10671 10675 \
	10676 10677 10678 10679 10680 10681 10682 10683 10684 10685 10686 \
	10687 10688 10689 10690 10763 10764 10769 10771 10772 10775 10776 \
	10777 10778 10779 10780 10781 10782 10783 10784 10863 10864 10869 \
	10871 10872 10876 10878 10879 10880 10881 10882 10883 10884 10963 \
	10964 10965 10966 10969 10970 10971 10972 10973 10974 10976 10977 \
	10978 10981 10982 10983 10984 11064 11065 11066 11067 11068 11069 \
	11070 11071 11072 11073 11074 11075 11076 11077 11078 11083 11084 \
	11165 11166 11167 11168 11169 11170 11171 11173 11174 11175 11176 \
	11177 11178 11183 11265 11266 11267 11268 11269 11270 11271 11272 \
	11273 11274 11275 11276 11277 11278 11283 11364 11365 11366 11367 \
	11368 11369 11377 11378 11379 11380 11381 11382 11383 11478 11482 \
	11483 11578 11582 11583 11584 11678 11679 11680 11681 11682 11683 \
	11684 11685 11781 11782 11784 11785 11786 11882 11883 11884 11885 \
	11886 11984 11985 11986 11987 11988 11989 12086 12087 12089 12090 \
	12091 12092 12093 12184 12185 12186 12187 12193 12194 12195 12286 \
	12287 12288 12289 12290 12291 12292 12293 12295 12382 12383 12384 \
	12385 12386 12387 12388 12389 12390 12393 12395 12396 12482 12484 \
	12485 12486 12487 12488 12489 12490 12491 12492 12493 12496 12497 \
	12581 12582 12583 12584 12585 12586 12588 12589 12597 12680 12681 \
	12682 12683 12684 12685 12686 12687 12688 12689 12697 12779 12780 \
	12781 12782 12783 12784 12788 12789 12790 12791 12792 12797 12876 \
	12877 12878 12879 12882 12884 12888 12892 12897 12982 12984 12985 \
	12986 12987 12988 12992 12997 13081 13082 13083 13084 13085 13097 \
	13182 13183 13184 13185 13197 13277 13278 13279 13280 13281 13282 \
	13283 13284 13296 13297 13380 13381 13382 13383 13384 13385 13386 \
	13395 13396 13478 13479 13480 13481 13482 13483 13484 13485 13486 \
	13494 13495 13578 13582 13583 13584 13585 13586 13587 13588 13589 \
	13590 13591 13592 13593 13594 13678 13778 13878 13978 14078 14178 \
	14268 14269 14270 14271 14272 14273 14274 14275 14276 14277 14278 \
	20182 23555 24180 29299 41059 48795 56952 57031 57047 57088 57091 \
	57241 57263 57658 57666 57712 57826 57852 58074 58138 58364 58565 \
	58641 58643 58736 58755 59344 59780 60440 60727 61930 62217 63075 \
	64324 65050 65276 65621 66688 67054 67739 68189 68501 68550 68586 \
	69035 69526 69935 70128 71541 72369 73180 73264 74210 74339 74383 \
	75479 77084 78061 78380 78538 
 uf 125156 122239 98199 111118 131228 
 am 6980 0 51176 
 am 7986 0 51176 
 am 62403 0 51176 
CO
 li accept 0 0
 ar 0 0 0 0 0 0 0 0
 st 1

