56033 player pl_regular
na Eldrad's Loyalists
il	1 90
an 51853 53513 54597 59602 61491 62727 63121 64361 65007 \
	66503 66858 67812 69501 69516 70885 73509 74370 74536 74672 74720 \
	76346 76602 
CH
PL
 fn Rick Halvorfsen
 em rdh206@aol.com
 ft 56
 so 1
 lt 260
 kn 69 600 601 602 603 610 611 612 613 614 \
	615 616 617 630 631 632 633 634 635 636 637 \
	639 641 650 651 652 653 654 655 656 659 670 \
	671 672 673 674 675 676 680 681 682 690 691 \
	692 693 694 695 696 697 700 701 702 703 704 \
	705 706 707 720 721 722 723 730 731 732 733 \
	750 751 752 753 754 755 756 800 801 802 803 \
	804 805 806 807 808 809 811 812 813 814 820 \
	821 822 823 824 825 826 827 828 829 831 832 \
	840 841 842 844 845 846 847 848 880 881 882 \
	883 887 893 900 901 902 903 904 905 906 907 \
	908 909 911 920 1375 2559 2857 3287 3852 4507 6117 \
	8555 9264 9579 9840 10118 10218 10219 10220 10221 10222 10223 \
	10224 10225 10318 10319 10320 10325 10326 10327 10328 10329 10330 \
	10331 10332 10333 10413 10414 10415 10416 10417 10418 10419 10420 \
	10421 10422 10423 10424 10425 10426 10427 10428 10429 10430 10431 \
	10432 10433 10434 10513 10517 10518 10519 10520 10521 10522 10523 \
	10524 10525 10526 10527 10528 10529 10530 10533 10534 10535 10536 \
	10537 10613 10617 10618 10619 10620 10621 10622 10623 10624 10625 \
	10626 10627 10630 10634 10635 10636 10637 10638 10659 10713 10716 \
	10717 10718 10719 10720 10721 10722 10723 10724 10725 10726 10727 \
	10728 10729 10730 10731 10732 10733 10734 10735 10736 10737 10738 \
	10759 10760 10761 10762 10763 10764 10765 10768 10769 10813 10814 \
	10815 10816 10817 10818 10819 10820 10821 10822 10823 10824 10825 \
	10838 10839 10840 10848 10849 10859 10860 10861 10862 10863 10864 \
	10865 10868 10869 10916 10917 10918 10919 10920 10921 10922 10940 \
	10941 10948 10949 10950 10951 10952 10953 10954 10955 10956 10959 \
	10960 10961 10962 10963 10964 10965 10966 10967 10968 10969 10970 \
	10971 10972 10973 10974 10975 11016 11017 11018 11019 11020 11041 \
	11042 11045 11046 11056 11057 11058 11059 11060 11061 11065 11066 \
	11067 11068 11069 11070 11071 11114 11115 11116 11142 11143 11144 \
	11145 11146 11156 11157 11158 11159 11160 11161 11162 11163 11164 \
	11165 11166 11167 11168 11169 11170 11171 11212 11213 11214 11215 \
	11216 11242 11243 11244 11245 11246 11247 11256 11257 11258 11259 \
	11260 11261 11262 11263 11264 11265 11266 11267 11268 11269 11270 \
	11271 11344 11345 11346 11347 11356 11357 11358 11359 11360 11361 \
	11362 11364 11365 11366 11367 11368 11369 11370 11371 11444 11445 \
	11467 11468 11469 11545 11643 11644 11645 11743 11745 11843 11845 \
	11943 11945 12043 12044 12045 12142 12143 12144 12183 12184 12185 \
	12186 12187 12242 12243 12283 12287 12341 12342 12383 12387 12440 \
	12441 12442 12483 12486 12540 12583 12586 12587 12588 12640 12688 \
	12740 12788 12840 12940 13040 13119 13120 13140 13141 13142 13143 \
	13144 13145 13146 13147 13148 13149 13150 13151 13158 13219 13251 \
	13258 13319 13346 13347 13348 13351 13358 13419 13420 13421 13446 \
	13447 13448 13449 13450 13451 13452 13453 13454 13455 13458 13521 \
	13522 13523 13551 13552 13553 13554 13555 13556 13557 13558 13623 \
	13651 13652 13653 13654 13655 13656 13657 13658 13659 13660 13661 \
	13662 13663 13664 13665 13723 13751 13753 13754 13755 13756 13757 \
	13759 13760 13851 13852 13853 13854 13855 13856 13857 13859 13860 \
	13861 13951 13952 13953 13954 13955 13956 13957 13958 13959 13961 \
	14051 14052 14053 14054 14055 14057 14061 14151 14152 14153 14154 \
	14155 14156 14157 14158 14159 14160 14161 14251 14252 14254 14257 \
	14351 14352 14353 14354 14357 14451 14452 14453 14454 14455 14456 \
	14457 14551 14552 14648 14651 14652 14742 14743 14744 14745 14746 \
	14747 14748 14751 14752 14842 14848 14851 14852 14942 14947 14948 \
	14949 14950 14951 14952 15042 15047 15048 15051 15142 15143 15144 \
	15145 15146 15147 15148 15149 15150 15151 15247 15248 15249 15250 \
	15251 15347 15348 15349 15350 15351 15352 15353 15354 15355 15356 \
	15357 15358 15359 15360 15361 15447 15448 15449 15450 15451 15452 \
	15453 15454 15455 15456 15457 15458 15459 15460 15461 15546 15547 \
	15548 15549 15550 15551 15552 15559 15560 15561 15562 15563 15564 \
	15647 15648 15651 15652 15653 15660 15661 15662 15663 15664 15747 \
	15748 15749 15750 15751 15752 15753 15761 15848 15849 15850 15851 \
	15852 15853 15854 15855 15856 15857 15948 15949 15950 15951 15952 \
	15953 15954 15955 15957 15958 15959 15960 15961 15962 16048 16049 \
	16050 16051 16052 16053 16054 16055 16056 16057 16062 16063 16064 \
	16065 16066 16067 16149 16150 16151 16152 16153 16154 16155 16156 \
	16157 16158 16159 16160 16161 16167 16168 16260 16261 16262 16263 \
	16264 16268 16269 16270 16364 16370 16371 16372 16373 16374 16375 \
	16376 16377 16378 16464 16465 16466 16467 16468 16469 16470 16472 \
	16473 16477 16478 16568 16573 16574 16578 16668 16669 16670 16671 \
	16673 16674 16675 16676 16677 16678 16771 16772 16773 16774 16775 \
	16776 16777 16778 16874 16875 17285 19780 19781 20003 20080 20092 \
	20094 20117 20126 20242 20257 20319 20328 20383 20593 20630 20716 \
	20756 20798 20994 21197 21201 21202 21280 21351 21359 21455 21501 \
	21542 21575 21615 21667 21674 21854 21915 21922 21954 22020 22115 \
	22159 22232 22242 22479 22483 22662 22759 22840 23005 23353 23415 \
	23488 23589 23606 23654 23679 23684 23685 23736 23755 23769 23840 \
	23954 23997 24034 24103 24122 24181 24240 24317 24601 24717 24811 \
	24969 24996 25151 25157 25262 25279 25414 25598 25643 25836 25885 \
	25887 25957 26027 26169 26238 26346 26354 26382 26420 26538 26634 \
	26769 26975 27102 27174 27281 27379 27421 27481 27671 27699 27766 \
	27772 27776 27858 27941 28034 28095 28169 28215 28237 28349 28448 \
	28498 28517 28544 28590 28731 28836 28933 28940 29426 29643 29659 \
	29749 29818 29945 29967 30004 30016 30021 30155 30396 30525 30618 \
	30651 30700 30713 30739 30780 30781 30787 30913 30991 31296 31472 \
	31600 31611 31688 31808 31841 31855 31909 31928 31980 31998 32059 \
	32319 32322 32420 32546 32641 32687 32693 33086 33128 33181 33380 \
	33535 33621 33647 33872 33932 34184 34352 34387 34419 34427 34523 \
	34703 34709 35062 35125 35234 35303 35353 35401 35503 35559 35570 \
	35580 35597 35613 35636 35677 35807 35836 36014 36120 36191 36528 \
	36570 36711 36717 36973 36998 37280 37298 37432 37573 37643 37718 \
	37797 37798 37875 37897 37944 37972 38072 38128 38177 38261 38308 \
	38366 38372 38510 38793 39072 39306 39546 39745 39793 39799 40015 \
	40194 40202 40211 40239 40341 40616 40621 40773 40850 40896 40904 \
	41045 41073 41077 41157 41307 41330 41510 41511 41524 41556 41792 \
	41797 41900 42052 42242 42402 42434 42462 42541 42645 42833 42834 \
	43107 43220 43287 43349 43384 43425 43496 43733 43791 43831 43839 \
	44064 44184 44203 44403 44509 44510 44594 44644 44660 44710 44775 \
	44865 44868 45050 45086 45109 45118 45131 45242 45283 45660 45698 \
	45868 46048 46068 46173 46261 46420 46466 46527 46663 46825 46827 \
	46972 47078 47095 47179 47327 47519 47613 47638 47817 47818 47900 \
	47986 47990 48015 48139 48169 48333 48695 48866 48953 48975 49069 \
	49216 49226 49249 49261 49350 49402 49544 49888 49893 49994 56938 \
	56995 57019 57046 57081 57096 57149 57154 57165 57251 57266 57277 \
	57327 57352 57371 57401 57422 57477 57539 57625 57658 57704 57757 \
	57842 57852 57882 58013 58031 58112 58139 58178 58323 58324 58325 \
	58348 58351 58364 58424 58600 58620 58635 58707 58728 58738 58755 \
	58758 59141 59168 59283 59450 59543 59616 59858 59981 60298 60453 \
	60800 61167 61329 62037 62127 62191 62229 62437 62534 62535 62553 \
	62744 63075 63348 63615 63760 64013 64083 64513 64612 64831 64882 \
	65117 65170 65252 65278 65368 65593 65773 65816 66258 66268 66935 \
	67083 67140 67644 68125 68717 68764 68906 68980 68993 69239 69479 \
	69498 69668 69670 69838 70012 70065 70229 70621 70754 70788 70846 \
	71018 71507 71897 71906 72321 72331 72380 72484 72518 72555 72639 \
	72671 72826 73180 73212 73307 73475 73586 73667 73803 73839 74144 \
	74383 74420 74523 74631 74877 75162 75358 75657 76007 76225 76430 \
	77143 77405 77678 77682 77784 78196 78217 81847 95104 101910 116577 \
	127484 
 un 59274 86596 60054 64250 78867 75319 75660 128230 72783 \
	131021 95020 67318 65346 59098 74076 
 uf 83908 113829 86172 147781 136758 
 am 2559 0 5222 7060 7062 8639 55275 56297 56309 \
	56363 71999 
 am 9264 0 71999 5222 9943 55275 
 am 56033 0 56309 
 am 59098 0 128528 77594 132130 86697 
 am 60054 0 86697 128528 68880 
 am 64250 0 5868 55275 64056 
 am 65346 0 55275 
 am 67318 0 72930 6448 7184 78279 56309 55275 67115 \
	5222 7060 7062 8639 56297 56363 71999 70122 
 am 72783 0 64056 
 am 72826 0 59646 64056 72415 
 am 74076 0 71999 74370 95898 
 am 74383 0 108915 128528 108915 128528 
 am 75319 0 86697 128528 68880 
 am 75660 0 88337 54125 55275 
 am 78867 0 78279 7735 
 am 127484 0 113562 60253 88337 148147 
CO
 li accept 0 0
 ar 0 0 0 0 0 0 0 0
 st 1

59274 char 0
na William the Herdsman
il	1 3844 \
	12 3 \
	17 32 \
	20 28 \
	54 8 \
	61 29 \
	285 7 \
	59112 1 \
	60883 1 \
	78525 1
LI
 wh 81847
 hl 86596 
CH
 lo 56033
 he 100
 lk 2
 lr 1
 sl	610 2 21 15 0 \
	615 2 21 16 0 \
	650 2 28 0 0 \
	654 2 28 131 0 \
	611 2 28 0 0 \
	653 2 28 0 0 \
	612 2 28 1 0 \
	652 2 28 0 0 \
	655 2 14 0 0 \
	656 2 14 0 0 \
	616 2 14 0 0 \
	659 2 21 0 0 \
	614 2 14 5 0 \
	651 2 21 1 0
 bh 1
 ra 40
 at 80
 df 110
 mi 195
CM
 pl 86697
MI
 ds Traken RD&C
CO
 li breed 285 285
 ar 285 285 0 0 0 0 0 0
 cs 2
 wa 1
 st 1
 ue 1
 de 12
 pr 3

86596 char 0
na Third Lackey
il	1 129 \
	12 17 \
	21 67 \
	74 17 \
	94 100
tl	2 94 395 4 0 0 0 0
LI
 wh 59274
CH
 lo 56033
 he 100
 lk 1
 lr 101
 sl	610 2 21 1 0 \
	630 2 28 0 0 \
	611 2 28 0 0 \
	615 2 21 0 0 \
	612 1 7 0 0
 bh 9
 bp 50
 at 80
 df 80
 mi 50
CO
 li study 612
 ar 612 0 0 0 0 0 0 0
 wa 7
 po 1
 pr 3

60054 char 0
na First Lackey
il	1 677 \
	11 3 \
	54 20 \
	68 3 \
	72 2
tl	2 94 380 4 0 0 0 0
LI
 wh 63348
CH
 lo 56033
 he 100
 lk 3
 lr 40
 sl	610 2 21 19 0 \
	700 2 21 0 0 \
	611 2 28 0 0 \
	703 2 14 10 0 \
	615 2 21 23 0 \
	702 2 14 3 0 \
	704 2 14 3 0 \
	630 2 28 0 0 \
	617 2 14 5 0 \
	641 2 28 0 0 \
	635 2 28 0 0 \
	612 2 28 2 0 \
	616 2 14 2 0 \
	614 2 14 0 0 \
	701 2 14 0 0 \
	613 2 14 20 0
 bh 5
 at 80
 df 80
 mi 228
MI
 ds Traken RD&C
CO
 li make 72 10
 ar 72 10 10 2 0 0 0 0
 cs 2
 wa -1
 st 1
 ue 3
 de 2
 po 1
 pr 3

64250 char 0
na Quester
il	1 615 \
	12 23 \
	54 4 \
	69 2 \
	118967 1 \
	119220 1 \
	142111 1
LI
 wh 68717
CH
 lo 56033
 he 100
 lk 1
 lr 1
 sl	610 2 21 5 0 \
	612 2 28 2 0 \
	611 2 28 0 0 \
	615 2 21 3 0 \
	614 2 14 2 0 \
	613 2 14 0 0
 at 80
 df 101
 mi 68
MI
 ds In search of . . .
CO
 li attack 131284
 ar 131284 0 0 0 0 0 0 0
 st 1
 ue 1
 de 7
 pr 3

78867 char 0
na Thoth's Eyes
il	1 4333 \
	54 61 \
	71138 43 \
	113367 27
tl	2 113367 499 241 1 0 0 0 \
	1 113367 473 150 1 0 0 0 \
	2 71138 457 75 1 0 0 0 \
	1 71138 500 16 1 0 0 0
an 60203 
ad 55275 56033 56297 56309 56363 
LI
 wh 10975
CH
 lo 56033
 he 100
 lk 2
 lr 1
 sl	730 2 21 0 0 \
	731 2 14 0 0 \
	610 2 21 12 0 \
	732 2 14 0 0 \
	617 2 14 4 0 \
	733 2 14 1 0 \
	616 2 14 6 0 \
	614 2 14 6 0 \
	630 2 28 0 0 \
	670 2 28 0 0 \
	700 2 21 0 0 \
	611 2 28 0 0 \
	631 2 14 0 0 \
	635 2 28 0 0 \
	701 1 1 0 0 \
	641 2 28 1 0 \
	671 2 14 0 0
 mo 7800
 bh 3
 bp 50
 at 107
 df 112
CM
 hs 1
MI
 ds DEATH DEATH DEATH
CO
 li fly w
 ar 0 4 10974 0 0 3 10975 0
 cs 2
 wa 2
 st 1
 ue 1
 de 1
 pr 2

75319 char 0
na Second Lackey
il	1 1000 \
	54 4 \
	85376 1
LI
 wh 11067
CH
 lo 56033
 he 100
 lk 1
 lr 401
 sl	610 2 21 23 0 \
	611 2 28 0 0 \
	614 2 14 6 0 \
	615 2 21 6 0 \
	617 2 14 6 0 \
	612 2 28 0 0 \
	630 2 28 0 0 \
	641 2 28 1 0
 mo 7798
 bh 3
 bp 50
 at 80
 df 104
 mi 50
CM
 hs 1
MI
 ds DEATH DEATH DEATH
CO
 li fly s
 ar 0 3 11167 0 0 4 11067 0
 cs 2
 wa 1
 st 1
 ue 2
 de 3
 pr 2

75660 char 0
na Pendrake Waterburner
il	1 3720 \
	54 28 \
	82 5 \
	84 2 \
	59141 1 \
	64375 1 \
	95076 1 \
	98313 1 \
	110778 1 \
	113167 1
tl	2 94 300 4 0 0 0 0
LI
 wh 11167
CH
 lo 56033
 he 100
 lk 2
 lr 2
 sl	700 2 21 0 0 \
	680 2 21 4 0 \
	703 2 14 6 0 \
	702 2 14 14 0 \
	682 2 14 27 0 \
	704 2 14 5 0 \
	705 2 14 0 0 \
	701 2 14 0 0 \
	706 2 14 0 0 \
	800 2 28 0 0 \
	812 2 21 0 0 \
	802 2 14 28 0 \
	809 2 21 4 0 \
	801 2 14 1 0 \
	803 2 14 11 0 \
	806 2 21 1 0 \
	805 2 14 0 0 \
	813 2 21 33 0 \
	804 2 21 0 0 \
	808 2 21 0 0 \
	811 2 21 0 0 \
	814 2 21 0 0 \
	610 2 21 5 0 \
	730 2 21 0 0 \
	611 2 28 0 0 \
	615 2 21 10 0 \
	731 2 14 0 0 \
	732 2 14 0 0 \
	733 2 14 0 0 \
	681 2 14 0 0 \
	807 2 21 2 0 \
	630 2 28 0 0 \
	635 2 28 0 0 \
	820 2 35 0 0 \
	821 2 21 0 0 \
	822 2 21 0 0 \
	823 2 21 0 0 \
	824 2 21 0 0 \
	641 2 28 3 0 \
	900 2 42 0 0 \
	901 2 28 0 0 \
	825 2 21 0 0 \
	826 2 21 0 0 \
	827 2 21 0 0 \
	828 2 21 0 0 \
	829 2 21 0 0 \
	831 2 28 0 0 \
	832 2 21 0 0 \
	909 2 21 0 0 \
	911 2 21 0 0 \
	904 2 21 0 0 \
	908 2 28 0 0 \
	902 2 21 0 0 \
	903 2 21 3 0 \
	905 2 21 0 0 \
	906 2 21 0 0 \
	907 2 21 0 0 \
	840 2 35 0 0 \
	848 2 21 0 0 \
	847 2 21 0 0 \
	842 2 14 2 0 \
	880 2 42 0 0 \
	841 2 21 5 0 \
	844 2 21 0 0 \
	845 2 21 1 0 \
	887 2 21 0 0 \
	881 2 14 1 0 \
	882 2 14 0 0 \
	883 2 14 0 0 \
	893 2 21 0 0 \
	846 2 21 0 0 \
	920 2 0 0 0
 bh 1
 bp 50
 at 80
 df 80
 mi 109
CM
 im 1
 ma 1
 ca 103
 hs 1
 kw 1
 vp 4
 ar 98313
MI
 ds Traken RD&C
CO
 li use 813
 ar 0 0 0 0 0 0 0 813
 cs 2
 wa 3
 st 1
 us 813
 ue 4
 de 3
 pr 3

128230 char 0
na Defender
il	1 1141 \
	10 10 \
	54 3
tl	2 94 494 4 0 0 0 0
LI
 wh 4148
CH
 lo 56033
 he 100
 lk 1
 lr 450
 sl	610 1 18 0 0 \
	630 1 7 0 0
 bp 50
 at 80
 df 80
CO
 li make 94 15
 ar 94 15 15 6 0 0 0 0
 cs 2
 wa -1
 st 1
 de 6
 po 1
 pr 3

72783 char 0
na Harry Sullivan
il	1 990 \
	11 5 \
	54 30 \
	69 1 \
	77 26 \
	85 4 \
	95 3 \
	65181 1
tl	2 94 962 4 1 0 0 0
ah 50765 106066 
LI
 wh 11171
CH
 lo 56033
 pl 100
 he 100
 lk 3
 lr 57
 sl	610 2 21 19 0 \
	700 2 21 0 0 \
	630 2 28 0 0 \
	680 2 21 0 0 \
	612 2 28 1 0 \
	615 2 21 17 0 \
	703 2 14 0 0 \
	600 2 21 0 0 \
	601 2 14 0 0 \
	730 2 21 0 0 \
	602 2 14 0 0 \
	603 2 14 0 0 \
	702 2 14 1 0 \
	682 2 14 0 0 \
	704 2 14 0 0 \
	641 2 28 2 0 \
	616 2 14 4 0 \
	731 2 14 0 0 \
	732 2 14 5 0 \
	733 2 14 3 0 \
	706 2 14 0 0 \
	707 2 14 0 0 \
	617 2 14 3 0 \
	681 2 14 0 0 \
	611 2 28 0 0 \
	614 2 14 0 0
 at 80
 df 80
 mi 192
CM
 hs 1
MI
 ds Free Atalan Merchant
CO
 li make 85 30
 ar 85 30 30 4 0 0 0 0
 cs 2
 wa -1
 st 1
 ue 1
 de 4
 po 1
 pr 3

131021 char 0
na Seeker
il	1 428 \
	54 3 \
	95 8
tl	2 94 76 4 0 0 0 0 \
	2 95 100 7 0 0 0 0
LI
 wh 11265
CH
 lo 56033
 he 100
 lk 3
 lr 44
 sl	610 2 21 0 0 \
	630 2 28 0 0 \
	641 2 28 1 0 \
	611 2 28 0 0
 mo 7798
 bh 9
 bp 50
 at 80
 df 80
CM
 hs 1
CO
 li fly s
 ar 0 3 11365 0 0 4 11265 0
 cs 2
 wa 1
 st 1
 ue 1
 de 3
 pr 2

95020 char 0
na Northern Seeker
il	1 4257
tl	2 94 57 4 0 0 0 0
LI
 wh 19780
CH
 lo 56033
 he 100
 lk 3
 lr 40
 sl	610 2 21 0 0 \
	630 2 28 0 0 \
	641 2 28 1 0 \
	611 2 28 0 0
 bh 1
 bp 50
 at 80
 df 80
CM
 hs 1
CO
 li move w
 ar 0 0 0 0 0 0 0 0
 wa -1
 st 1
 ue 1
 pr 2

67318 char 0
na Soulcatcher
tl	2 95 91 7 0 0 0 0
an 50762 53513 
ad 5222 7060 7062 8639 55275 56033 56297 56309 56363 \
	71999 
ah 8000 8116 61233 62403 67281 70023 70944 74014 74973 
LI
 wh 49249
CH
 lo 56033
 he 100
 lk 2
 lr 2
 sl	610 2 21 7 0 \
	616 2 14 1 0 \
	614 2 14 3 0 \
	730 2 21 0 0 \
	733 2 14 8 0 \
	732 2 14 9 0 \
	650 2 28 0 0 \
	654 2 28 86 0 \
	690 2 28 0 0 \
	731 2 14 0 0 \
	630 2 28 0 0 \
	653 2 28 0 0 \
	612 2 28 1 0 \
	900 2 42 0 0 \
	903 2 21 3 0 \
	901 2 28 0 0 \
	911 2 21 1 0 \
	909 2 21 0 0 \
	641 2 28 1 0 \
	652 2 28 0 0 \
	902 2 21 0 0 \
	635 2 28 0 0
 ra 30
 at 84
 df 90
CM
 im 1
 ma 6
 ca 6
 rb 1
 hs 1
MI
 ds DEATH DEATH DEATH
CO
 li explore
 ar 0 0 0 0 0 0 0 0
 cs 2
 wa 4
 st 1
 ue 1
 de 3
 pr 3

65346 char 0
na Sarah of Croyden
il	1 19523 \
	11 10 \
	12 10 \
	21 94 \
	51 3 \
	52 3 \
	54 7 \
	82 1 \
	271 14 \
	280 4 \
	281 1 \
	282 40 \
	284 2 \
	285 3 \
	291 1 \
	292 1 \
	59336 1 \
	59570 1 \
	60536 1 \
	61256 1 \
	62226 1 \
	62389 1 \
	62701 1 \
	63911 1 \
	64454 1 \
	64889 1 \
	65303 1 \
	74613 1 \
	74833 1 \
	75358 1 \
	75997 1 \
	116577 1 \
	123875 1 \
	129917 1
ah 50765 83868 100502 106066 109522 115216 136274 
LI
 wh 9840
CH
 lo 56033
 he 100
 lk 2
 lr 2
 sl	610 2 21 24 0 \
	730 2 21 0 0 \
	617 2 14 29 0 \
	614 2 14 67 0 \
	732 2 14 4 0 \
	733 2 14 2 0 \
	680 2 21 3 0 \
	611 2 28 0 0 \
	615 2 21 19 0 \
	612 2 28 1 0 \
	731 2 14 0 0 \
	613 2 14 0 0 \
	616 2 14 68 0 \
	682 2 14 2 0 \
	700 2 21 0 0 \
	703 2 14 8 0 \
	704 2 14 0 0 \
	630 2 28 0 0 \
	690 2 28 3 0 \
	720 2 21 0 0 \
	670 2 28 0 0 \
	693 2 21 0 0 \
	671 2 14 2 0 \
	721 2 14 0 0 \
	691 2 21 0 0 \
	692 2 21 0 0 \
	722 2 14 0 0 \
	701 2 14 0 0 \
	702 2 14 0 0 \
	631 2 14 0 0 \
	672 2 21 2 0 \
	673 2 14 0 0 \
	674 2 21 0 0 \
	632 2 14 1 0 \
	633 2 14 1 0 \
	634 2 14 1 0 \
	635 2 28 0 0 \
	681 2 14 0 0 \
	723 2 14 0 0 \
	639 2 21 0 0 \
	676 2 14 0 0 \
	675 2 21 0 0 \
	694 2 21 0 0 \
	695 2 21 13 0 \
	637 2 21 0 0 \
	696 2 14 0 0 \
	636 2 14 0 0 \
	697 2 28 0 0 \
	641 2 28 1 0 \
	900 2 42 0 0 \
	706 2 14 0 0 \
	909 2 21 0 0 \
	905 2 21 0 0 \
	902 2 21 1 0 \
	904 2 21 0 0 \
	906 2 21 0 0 \
	911 2 21 0 0 \
	901 2 28 0 0 \
	903 2 21 0 0 \
	707 2 14 0 0 \
	650 2 28 0 0 \
	654 2 28 9 0 \
	653 2 28 0 0 \
	652 2 28 0 0
 bh 1
 at 333
 df 354
 mi 97
CM
 im 1
 ma 9
 ca 10
 hs 1
MI
 ds Whelp of Hades
CO
 li breed 282 282
 ar 282 282 0 0 0 0 0 0
 cs 2
 wa 2
 st 1
 ue 5
 de 4
 pr 3

59098 char 0
na Nyssa of Croyden
il	1 100 \
	54 3 \
	67 1 \
	82 6 \
	82662 1
tl	2 94 79 4 0 0 0 0
LI
 wh 22115
CH
 lo 56033
 he 100
 lk 1
 lr 131
 sl	610 2 21 21 0 \
	630 2 28 0 0 \
	690 2 28 1 0 \
	720 2 21 0 0 \
	721 2 14 14 0 \
	722 2 14 22 0 \
	723 2 14 9 0 \
	691 2 21 2 0 \
	692 2 21 0 0 \
	693 2 21 0 0 \
	611 2 28 0 0 \
	615 2 21 16 0 \
	614 2 14 14 0 \
	635 2 28 0 0 \
	631 2 14 1 0 \
	696 2 14 9 0 \
	694 2 21 0 0 \
	695 2 21 4 0 \
	641 2 28 2 0 \
	636 2 14 0 0 \
	639 2 21 0 0 \
	637 2 21 0 0 \
	697 2 28 8 0 \
	670 2 28 0 0 \
	676 2 14 0 0 \
	632 2 14 0 0 \
	633 2 14 0 0 \
	634 2 14 0 0 \
	671 2 14 0 0 \
	672 2 21 0 0 \
	673 2 14 0 0 \
	674 2 21 0 0 \
	675 2 21 0 0 \
	750 2 35 0 0 \
	751 2 28 4 0 \
	753 2 21 4 0 \
	755 2 28 0 0 \
	752 2 28 0 0 \
	756 2 28 8 0 \
	754 2 28 0 0 \
	612 2 28 1 0
 at 80
 df 124
 mi 111
CM
 hs 1
 vp 3
 vi 28095 83868 106066 115216 
MI
 ds Traken RD&C
CO
 li explore
 ar 0 0 0 0 0 0 0 0
 cs 2
 wa 4
 st 1
 ue 1
 de 3
 pr 3

74076 char 0
na Stanley
il	1 100
tl	2 95 90 7 0 0 0 0 \
	2 94 19 4 0 0 0 0
an 50762 51853 53513 54597 59602 61491 62727 63121 64361 \
	65007 66503 66858 67812 69501 69516 70885 73509 74370 74536 74672 \
	74720 76136 76346 76602 78059 
ad 5222 7060 7062 8639 55275 56033 56297 56309 56363 \
	71999 
LI
 wh 37298
CH
 lo 56033
 he 100
 lk 3
 lr 41
 sl	610 2 21 24 0 \
	630 2 28 0 0 \
	617 2 14 33 0 \
	635 2 28 0 0 \
	615 2 21 31 0 \
	614 2 14 10 0 \
	634 2 14 0 0 \
	633 2 14 0 0 \
	612 2 28 1 0 \
	613 2 14 0 0 \
	631 2 14 0 0 \
	632 2 14 0 0 \
	616 2 14 1 0 \
	641 2 28 1 0 \
	611 2 28 0 0
 mo 7800
 at 80
 df 137
 mi 210
CM
 hs 1
MI
 ds Heading for Hell
CO
 li move d n w e
 ar 0 1 30949 0 0 5 37298 0
 cs 2
 wa 4
 st 1
 ue 1
 de 1
 pr 2

