56136 player pl_regular
na Dwarves
il	1 1200
ad 52606 55374 55526 56136 
CH
PL
 fn mike de groote
 em mike.degroote@tvd.be
 ve kasimirtlw@hotmail.com
 pw azertyui
 np 12
 fs 52
 ft 56
 nt 1
 so 1
 lt 260
 kn 69 600 601 602 610 611 612 613 614 615 \
	616 617 630 631 639 641 650 651 652 653 654 \
	655 656 657 670 700 702 703 730 731 732 733 \
	13576 13577 13578 13676 13678 13776 13778 13872 13873 13875 13876 \
	13878 13972 13973 13974 13975 13976 13978 14073 14075 14076 14078 \
	14170 14171 14172 14173 14175 14176 14178 14261 14268 14269 14270 \
	14271 14272 14273 14274 14275 14276 14277 14278 14279 14280 14361 \
	14368 14371 14375 14376 14377 14379 14380 14461 14468 14469 14470 \
	14471 14473 14474 14475 14476 14477 14479 14480 14481 14561 14568 \
	14572 14573 14577 14579 14580 14581 14582 14661 14668 14672 14673 \
	14677 14682 14761 14768 14772 14773 14777 14782 14783 14784 14785 \
	14861 14868 14871 14872 14877 14882 14884 14885 14954 14955 14956 \
	14957 14958 14959 14960 14961 14968 14971 14972 14977 14982 14984 \
	14985 14986 15054 15068 15069 15070 15072 15077 15082 15084 15085 \
	15154 15168 15169 15170 15171 15172 15177 15178 15179 15182 15185 \
	15247 15248 15249 15250 15251 15252 15253 15254 15266 15267 15268 \
	15269 15270 15271 15272 15273 15274 15275 15276 15277 15278 15279 \
	15282 15285 15286 15287 15288 15347 15366 15367 15368 15369 15370 \
	15371 15372 15373 15374 15375 15376 15377 15378 15379 15380 15381 \
	15382 15384 15385 15386 15387 15388 15389 15390 15446 15447 15448 \
	15449 15450 15451 15466 15467 15468 15469 15470 15471 15472 15473 \
	15474 15475 15476 15477 15478 15479 15481 15482 15483 15484 15485 \
	15490 15551 15566 15567 15568 15569 15570 15571 15572 15573 15574 \
	15575 15576 15577 15585 15586 15587 15588 15590 15651 15666 15669 \
	15671 15672 15673 15674 15688 15689 15690 15751 15752 15766 15767 \
	15768 15769 15771 15772 15773 15774 15789 15790 15851 15852 15867 \
	15868 15869 15871 15872 15873 15874 15875 15876 15889 15890 15951 \
	15952 15967 15968 15969 15970 15971 15972 15973 15974 15976 15988 \
	15989 15990 16049 16050 16051 16052 16053 16056 16057 16058 16059 \
	16060 16061 16062 16063 16066 16067 16068 16069 16070 16071 16072 \
	16073 16074 16076 16088 16090 16148 16149 16150 16151 16152 16153 \
	16154 16155 16156 16163 16164 16165 16166 16167 16168 16169 16170 \
	16171 16172 16173 16174 16175 16176 16177 16178 16186 16187 16188 \
	16190 16191 16192 16249 16250 16251 16252 16253 16268 16269 16270 \
	16271 16272 16273 16274 16275 16276 16278 16279 16280 16281 16282 \
	16283 16286 16287 16292 16293 16350 16351 16352 16353 16369 16370 \
	16371 16372 16373 16374 16375 16378 16379 16386 16393 16450 16451 \
	16452 16454 16455 16469 16470 16471 16472 16473 16474 16475 16478 \
	16479 16482 16486 16493 16550 16551 16552 16554 16555 16569 16570 \
	16571 16572 16573 16574 16575 16576 16577 16578 16579 16582 16583 \
	16584 16585 16586 16593 16600 16601 16602 16603 16604 16605 16606 \
	16607 16650 16651 16652 16653 16654 16655 16656 16657 16658 16659 \
	16660 16661 16662 16663 16664 16665 16666 16667 16668 16669 16670 \
	16671 16672 16673 16674 16675 16676 16677 16678 16682 16692 16693 \
	16694 16695 16696 16697 16698 16699 16700 16701 16707 16750 16751 \
	16753 16754 16755 16757 16758 16759 16760 16761 16762 16763 16764 \
	16765 16766 16767 16768 16769 16770 16771 16772 16773 16774 16775 \
	16778 16779 16780 16781 16782 16783 16784 16785 16786 16787 16788 \
	16789 16790 16791 16792 16793 16794 16795 16796 16797 16798 16799 \
	16801 16807 16851 16853 16854 16857 16869 16873 16874 16875 16876 \
	16877 16878 16891 16901 16907 16953 16954 16955 16957 16958 16959 \
	16960 16961 16962 16963 16964 16965 16966 16967 16968 16969 16974 \
	16991 17001 17007 17053 17054 17055 17056 17057 17058 17059 17060 \
	17061 17062 17063 17064 17065 17066 17067 17068 17069 17070 17071 \
	17072 17073 17074 17101 17107 17201 17207 17208 17301 17308 17401 \
	17408 17501 17508 17601 17608 17701 17707 17708 17709 17801 17809 \
	17901 17909 17910 18001 18009 18010 18101 18109 18110 18201 18202 \
	18203 18204 18205 18206 18207 18208 18209 20065 20079 20081 20085 \
	20093 20162 20165 20179 20197 20208 20210 20215 20224 20244 20263 \
	20286 20287 20317 20323 20334 20348 20374 20407 20448 20472 20492 \
	20495 20548 20590 20600 20628 20655 20660 20739 20750 20801 20821 \
	20830 20891 20892 20950 20997 21001 21003 21044 21056 21063 21085 \
	21172 21200 21225 21235 21251 21361 21400 21402 21414 21419 21420 \
	21454 21457 21462 21478 21479 21546 21551 21567 21596 21624 21628 \
	21642 21689 21698 21715 21717 21742 21787 21792 21796 21807 21816 \
	21856 21904 21938 21949 21982 21992 21997 22096 22097 22099 22129 \
	22136 22155 22158 22252 22257 22264 22265 22266 22300 22323 22349 \
	22396 22397 22398 22402 22406 22409 22414 22431 22471 22490 22512 \
	22516 22520 22530 22550 22571 22601 22639 22681 22694 22711 22717 \
	22723 22751 22758 22774 22777 22791 22833 22835 22878 22879 22910 \
	22926 22951 22968 22979 22988 23034 23039 23047 23120 23129 23137 \
	23152 23174 23185 23210 23224 23235 23263 23284 23336 23344 23356 \
	23357 23362 23383 23435 23447 23473 23540 23613 23636 23641 23650 \
	23660 23688 23694 23705 23712 23752 23763 23774 23795 23807 23819 \
	23827 23841 23850 23871 23882 23891 23933 23939 23981 23983 23995 \
	24006 24037 24083 24085 24100 24105 24114 24121 24146 24196 24207 \
	24216 24217 24241 24247 24255 24256 24296 24337 24341 24398 24441 \
	24466 24526 24588 24694 24697 24735 24753 24791 24803 24805 24899 \
	24912 24919 24923 24941 24988 24999 25024 25049 25082 25119 25129 \
	25165 25166 25207 25274 25427 25455 25475 25512 25537 25562 25590 \
	25604 25635 25657 25699 25708 25720 25777 25801 25802 25812 25864 \
	25869 25883 25929 25979 26009 26034 26051 26053 26070 26084 26105 \
	26127 26132 26246 26294 26303 26341 26351 26371 26384 26387 26389 \
	26398 26416 26425 26443 26459 26488 26491 26506 26530 26536 26549 \
	26581 26584 26585 26586 26601 26602 26619 26693 26703 26768 26777 \
	26786 26793 26879 26884 26892 26907 26908 26926 26930 26988 27072 \
	27101 27114 27118 27134 27154 27162 27178 27198 27210 27244 27247 \
	27259 27290 27413 27440 27457 27469 27506 27520 27584 27606 27635 \
	27639 27656 27660 27682 27724 27734 27747 27750 27796 27800 27801 \
	27819 27834 27900 27902 27915 27916 27927 27936 27987 27991 28058 \
	28070 28073 28082 28090 28120 28136 28150 28173 28222 28224 28227 \
	28233 28261 28314 28321 28339 28347 28364 28404 28418 28426 28479 \
	28482 28486 28487 28496 28624 28657 28677 28678 28701 28726 28799 \
	28856 28939 28958 28961 28962 28964 28967 29020 29046 29056 29120 \
	29124 29134 29151 29166 29183 29188 29206 29232 29240 29248 29249 \
	29349 29376 29408 29439 29447 29454 29469 29541 29567 29572 29617 \
	29623 29669 29682 29686 29690 29692 29694 29696 29729 29734 29771 \
	29828 29849 29858 29871 29905 29929 30027 30028 30096 30108 30119 \
	30132 30167 30214 30251 30271 30335 30370 30414 30415 30453 30469 \
	30503 30506 30518 30527 30539 30571 30572 30606 30613 30633 30653 \
	30662 30667 30695 30731 30738 30779 30784 30792 30857 30905 30919 \
	30923 30947 30953 31033 31050 31052 31197 31234 31253 31259 31349 \
	31417 31470 31508 31526 31529 31552 31587 31612 31624 31637 31667 \
	31668 31680 31694 31709 31772 31793 31794 31805 31852 31890 31925 \
	31951 31959 31963 31979 31996 32018 32079 32114 32165 32174 32196 \
	32200 32243 32267 32350 32354 32397 32400 32404 32458 32525 32558 \
	32587 32596 32599 32611 32620 32633 32639 32655 32657 32679 32704 \
	32776 32780 32785 32800 32832 32843 32894 32938 32943 32966 32997 \
	33017 33022 33123 33130 33174 33175 33190 33237 33248 33266 33270 \
	33278 33291 33332 33359 33368 33375 33377 33401 33434 33436 33445 \
	33467 33481 33589 33590 33628 33659 33678 33697 33790 33827 33860 \
	33911 33930 33962 33971 33982 34039 34047 34079 34145 34151 34152 \
	34238 34246 34264 34292 34307 34397 34402 34494 34496 34499 34550 \
	34560 34568 34573 34651 34668 34675 34701 34720 34751 34761 34774 \
	34780 34789 34807 34820 34827 34841 34844 34872 34882 34903 34912 \
	34980 34993 35041 35071 35126 35135 35146 35186 35217 35290 35292 \
	35328 35349 35363 35378 35429 35463 35509 35600 35601 35602 35774 \
	35801 35818 35876 35881 35887 35900 35926 35930 35931 35944 35947 \
	35959 35964 35973 35999 36012 36022 36024 36025 36026 36027 36036 \
	36067 36068 36069 36085 36129 36146 36147 36204 36216 36246 36248 \
	36250 36254 36304 36343 36376 36380 36400 36425 36450 36472 36509 \
	36517 36535 36560 36635 36661 36673 36676 36682 36724 36741 36752 \
	36784 36819 36834 36875 36882 36887 36908 36952 36953 36967 36970 \
	37009 37035 37038 37058 37065 37103 37237 37247 37249 37279 37295 \
	37312 37326 37349 37363 37364 37387 37396 37397 37403 37469 37472 \
	37483 37498 37532 37566 37588 37597 37602 37682 37685 37724 37762 \
	37770 37799 37824 37830 37883 37893 37902 37914 37924 37927 37931 \
	37938 37980 38001 38012 38030 38032 38045 38050 38068 38090 38100 \
	38104 38113 38155 38174 38184 38185 38188 38200 38206 38229 38260 \
	38271 38346 38353 38378 38381 38438 38439 38476 38483 38496 38519 \
	38529 38548 38551 38559 38608 38657 38661 38686 38690 38704 38705 \
	38711 38742 38759 38761 38822 38890 38938 38941 38967 38968 38971 \
	39071 39074 39118 39127 39172 39197 39198 39232 39293 39295 39305 \
	39356 39370 39371 39372 39374 39435 39448 39459 39467 39564 39609 \
	39645 39650 39662 39681 39689 39691 39708 39715 39748 39829 39892 \
	39904 39937 39938 39973 39978 39981 40002 40008 40009 40014 40020 \
	40028 40081 40082 40093 40164 40186 40221 40237 40249 40261 40307 \
	40337 40373 40413 40427 40442 40463 40506 40560 40582 40608 40626 \
	40632 40640 40682 40717 40722 40731 40757 40815 40829 40842 40846 \
	40881 40885 40887 40919 40964 40966 40974 41009 41034 41155 41171 \
	41220 41221 41239 41242 41291 41296 41337 41355 41362 41367 41393 \
	41405 41514 41525 41549 41550 41551 41571 41573 41594 41599 41616 \
	41629 41633 41635 41805 41807 41822 41863 41875 41891 41939 41942 \
	41947 41956 41959 42000 42014 42017 42018 42029 42059 42060 42101 \
	42129 42131 42174 42176 42181 42205 42230 42339 42340 42405 42422 \
	42437 42438 42522 42596 42648 42704 42746 42776 42794 42840 42883 \
	42901 42970 42984 42999 43015 43049 43056 43074 43106 43122 43144 \
	43150 43167 43202 43204 43257 43272 43276 43289 43302 43313 43356 \
	43364 43400 43411 43417 43423 43475 43481 43497 43499 43524 43577 \
	43591 43613 43623 43629 43654 43675 43676 43764 43770 43789 43806 \
	43825 43838 43841 43847 43862 43880 43885 43902 43907 43920 43924 \
	43939 43955 43975 43984 43986 44045 44085 44094 44139 44165 44174 \
	44181 44233 44236 44251 44322 44334 44335 44402 44427 44454 44532 \
	44534 44555 44579 44645 44686 44697 44723 44728 44735 44759 44777 \
	44791 44885 44906 44907 44935 44956 44980 44982 45055 45061 45072 \
	45080 45095 45178 45191 45199 45209 45237 45256 45301 45355 45360 \
	45393 45467 45477 45573 45596 45600 45616 45671 45682 45688 45697 \
	45724 45726 45728 45735 45773 45873 45876 45931 45981 46054 46127 \
	46145 46147 46194 46227 46228 46239 46258 46300 46317 46358 46389 \
	46393 46400 46419 46427 46428 46463 46524 46541 46546 46548 46563 \
	46576 46601 46627 46628 46637 46640 46647 46676 46733 46734 46737 \
	46746 46757 46780 46782 46803 46844 46861 46906 46945 46973 47011 \
	47015 47037 47051 47056 47127 47136 47137 47215 47271 47300 47317 \
	47325 47337 47343 47374 47397 47410 47425 47450 47451 47484 47496 \
	47513 47522 47552 47575 47628 47666 47765 47772 47784 47871 47873 \
	47884 47886 47907 47909 47938 47951 47970 47978 47982 48051 48055 \
	48097 48122 48127 48133 48153 48171 48190 48238 48245 48248 48252 \
	48256 48265 48284 48296 48328 48341 48353 48385 48393 48454 48468 \
	48486 48488 48493 48494 48510 48517 48528 48549 48559 48635 48663 \
	48698 48705 48734 48801 48820 48867 48887 48952 48963 48977 48987 \
	48991 49007 49049 49060 49071 49138 49169 49180 49188 49201 49202 \
	49215 49247 49271 49273 49275 49282 49295 49297 49312 49357 49400 \
	49420 49422 49428 49429 49431 49473 49482 49488 49522 49527 49549 \
	49597 49627 49641 49648 49665 49680 49705 49711 49723 49790 49800 \
	49821 49823 49824 49865 49948 49998 56782 56968 57060 57143 57331 \
	57355 57371 57401 57541 57547 57568 57652 57675 57686 57731 57754 \
	57812 57826 57842 58033 58056 58105 58112 58139 58200 58259 58270 \
	58324 58338 58349 58448 58465 58493 58600 58615 58635 58636 58643 \
	58728 58736 59252 59394 59447 62349 62870 62958 64028 64190 64442 \
	65107 65266 65398 65624 65726 65834 66303 66688 66759 67367 68330 \
	69415 69882 70089 70229 71653 72081 72258 72715 72926 73454 73914 \
	74324 74858 75428 75720 75794 77157 77570 77649 78795 78958 
 un 61219 63313 69113 72078 88102 63467 124265 109308 91869 \
	66024 67191 
 uf 141805 131698 114223 130484 79974 
 am 1212 0 52606 55374 55526 56136 
 am 1486 0 52606 55374 55526 56136 
 am 63313 0 52606 55374 55526 56136 
 am 64352 0 52606 55374 55526 56136 
 am 67191 0 52606 55374 55526 56136 
 am 69113 0 52606 55374 55526 56136 
 am 72078 0 52606 55374 55526 56136 
 am 149217 0 52606 55374 55526 56136 
CO
 li accept 0 0
 ar 0 0 0 0 0 0 0 0
 st 1

61219 char 0
na Pendragon
LI
 wh 16252
CH
 lo 56136
 he 100
 lk 2
 lr 2
 sl	650 2 28 0 0 \
	655 2 14 15 0 \
	654 2 28 102 0 \
	656 2 14 11 0 \
	652 2 28 0 0 \
	653 2 28 0 0 \
	610 2 21 0 0 \
	612 2 28 3 0 \
	651 2 21 0 0 \
	657 2 21 5 0 \
	630 2 28 0 0 \
	641 2 28 1 0
 mo 7796
 bh 9
 at 80
 df 30
 dt 209 28 6268
CM
 hs 1
MI
 ds Dragonknight
CO
 li move s
 ar 0 3 16352 0 0 8 16252 0
 cs 2
 wa 3
 st 1
 ue 1
 de 5
 pr 2

63313 char 0
na Dwalin
il	1 12898 \
	51 2 \
	54 8 \
	271 7
LI
 wh 9570
CH
 lo 56136
 he 100
 lk 2
 lr 1
 sl	610 2 21 31 0 \
	700 2 21 0 0 \
	617 2 14 16 0 \
	612 2 28 1 0 \
	613 2 14 2 0 \
	615 2 21 4 0 \
	730 2 21 0 0 \
	630 2 28 0 0 \
	733 2 14 0 0 \
	732 2 14 1 0 \
	641 2 28 1 0 \
	616 2 14 2 0 \
	702 2 14 4 0 \
	639 2 21 0 0 \
	650 2 28 0 0 \
	654 2 28 28 0 \
	670 2 28 0 0 \
	614 2 14 11 0 \
	653 2 28 0 0 \
	611 2 28 0 0 \
	655 2 14 1 0
 bh 1
 ra 70
 at 80
 df 135
 mi 50
 ct 55374 56136 56136 56136 56136 56136 56136 56136 55374 \
	56136 55374 56136 55374 56136 55374 56136 55374 56136 55374 56136 \
	55374 56136 55374 52606 55526 56136 55374 52606 55526 
 dt 159 9 4749
CM
 hs 1
 vp 5
 pl 69742
CO
 li breed 271 271
 ar 271 271 0 0 0 0 0 0
 cs 2
 wa 1
 st 1
 ue 2
 de 5
 pr 3

69113 char 0
na Fili
il	1 487 \
	52 21 \
	76 1 \
	271 7
LI
 wh 9570
CH
 lo 56136
 he 100
 lk 2
 lr 1
 sl	610 2 21 1 0 \
	611 2 28 0 0 \
	650 2 28 0 0 \
	655 2 14 7 0 \
	656 2 14 8 0 \
	654 2 28 17 0
 bh 1
 bp 50
 at 80
 df 80
 ct 56136 56136 55374 56136 55374 56136 56136 55374 56136 \
	55374 56136 55374 56136 55374 56136 55374 56136 55374 56136 55374 \
	56136 55374 52606 55526 56136 55374 52606 55526 
CM
 vp 5
CO
 li make 94
 ar 94 0 0 0 0 0 0 0
 wa -1
 st 1
 ue 2
 po 1
 pr 3

72078 char 0
na Balin
il	1 520 \
	51 3 \
	54 6 \
	271 7
LI
 wh 9570
CH
 lo 56136
 he 100
 lk 3
 lr 809
 sl	610 2 21 35 0 \
	700 2 21 0 0 \
	702 2 14 9 0 \
	617 2 14 17 0 \
	613 2 14 4 0 \
	615 2 21 16 0 \
	730 2 21 0 0 \
	732 2 14 0 0 \
	630 2 28 0 0 \
	733 2 14 0 0 \
	641 2 28 1 0 \
	616 2 14 6 0 \
	612 2 28 2 0 \
	650 2 28 0 0 \
	654 2 28 27 0 \
	611 2 28 0 0 \
	655 2 14 1 0
 bh 9
 at 91
 df 80
 mi 140
 ct 56136 56136 55374 55374 56136 56136 55374 56136 55374 \
	56136 55374 56136 55374 56136 55374 56136 55374 56136 55374 56136 \
	55374 52606 55526 56136 55374 52606 55526 
CM
 hs 1
 vp 5
CO
 li make 94
 ar 94 0 0 0 0 0 0 0
 wa -1
 st 1
 ue 1
 po 1
 pr 3

88102 char 0
na Gloin
il	1 312 \
	271 7
LI
 wh 9570
CH
 lo 56136
 he 100
 lk 2
 lr 1
 sl	610 2 21 0 0 \
	611 2 28 0 0 \
	650 2 28 0 0 \
	654 2 28 7 0
 bh 1
 bp 50
 at 80
 df 80
 ct 56136 55374 56136 55374 56136 55374 56136 55374 56136 \
	55374 52606 55526 56136 55374 52606 55526 
CM
 vp 5
CO
 li breed 271 271
 ar 271 271 0 0 0 0 0 0
 cs 2
 wa 2
 st 1
 de 4
 pr 3

63467 char 0
na Oin
il	1 312 \
	271 7
LI
 wh 9570
CH
 lo 56136
 he 100
 lk 2
 lr 1
 sl	610 2 21 0 0 \
	611 2 28 0 0 \
	650 2 28 0 0 \
	654 2 28 7 0
 bh 1
 bp 50
 at 80
 df 80
 ct 56136 55374 56136 55374 56136 55374 56136 55374 56136 \
	55374 52606 55526 56136 55374 52606 55526 
CM
 vp 5
CO
 li breed 271 271
 ar 271 271 0 0 0 0 0 0
 cs 2
 wa 2
 st 1
 de 4
 pr 3

124265 char 0
na Bifur
il	1 454
LI
 wh 9570
CH
 lo 56136
 he 100
 lk 2
 lr 1
 sl	650 2 28 0 0
 bh 1
 bp 50
 at 80
 df 80
 ct 56136 55374 52606 55526 56136 55374 52606 55526 
CO
 li study 650
 ar 650 0 0 0 0 0 0 0
 st 1
 de 7
 po 1
 pr 3

109308 char 0
na Bofur
il	1 447
LI
 wh 9570
CH
 lo 56136
 he 100
 lk 2
 lr 1
 sl	650 2 28 0 0
 bh 1
 bp 50
 at 80
 df 80
 ct 56136 55374 52606 55526 56136 55374 52606 55526 
CO
 li study 650
 ar 650 0 0 0 0 0 0 0
 st 1
 de 7
 po 1
 pr 3

91869 char 0
na Kili
il	1 951 \
	271 6
LI
 wh 9570
CH
 lo 56136
 he 100
 lk 2
 lr 1
 sl	610 2 21 0 0 \
	611 2 28 0 0 \
	650 2 28 0 0 \
	654 2 28 6 0
 bh 1
 bp 50
 at 80
 df 80
CM
 vp 5
CO
 li breed 271 271
 ar 271 271 0 0 0 0 0 0
 cs 2
 wa 4
 st 1
 de 2
 pr 3

66024 char 0
na Solshard
il	75 6 \
	76490 1
LI
 wh 45726
CH
 lo 56136
 he 100
 lk 3
 lr 22
 sl	610 2 21 13 0 \
	617 2 14 7 0 \
	700 2 21 0 0 \
	702 2 14 9 0 \
	630 2 28 0 0 \
	641 2 28 2 0 \
	611 2 28 0 0 \
	613 2 14 1 0 \
	612 2 28 0 0
 bh 9
 bp 50
 at 80
 df 80
CO
 li explore
 ar 0 0 0 0 0 0 0 0
 wa 5
 st 1
 ue 1
 de 2
 pr 3

67191 char 0
na Bombur
il	1 78 \
	54 2
LI
 wh 42014
CH
 lo 56136
 he 100
 lk 3
 lr 809
 sl	610 2 21 23 0 \
	700 2 21 0 0 \
	702 2 14 7 0 \
	617 2 14 8 0 \
	613 2 14 5 0 \
	615 2 21 6 0 \
	730 2 21 0 0 \
	630 2 28 0 0 \
	733 2 14 0 0 \
	732 2 14 0 0 \
	611 2 28 0 0 \
	641 2 28 2 0 \
	616 2 14 4 0
 mo 7799
 bh 3
 bp 50
 at 80
 df 80
 mi 78
CM
 hs 1
CO
 li fly s
 ar 0 3 49684 0 0 4 42014 0
 cs 2
 wa 2
 st 1
 ue 1
 de 2
 pr 2

