56175 player pl_regular
na House Genesis
il	1 575
ad 50739 51812 54112 54214 54347 55066 55792 
ah 8857 
CH
PL
 fn Jonathan F. Garber
 em jon-garber@triadengineering.net
 pw pennie
 np 2
 ft 56
 so 1
 lt 260
 kn 69 600 601 602 603 610 611 612 613 614 \
	615 616 617 630 631 632 633 634 636 637 639 \
	641 650 651 652 653 654 655 656 657 658 659 \
	661 670 671 672 673 680 681 682 690 691 692 \
	693 694 695 696 697 700 701 702 703 704 705 \
	706 720 721 722 723 730 731 732 733 750 751 \
	753 754 756 800 801 802 803 804 805 806 807 \
	808 809 811 812 813 814 820 821 822 823 824 \
	825 826 827 828 829 831 832 833 840 841 842 \
	843 844 845 847 848 851 852 860 861 862 863 \
	866 867 880 881 882 883 884 885 886 887 888 \
	889 891 892 893 894 900 901 902 903 905 906 \
	907 908 909 911 920 921 922 1751 2092 2221 2334 \
	3772 5665 6509 6655 7297 8534 9921 10017 10018 10019 10020 \
	10021 10022 10023 10024 10025 10026 10027 10028 10029 10030 10118 \
	10122 10123 10124 10125 10127 10128 10129 10130 10139 10218 10219 \
	10220 10221 10222 10223 10224 10225 10226 10227 10228 10229 10230 \
	10231 10238 10239 10240 10241 10243 10244 10245 10323 10324 10329 \
	10330 10331 10332 10333 10334 10335 10336 10337 10338 10339 10340 \
	10341 10342 10343 10344 10345 10423 10424 10425 10426 10427 10428 \
	10429 10430 10431 10432 10433 10434 10435 10436 10437 10438 10439 \
	10440 10441 10442 10443 10444 10445 10523 10524 10530 10531 10532 \
	10533 10534 10538 10539 10540 10541 10542 10543 10544 10545 10546 \
	10547 10548 10549 10550 10551 10624 10630 10634 10635 10636 10637 \
	10638 10640 10641 10643 10645 10650 10651 10732 10733 10734 10735 \
	10736 10737 10738 10739 10740 10741 10742 10743 10745 10750 10751 \
	10823 10824 10825 10826 10827 10828 10829 10830 10831 10832 10838 \
	10839 10840 10841 10842 10843 10844 10845 10846 10918 10923 10940 \
	10941 10942 10943 10944 10945 10946 11017 11018 11022 11023 11040 \
	11041 11042 11043 11112 11117 11118 11119 11120 11121 11122 11142 \
	11143 11210 11211 11212 11213 11214 11215 11216 11217 11218 11242 \
	11243 11244 11305 11310 11343 11344 11404 11405 11406 11407 11408 \
	11409 11410 11443 11444 11445 11502 11503 11504 11505 11544 11545 \
	11591 11592 11593 11594 11595 11602 11643 11644 11645 11691 11702 \
	11743 11745 11791 11802 11843 11845 11902 11943 11945 12002 12042 \
	12043 12044 12045 12102 12142 12143 12144 12202 12206 12207 12239 \
	12242 12243 12302 12303 12305 12306 12307 12339 12340 12341 12342 \
	12403 12404 12405 12406 12407 12414 12415 12416 12417 12418 12419 \
	12439 12440 12441 12506 12507 12519 12520 12521 12522 12523 12539 \
	12603 12604 12605 12606 12607 12617 12618 12619 12620 12623 12639 \
	12703 12717 12720 12723 12727 12739 12803 12817 12820 12823 12827 \
	12839 12903 12904 12905 12917 12919 12920 12922 12923 12927 12930 \
	12931 12932 12933 12934 12935 12936 12939 13003 13017 13018 13019 \
	13020 13021 13022 13023 13024 13025 13026 13027 13028 13029 13030 \
	13036 13037 13039 13103 13113 13114 13115 13116 13117 13118 13119 \
	13120 13121 13122 13123 13124 13125 13126 13127 13128 13129 13137 \
	13138 13139 13203 13213 13214 13215 13216 13217 13218 13219 13220 \
	13221 13222 13223 13224 13225 13226 13227 13233 13237 13238 13303 \
	13313 13314 13315 13316 13317 13318 13319 13321 13322 13323 13324 \
	13325 13326 13327 13332 13333 13334 13335 13336 13337 13338 13403 \
	13413 13414 13415 13416 13417 13418 13419 13420 13421 13422 13423 \
	13424 13425 13427 13428 13430 13431 13432 13433 13434 13435 13436 \
	13437 13503 13506 13511 13512 13513 13514 13515 13516 13517 13518 \
	13519 13520 13521 13522 13523 13524 13525 13526 13527 13528 13529 \
	13530 13531 13532 13533 13537 13603 13604 13605 13606 13607 13608 \
	13609 13610 13611 13613 13614 13615 13616 13617 13618 13619 13620 \
	13621 13622 13623 13624 13625 13626 13627 13628 13629 13630 13631 \
	13632 13637 13706 13707 13708 13709 13710 13711 13712 13713 13714 \
	13715 13716 13717 13718 13719 13720 13721 13722 13723 13724 13725 \
	13726 13727 13728 13736 13737 13806 13807 13808 13810 13811 13812 \
	13813 13814 13815 13816 13817 13818 13819 13820 13821 13822 13823 \
	13824 13825 13826 13827 13828 13830 13831 13832 13833 13834 13835 \
	13836 13906 13907 13908 13909 13910 13911 13912 13913 13914 13915 \
	13916 13917 13918 13919 13920 13921 13922 13923 13924 13925 13926 \
	13930 14001 14002 14003 14004 14005 14006 14007 14008 14010 14011 \
	14012 14013 14014 14015 14016 14017 14018 14019 14020 14021 14022 \
	14023 14024 14025 14026 14028 14029 14030 14101 14102 14103 14104 \
	14105 14106 14107 14108 14109 14110 14111 14112 14116 14118 14120 \
	14121 14123 14128 14203 14205 14207 14208 14209 14210 14211 14212 \
	14216 14218 14219 14220 14221 14222 14223 14224 14225 14226 14227 \
	14228 14303 14307 14310 14311 14312 14316 14317 14318 14321 14322 \
	14323 14324 14325 14326 14403 14404 14405 14406 14407 14409 14410 \
	14416 14417 14418 14422 14423 14426 14427 14507 14508 14509 14510 \
	14518 14523 14527 14528 14529 14530 14531 14539 14607 14608 14609 \
	14618 14619 14620 14621 14623 14631 14639 14708 14720 14721 14722 \
	14723 14724 14725 14726 14727 14728 14729 14730 14731 14732 14733 \
	14739 14821 14822 14823 14828 14831 14832 14833 14834 14837 14838 \
	14839 14923 14924 14925 14926 14927 14928 14929 14930 14931 14932 \
	14933 14934 14935 14936 14937 14938 14939 15028 15029 15030 15031 \
	15032 15033 15034 15035 15036 15037 15038 15137 15237 18151 20055 \
	20249 20409 20449 20526 20541 20823 20856 21029 21178 21418 21668 \
	21730 21921 22198 22361 22402 22742 23029 23228 23557 23863 23909 \
	24158 24312 24793 25201 25471 25709 25868 25933 25967 26087 26567 \
	27030 27099 27308 27321 27388 27468 27525 27586 27651 27840 28407 \
	28453 28659 29298 29352 29508 29611 29976 30008 30028 30071 30753 \
	30814 31062 31084 31257 31618 31663 31672 31710 32263 32374 32703 \
	32968 33304 33593 33632 33725 33826 33827 34156 34299 34724 34782 \
	35263 35488 35540 35784 35987 35998 36498 36608 36905 37011 37172 \
	37487 37921 37999 38149 38502 38520 38788 38961 39159 39201 39438 \
	39469 39794 40281 40372 40400 40774 41247 41318 41632 41772 41841 \
	42007 42525 43419 43703 43883 43959 43960 44785 44957 45650 45901 \
	45918 46152 46410 46619 46750 47177 47367 47519 47568 47899 48301 \
	49050 49067 49376 49408 49647 49687 56766 56801 56872 56908 56937 \
	56983 57019 57088 57140 57241 57251 57285 57389 57397 57426 57489 \
	57494 57497 57540 57572 57576 57598 57622 57689 57744 57893 57896 \
	57950 57977 58014 58057 58150 58159 58165 58178 58269 58278 58288 \
	58426 58516 58626 58717 59078 59741 59744 59908 59967 60506 60607 \
	60922 61235 61617 62432 62517 62633 62693 62802 63022 63164 63276 \
	63617 63681 63729 63840 63873 64169 64681 64812 64867 64973 65239 \
	65502 65717 65731 65751 65794 65973 66134 66450 67083 67352 67723 \
	67725 67743 67890 68046 68051 68395 68576 69227 70076 70204 70210 \
	70247 71068 71171 71523 71572 71748 71950 72044 72110 72406 72752 \
	72864 73545 73890 73920 74020 74049 74205 74264 74659 74671 74836 \
	75094 75282 76034 76056 76105 76437 76512 76567 76931 77479 77821 \
	78009 78017 78046 78422 78609 78641 78742 104783 119706 131960 135456 \
	140267 
 un 67511 77536 69444 71573 120658 7407 59253 78036 64278 \
	69477 75296 5789 128218 68137 140905 70703 
 uf 120748 133240 85468 105252 137322 
 am 50739 0 54347 55066 51812 
CO
 li hostile 8857
 ar 0 0 0 0 0 0 0 0
 st 1

67511 char 0
na Parran the Wanderer
il	1 5416 \
	12 7 \
	19 5 \
	24 19 \
	54 3 \
	119706 1 \
	127514 1 \
	134984 1 \
	143866 1
tl	2 87 400 2 0 0 0 0 \
	2 76466 90 120 0 0 0 0 \
	2 149805 34 75 0 0 0 0
LI
 wh 74205
 hl 77536 
CH
 lo 56175
 he 100
 lk 2
 lr 1
 sl	600 2 21 0 0 \
	602 2 14 1 0 \
	601 2 14 94 0 \
	603 2 14 27 0 \
	610 2 21 8 0 \
	614 2 14 26 0 \
	611 2 28 0 0 \
	612 2 28 1 0 \
	616 2 14 33 0 \
	730 2 21 0 0 \
	732 2 14 8 0 \
	733 2 14 6 0 \
	630 2 28 0 0 \
	631 2 14 0 0 \
	731 2 14 0 0 \
	632 2 14 0 0
 at 232
 df 278
MI
 ds Bearded and stocky, he laughs little
CO
 li quest
 ar 0 0 0 0 0 0 0 0
 cs 2
 wa 5
 st 1
 ue 2
 de 2
 pr 3

77536 char 0
na Exedor the Gaunt
il	1 901 \
	12 1 \
	13 9 \
	54 4 \
	82 5 \
	84 2 \
	261 2 \
	62318 1 \
	76025 1 \
	76467 1
tl	2 95 45 4 0 0 0 0 \
	2 94 25 4 0 0 0 0 \
	2 87 200 2 0 0 0 0
LI
 wh 67511
CH
 lo 56175
 pl 100
 he 100
 lk 3
 lr 45
 sl	820 2 35 0 0 \
	822 2 21 0 0 \
	821 2 21 0 0 \
	800 2 28 0 0 \
	802 2 14 35 0 \
	610 2 21 9 0 \
	801 2 14 10 0 \
	615 2 21 47 0 \
	824 2 21 6 0 \
	670 2 28 0 0 \
	690 2 28 5 0 \
	693 2 21 0 0 \
	803 2 14 2 0 \
	804 2 21 0 0 \
	692 2 21 0 0 \
	691 2 21 0 0 \
	823 2 21 0 0 \
	805 2 14 0 0 \
	700 2 21 0 0 \
	809 2 21 0 0 \
	814 2 21 0 0 \
	806 2 21 14 0 \
	808 2 21 8 0 \
	807 2 21 2 0 \
	811 2 21 0 0 \
	812 2 21 0 0 \
	813 2 21 2 0 \
	697 0 0 0 0 \
	695 2 21 4 0 \
	696 0 0 0 0 \
	880 2 42 0 0 \
	881 2 14 1 0 \
	694 0 0 0 0 \
	882 2 14 0 0 \
	833 2 21 0 0 \
	894 2 21 0 0 \
	831 2 28 0 0 \
	832 2 21 0 0 \
	884 2 28 0 0 \
	887 2 21 0 0 \
	825 2 21 0 0 \
	826 2 21 0 0 \
	886 2 14 0 0 \
	827 2 21 0 0 \
	891 2 21 0 0 \
	885 2 14 0 0 \
	889 2 21 0 0 \
	893 2 21 0 0 \
	888 2 21 0 0 \
	892 2 21 6 0 \
	883 2 14 0 0 \
	828 2 21 0 0 \
	829 2 21 0 0 \
	920 2 0 0 0 \
	922 2 28 3 0 \
	921 2 28 1 0 \
	611 1 5 0 0
 bh 9
 bp 50
 at 80
 df 80
 mi 393
CM
 im 1
 ma 3
 ca 103
 kw 1
 vp 5
 ar 76025
MI
 di 1
 ds Young, thin, a troubled studious mein
CO
 li STUDY 611
 ar 611 0 0 0 0 0 0 0
 cs 2
 wa 2
 st 1
 ue 3
 de 5
 po 1
 pr 3

69444 char 0
na Elias the Wise
il	1 5624 \
	54 2 \
	82 9 \
	144374 1
tl	2 95 15 7 0 0 0 0
LI
 wh 75094
CH
 lo 56175
 he 24
 si 1
 lk 2
 lr 1
 sl	800 2 28 0 0 \
	802 2 14 41 0 \
	610 2 21 15 0 \
	801 2 14 24 0 \
	803 2 14 11 0 \
	805 2 14 0 0 \
	804 2 21 0 0 \
	880 2 42 0 0 \
	881 2 14 0 0 \
	820 2 35 0 0 \
	860 2 35 0 0 \
	824 2 21 7 0 \
	862 2 14 18 0 \
	821 2 21 0 0 \
	823 2 21 8 0 \
	861 2 14 0 0 \
	822 2 21 0 0 \
	882 2 14 0 0 \
	900 2 42 0 0 \
	903 2 21 2 0 \
	902 2 21 2 0 \
	700 2 21 0 0 \
	702 2 14 4 0 \
	612 2 28 2 0 \
	690 2 28 0 0 \
	906 2 21 0 0 \
	908 2 28 0 0 \
	827 2 21 0 0 \
	832 2 21 2 0 \
	828 2 21 1 0 \
	826 2 21 0 0 \
	616 2 14 11 0 \
	901 2 28 0 0 \
	829 2 21 0 0 \
	825 2 21 0 0 \
	831 2 28 0 0 \
	833 2 21 0 0 \
	887 2 21 2 0 \
	889 2 21 0 0 \
	893 2 21 0 0 \
	866 2 14 0 0 \
	905 2 21 0 0 \
	911 2 21 0 0 \
	909 2 21 2 0 \
	907 2 21 0 0 \
	630 2 28 0 0 \
	806 2 21 13 0 \
	867 2 21 0 0 \
	641 2 28 4 0 \
	639 2 21 0 0 \
	807 2 21 0 0 \
	813 2 21 7 0 \
	863 2 14 4 0 \
	808 2 21 0 0 \
	809 2 21 0 0 \
	840 2 35 0 0 \
	841 2 21 0 0 \
	844 2 21 0 0 \
	848 2 21 0 0 \
	852 2 21 0 0 \
	845 2 21 0 0 \
	842 2 14 1 0 \
	847 2 21 0 0 \
	851 2 21 0 0 \
	843 2 21 0 0 \
	892 2 21 0 0 \
	611 2 28 0 0 \
	814 2 21 0 0 \
	894 2 21 0 0 \
	811 2 21 0 0 \
	812 2 21 0 0 \
	883 2 14 0 0
 at 146
 df 80
CM
 im 1
 ma 62
 ca 63
 hs 1
 kw 1
 vp 4
MI
 ds A quick cynical wit with a haughty bearing
CO
 li EXPLORE
 ar 0 0 0 0 0 0 0 0
 cs 2
 wa 2
 st 1
 ue 3
 de 5
 pr 3

71573 char 0
na Sturm
il	1 464 \
	16 29 \
	75 21 \
	78 30 \
	64694 1 \
	128139 1
LI
 wh 9921
CH
 lo 56175
 pl 100
 he 100
 lk 3
 lr 23
 sl	610 2 21 14 0 \
	612 2 28 2 0 \
	616 2 14 35 0 \
	611 2 28 0 0 \
	670 2 28 0 0 \
	671 2 14 0 0 \
	614 2 14 8 0 \
	630 2 28 0 0 \
	633 2 14 0 0 \
	634 2 14 0 0 \
	631 2 14 0 0 \
	639 2 21 0 0 \
	641 2 28 1 0 \
	672 2 21 0 0 \
	680 2 21 0 0
 at 250
 df 128
CM
 vp 5
MI
 ds Of the Confederation
CO
 li use 614
 ar 614 0 0 0 0 0 0 0
 wa -1
 st 1
 ue 2
 po 1
 pr 3

120658 char 0
na Trader Rick
il	1 3959 \
	11 29
LI
 wh 9921
CH
 lo 56175
 pl 100
 he 100
 lk 1
 lr 350
 sl	610 2 21 2 0 \
	616 2 14 3 0 \
	611 2 28 0 0 \
	612 2 28 0 0 \
	680 2 21 0 0 \
	682 2 14 3 0 \
	681 2 14 0 0
 bh 9
 bp 50
 at 102
 df 80
CO
 li use 616
 ar 0 0 0 0 0 0 0 616
 cs 2
 wa 3
 st 1
 us 616
 ue 1
 de 4
 pr 3

7407 char 0
na Rebecca
il	1 3988 \
	12 5 \
	15 3 \
	52 2 \
	69 1 \
	271 4 \
	282 14 \
	291 1 \
	292 1 \
	69826 1 \
	72230 1 \
	91782 1 \
	131240 1
LI
 wh 65794
 hl 59253 
CH
 lo 56175
 pl 100
 he 100
 lk 3
 lr 29
 sl	610 2 21 8 0 \
	614 2 14 11 0 \
	650 2 28 0 0 \
	654 2 28 71 0 \
	653 2 28 0 0 \
	655 2 14 27 0 \
	656 2 14 1 0 \
	657 2 21 44 0 \
	652 2 28 0 0 \
	612 2 28 1 0 \
	658 0 0 0 0 \
	661 2 21 14 0 \
	659 0 0 0 0 \
	611 2 28 0 0
 at 80
 df 143
CM
 vp 4
CO
 li QUEST
 ar 0 0 0 0 0 0 0 0
 cs 2
 wa 2
 st 1
 ue 2
 de 5
 pr 3

59253 char 0
na Drang
il	22 19
LI
 wh 7407
CH
 lo 56175
 he 100
 lk 3
 lr 56
 sl	610 2 21 9 0 \
	615 2 21 23 0 \
	612 2 28 1 0 \
	611 2 28 0 0 \
	616 2 14 18 0 \
	630 2 28 0 0 \
	631 2 14 1 0
 bh 1
 at 159
 df 80
 mi 227
CO
 li EXPLORE
 ar 0 0 0 0 0 0 0 0
 wa 7
 ue 3
 pr 3

78036 char 0
na Whistelmentaeon the Gnome
il	1 957 \
	11 41 \
	16 3 \
	52 1 \
	77 25 \
	79 8 \
	82 1 \
	98 3
tl	2 94 15 4 0 0 0 0
LI
 wh 104783
 hl 87848 
CH
 lo 56175
 pl 100
 he 100
 lk 3
 lr 57
 sl	680 2 21 3 0 \
	682 2 14 14 0 \
	681 2 14 0 0 \
	610 2 21 1 0 \
	720 2 21 0 0 \
	721 2 14 21 0 \
	722 2 14 27 0 \
	616 2 14 29 0 \
	612 2 28 2 0 \
	723 2 14 7 0 \
	700 2 21 0 0 \
	702 2 14 2 0 \
	611 2 28 0 0 \
	614 2 14 0 0 \
	701 2 14 0 0
 at 189
 df 80
MI
 ds Short & twisted even for a Gnome, he reeks of ale
CO
 li USE 722
 ar 0 0 0 0 0 0 0 722
 cs 2
 wa 5
 st 1
 us 722
 ue 4
 de 1
 pr 3

64278 char 0
na Roald the Clever
il	1 2224 \
	54 2
tl	2 94 15 4 0 0 0 0 \
	2 95 10 7 0 0 0 0
LI
 wh 13316
CH
 lo 56175
 he 100
 lk 2
 lr 1
 sl	700 2 21 0 0 \
	610 2 21 11 0 \
	617 2 14 31 0 \
	720 2 21 0 0 \
	702 2 14 17 0 \
	722 2 14 52 0 \
	615 2 21 34 0 \
	703 2 14 13 0 \
	612 2 28 1 0 \
	680 2 21 9 0 \
	682 2 14 8 0 \
	721 2 14 34 0 \
	611 2 28 0 0 \
	616 2 14 38 0 \
	701 2 14 0 0 \
	614 2 14 4 0 \
	723 2 14 10 0 \
	706 2 14 0 0 \
	704 2 14 6 0 \
	705 2 14 0 0
 at 282
 df 106
 mi 331
MI
 ds A bear of a man, a ready laugh, & worker's hands
CO
 li SEEK
 ar 0 0 0 0 0 0 0 0
 cs 2
 wa 2
 st 1
 ue 1
 de 5
 po 1
 pr 3

69477 char 0
na Paperwork the Depressor
il	1 15707 \
	54 3 \
	68 20 \
	69 1 \
	66289 1 \
	119108 1
tl	2 94 49 4 0 0 0 0 \
	2 95 1 7 0 0 0 0 \
	1 68 80 100 0 0 0 0 \
	1 114648 900 1 0 0 0 0
LI
 wh 13419
CH
 lo 56175
 he 100
 lk 2
 lr 1
 sl	630 2 28 0 0 \
	631 2 14 14 0 \
	670 2 28 0 0 \
	673 2 14 0 0 \
	671 2 14 2 0 \
	637 2 21 0 0 \
	641 2 28 3 0 \
	639 2 21 0 0 \
	636 0 0 0 0 \
	610 2 21 0 0 \
	616 2 14 23 0 \
	612 2 28 2 0 \
	633 2 14 2 0 \
	611 2 28 0 0 \
	690 2 28 0 0 \
	695 2 21 1 0 \
	614 2 14 0 0
 at 168
 df 80
CM
 hs 1
MI
 ds of the Confederation
CO
 li SEEK
 ar 0 0 0 0 0 0 0 0
 cs 2
 wa 5
 st 1
 ue 4
 de 2
 po 1
 pr 3

75296 char 0
na Jon The Restless
il	1 37266 \
	11 17 \
	15 28 \
	16 152 \
	20 83 \
	52 2 \
	54 2 \
	55 9 \
	61 2 \
	69 1 \
	76 5 \
	82 11 \
	94 10 \
	98 19 \
	271 12 \
	59741 1 \
	60026 1 \
	61714 1 \
	62837 1 \
	66859 1 \
	67576 1 \
	67688 1 \
	68181 1 \
	69923 1 \
	71254 1 \
	75122 1 \
	77877 1 \
	81104 1 \
	97446 1 \
	104557 1 \
	106625 1 \
	135456 1 \
	135609 1 \
	140267 1 \
	141966 1 \
	142001 1
tl	2 94 15 4 0 0 0 0 \
	2 87 50 2 0 0 0 0 \
	2 95 6 70 0 0 0 0
LI
 wh 5665
 hl 5789 128218 
CH
 lo 56175
 he 100
 lk 2
 lr 2
 sl	610 2 21 17 0 \
	616 2 14 39 0 \
	612 2 28 1 0 \
	650 2 28 0 0 \
	655 2 14 6 0 \
	656 2 14 3 0 \
	652 2 28 0 0 \
	600 2 21 0 0 \
	602 2 14 1 0 \
	601 2 14 17 0 \
	653 2 28 0 0 \
	611 2 28 0 0 \
	670 2 28 0 0 \
	671 2 14 0 0 \
	654 2 28 29 0 \
	603 2 14 1 0 \
	651 2 21 0 0 \
	658 0 0 0 0 \
	657 2 21 17 0 \
	661 2 21 0 0 \
	617 2 14 0 0 \
	900 2 42 0 0 \
	911 2 21 1 0 \
	690 2 28 0 0 \
	695 2 21 1 0
 ra 70
 at 234
 df 80
CM
 im 1
 ma 2
 ca 2
 rb 1
 vp 15
MI
 ds Med height & slender, grey temples & a calm gaze
CO
 li breed 55 55
 ar 55 55 0 0 0 0 0 0
 wa 7
 st 1
 ue 1
 pr 3

5789 char 0
na Olav II
il	1 20592 \
	21 33 \
	22 42 \
	72 1 \
	73 36 \
	74 47 \
	75 30 \
	77 22 \
	79 76 \
	85 51 \
	98 3 \
	285 4 \
	295 1 \
	60767 1 \
	72690 1 \
	72804 1 \
	92198 1
LI
 wh 75296
CH
 lo 56175
 pl 100
 he 100
 lk 3
 lr 9
 sl	610 2 21 30 0 \
	616 2 14 58 0 \
	615 2 21 35 0 \
	612 2 28 1 0 \
	617 2 14 46 0 \
	614 2 14 1 0 \
	613 2 14 1 0 \
	750 2 35 0 0 \
	751 2 28 39 0 \
	754 2 28 0 0 \
	756 2 28 31 0 \
	753 2 21 50 0 \
	611 2 28 0 0
 bh 9
 at 176
 df 84
 mi 209
CM
 pr 1
 vp 10
 vi 3504 3772 6905 9921 10307 10505 10506 10552 10747 10753 \
	15862 16368 16440 16641 16662 16761 17192 17290 17294 17317 17319 \
	17414 17495 17596 17694 17787 17797 17838 17889 17895 17991 17996 \
	18037 18093 18135 18392 18494 18587 18627 18728 18730 18828 18830 \
	18831 18927 19028 19128 19229 19327 56762 56806 57241 57744 57893 \
	58014 58165 58278 65336 70009 70236 70650 73388 74662 83139 83868 \
	105398 110265 128218 
CO
 li use 756 v296
 ar 75296 0 0 0 0 0 0 756
 cs 2
 wa 1
 st 1
 us 756
 ue 4
 de 8
 pr 3

128218 char 0
na Ovis Ammon
il	1 4921 \
	54 1 \
	55 17 \
	85524 1
tl	2 95 9988 7 0 0 0 0
LI
 wh 75296
CH
 lo 56175
 pl 100
 he 100
 lk 3
 lr 36
 sl	610 2 21 0 0 \
	650 2 28 0 0 \
	654 2 28 32 0 \
	655 2 14 0 0 \
	656 2 14 0 0 \
	653 2 28 0 0 \
	658 2 21 0 0 \
	661 2 21 0 0 \
	612 2 28 1 0 \
	652 2 28 0 0 \
	659 2 21 0 0 \
	657 2 21 0 0 \
	651 2 21 0 0 \
	614 2 14 0 0 \
	616 2 14 0 0 \
	617 2 14 0 0
 at 80
 df 80
CM
 vp 10
MI
 di 2
 ds Of the Confederation, dammit!
CO
 li breed 55 55
 ar 55 55 0 0 0 0 0 0
 cs 2
 wa 7
 st 1
 ue 1
 de 6
 pr 3

68137 char 0
na Trader Vic
il	1 14264 \
	54 27 \
	76466 42 \
	149805 1
tl	1 137536 30 26 0 0 0 0 \
	2 95 90 7 0 0 0 0 \
	2 76466 42 120 0 0 0 0 \
	1 76466 42 71 0 0 0 0 \
	2 149805 1 75 0 0 0 0
LI
 wh 13714
CH
 lo 56175
 he 100
 lk 3
 lr 30
 sl	610 2 21 0 0 \
	616 2 14 14 0 \
	612 2 28 2 0 \
	611 2 28 0 0
 mo 7798
 bh 9
 at 151
 df 80
CO
 li fly w
 ar 0 4 13713 0 0 4 13714 0
 cs 2
 wa 1
 st 1
 ue 3
 de 3
 pr 2

140905 char ni
na Moth
il	1 496 \
	15 9 \
	52 1 \
	98 1
LI
 wh 13815
CH
 ni 34
 lo 56175
 he -1
 lk 4
 bh 9
 at 60
 df 60
CM
 ot 140267
MI
 ca r
 ds Still tall and malodorous
CO
 li seek
 ar 0 0 0 0 0 0 0 0
 cs 2
 wa 5
 st 1
 de 2
 po 1
 pr 3

70703 char 0
na Coll
il	1 7349 \
	54 22 \
	81280 1 \
	149805 31
tl	2 94 8 4 0 0 0 0 \
	2 95 9 7 0 0 0 0 \
	2 87 200 2 0 0 0 0 \
	2 91858 2 104 0 0 0 0 \
	1 76466 42 71 0 0 0 0
LI
 wh 13818
CH
 lo 56175
 pl 100
 he 100
 lk 3
 lr 18
 sl	600 2 21 0 0 \
	602 2 14 1 0 \
	601 2 14 20 0 \
	603 2 14 15 0 \
	610 2 21 2 0 \
	615 2 21 32 0 \
	612 2 28 0 0 \
	611 2 28 0 0 \
	614 2 14 11 0 \
	700 2 21 0 0 \
	703 2 14 3 0 \
	701 2 14 0 0
 mo 7798
 bh 1
 bp 50
 at 80
 df 120
 mi 329
CO
 li fly e
 ar 0 2 13819 0 0 4 13818 0
 cs 2
 wa 1
 st 1
 ue 2
 de 3
 pr 2

