56183 player pl_regular
na Streams
il	1 1655 \
	78 100
CH
PL
 fn Joakim Alhbin
 em graeme.anderson@optimay.com
 ve alhbin@swipnet.se
 pw zehnmaSS
 np 21
 ft 79
 nt 1
 so 1
 lt 260
 kn 69 600 601 602 610 611 612 614 615 616 \
	617 630 633 635 636 637 639 641 650 652 653 \
	654 655 656 657 670 671 672 675 680 681 690 \
	691 692 693 694 696 720 721 722 723 730 732 \
	733 750 751 752 753 754 756 800 801 802 803 \
	804 805 806 807 808 809 811 812 814 840 841 \
	860 861 862 880 881 882 887 900 901 902 903 \
	909 911 920 921 922 2804 3575 9269 10656 10657 10658 \
	10659 10660 10661 10662 10663 10664 10665 10666 10667 10668 10669 \
	10670 10671 10672 10759 10760 10761 10762 10763 10764 10765 10766 \
	10767 10768 10769 10770 10771 10772 10773 10859 10867 10872 10873 \
	10959 10960 10961 10962 10963 10964 10965 10966 10967 10968 10969 \
	10970 10971 10972 10973 10974 10975 10976 10977 11059 11071 11077 \
	11078 11159 11168 11169 11170 11171 11172 11178 11259 11260 11261 \
	11262 11263 11264 11265 11266 11267 11268 11269 11270 11271 11272 \
	11278 11365 11366 11367 11368 11369 11370 11371 11378 11468 11478 \
	11568 11578 11668 11678 11768 11773 11774 11775 11776 11777 11778 \
	11779 11868 11968 12068 12168 12268 12368 12449 12450 12451 12452 \
	12453 12454 12455 12456 12457 12458 12459 12460 12461 12462 12463 \
	12464 12465 12466 12467 12468 12549 12649 12749 12849 12949 13049 \
	15865 15866 15965 15966 15967 16065 16066 16067 16158 16159 16160 \
	16161 16162 16163 16164 16165 16166 16167 16168 16169 16170 16258 \
	16262 16263 16264 16265 16266 16267 16268 16269 16270 16358 16362 \
	16364 16365 16366 16367 16368 16369 16370 16371 16455 16456 16457 \
	16458 16459 16460 16461 16462 16463 16464 16465 16466 16467 16468 \
	16469 16470 16471 16557 16558 16559 16560 16561 16562 16563 16564 \
	16565 16566 16567 16568 16569 16570 16571 16664 16665 16666 16667 \
	16668 16669 16670 16671 16764 16765 16766 16849 16850 16851 16852 \
	16853 16854 16864 16865 16866 16949 16950 16954 16955 16956 16957 \
	16958 16959 16960 16961 16962 16963 16964 16965 16966 16967 17065 \
	17067 17165 17167 17263 17264 17265 17266 17267 17363 17365 17366 \
	17463 17464 17465 17466 17563 17564 17565 17566 17663 17664 17665 \
	17666 17762 17763 17764 17765 17766 17861 17862 17863 17864 17865 \
	17961 17963 17964 17965 18061 18062 18063 18064 18161 18162 20201 \
	20630 21511 22159 22389 23353 23654 23684 23748 24413 25543 30780 \
	32693 34419 35385 36191 36528 43280 43287 44786 47638 49272 56938 \
	56949 57143 57264 57430 57455 57553 57570 57652 57658 57842 57934 \
	58031 58338 58380 58670 59168 61329 61377 63901 64806 65358 66854 \
	67802 68462 68537 70009 71496 72165 72504 73313 74666 77143 82582 \
	93802 
 un 74014 76867 
 uf 105910 127846 97427 138943 119492 
 am 3575 0 56406 
 am 5277 0 51167 51454 51478 52468 52606 53436 54636 \
	55184 55374 55749 56183 56542 56406 56136 
 am 6242 0 51167 51454 51478 52468 52606 53436 54636 \
	55184 55374 55749 56183 56542 56406 56136 
 am 56183 0 56406 50106 51176 55976 56754 51167 
 am 61233 0 51167 51454 51478 52468 52606 53436 54636 \
	55184 55374 55749 56183 56542 56406 56136 
 am 74014 0 51167 51454 51478 52468 52606 53436 54636 \
	55184 55374 55749 56183 56542 56406 56136 
 am 76932 0 51167 51454 51478 52468 52606 53436 54636 \
	55184 55374 55749 56183 56542 56406 56136 
CO
 li accept 0 0
 ar 0 0 0 0 0 0 0 0
 st 1

74014 char 0
na Major Lathan
il	1 622 \
	54 2
LI
 wh 13049
CH
 lo 56183
 he 100
 lk 2
 lr 1
 sl	610 2 21 2 0 \
	800 2 28 0 0 \
	630 2 28 0 0 \
	802 2 14 29 0 \
	801 2 14 1 0 \
	803 2 14 1 0 \
	690 2 28 0 0 \
	804 2 21 0 0 \
	693 2 21 0 0 \
	806 2 21 2 0 \
	641 2 28 3 0 \
	614 2 14 13 0 \
	840 2 35 0 0 \
	841 2 21 1 0 \
	805 2 14 0 0 \
	691 2 21 0 0 \
	692 2 21 0 0 \
	807 2 21 5 0 \
	808 2 21 0 0 \
	809 2 21 0 0 \
	811 2 21 0 0 \
	814 2 21 0 0 \
	812 2 21 0 0 \
	680 2 21 0 0 \
	681 2 14 0 0 \
	612 2 28 1 0 \
	639 2 21 0 0 \
	636 2 14 0 0 \
	694 2 21 0 0 \
	696 2 14 0 0 \
	615 2 21 2 0
 mo 7799
 tf 4
 at 80
 df 110
 mi 50
 dt 113 15 3375
CM
 im 1
 ma 15
 ca 15
 hs 1
CO
 li fly s
 ar 0 3 13149 0 0 3 13049 0
 cs 2
 wa 1
 st 1
 ue 4
 de 2
 pr 2

76867 char 0
na Bishop of Bath and Welles
il	1 1717 \
	54 6
LI
 wh 59168
CH
 lo 56183
 pl 55749
 he 100
 lk 2
 lr 1
 sl	610 2 21 12 0 \
	630 2 28 0 0 \
	612 2 28 1 0 \
	616 2 14 1 0 \
	641 2 28 4 0 \
	670 2 28 0 0 \
	671 2 14 0 0 \
	730 2 21 0 0 \
	733 2 14 3 0 \
	672 2 21 0 0 \
	675 1 3 0 0 \
	732 2 14 1 0 \
	635 2 28 0 0 \
	637 1 17 0 0 \
	633 2 14 0 0 \
	650 2 28 0 0 \
	654 2 28 32 0 \
	750 2 35 0 0 \
	751 2 28 3 0 \
	752 2 28 3 0 \
	756 2 28 4 0 \
	754 2 28 1 0 \
	753 2 21 4 0
 bh 1
 at 80
 df 30
 dt 154 7 4597
CM
 hs 1
 vp 5
 pl 63668
 vi 3780 60107 65918 116526 125333 
MI
 ds The terrible baby-eating bishop.
CO
 li use 753
 ar 0 0 0 0 0 0 0 753
 cs 2
 wa 2
 st 1
 us 753
 ue 1
 de 1
 pr 3

