56223 player pl_regular
na Erigadorn
il	1 3250 \
	78 100
ad 50333 51853 53513 53627 54948 55115 55705 56223 56309 \
	56363 76837 
CH
PL
 fn Pedro Ribeiro
 em ribas_pedro@hotmail.com
 pw 01WOLVIE
 np 2
 ft 83
 so 1
 lt 260
 kn 69 600 601 602 603 610 611 612 613 614 \
	615 616 617 630 631 632 633 634 641 650 651 \
	652 653 654 655 656 657 658 670 671 672 680 \
	681 682 690 691 692 693 697 700 701 702 703 \
	704 705 720 721 722 723 730 731 732 733 750 \
	751 752 753 754 755 756 800 801 802 803 804 \
	805 806 807 808 809 811 812 813 814 840 841 \
	845 846 847 848 849 851 880 881 882 883 884 \
	886 887 888 889 891 892 893 894 900 901 902 \
	903 904 905 906 907 908 909 911 1839 2042 2319 \
	2559 2578 6117 6416 9911 12833 12933 13032 13033 13132 13133 \
	13232 13233 13332 13333 13334 13335 13338 13339 13341 13342 13347 \
	13432 13433 13434 13435 13436 13437 13438 13439 13440 13441 13442 \
	13445 13447 13448 13449 13450 13451 13535 13536 13537 13538 13539 \
	13540 13541 13542 13543 13544 13545 13546 13547 13551 13552 13634 \
	13635 13636 13637 13638 13639 13640 13641 13642 13643 13644 13645 \
	13646 13647 13648 13649 13650 13651 13652 13731 13732 13733 13734 \
	13735 13736 13737 13738 13739 13740 13741 13742 13743 13744 13745 \
	13746 13747 13748 13750 13751 13752 13829 13830 13831 13832 13833 \
	13834 13835 13836 13837 13838 13839 13840 13841 13842 13843 13844 \
	13845 13846 13847 13848 13849 13850 13851 13852 13936 13937 13939 \
	13940 13941 13942 13944 13945 13947 13948 13950 13951 13952 14039 \
	14040 14041 14042 14043 14044 14045 14046 14047 14048 14049 14050 \
	14051 14052 14139 14140 14141 14142 14143 14144 14145 14146 14147 \
	14148 14149 14150 14151 14152 14239 14240 14241 14242 14244 14245 \
	14246 14247 14248 14249 14250 14251 14252 14339 14341 14342 14344 \
	14345 14346 14347 14348 14349 14350 14439 14441 14442 14444 14445 \
	14446 14447 14448 14539 14540 14541 14542 14543 14544 14545 14546 \
	14547 14548 14549 14550 14639 14641 14642 14643 14644 14645 14646 \
	14647 14648 14649 14739 14741 14742 14745 14746 14747 14748 14838 \
	14839 14840 14841 14842 14846 14847 14848 14939 14941 14942 14946 \
	14947 14948 15038 15039 15040 15041 15046 15047 15048 15146 15147 \
	15148 15246 15247 15248 15346 15347 15348 15349 15350 15351 15352 \
	15353 15354 15355 15356 15357 15358 15359 15360 15361 15362 15363 \
	15364 15365 15366 15367 15446 15546 15646 15746 15844 15845 15846 \
	15944 15946 16044 16046 16139 16144 16146 16147 16148 16149 16150 \
	16151 16239 16240 16241 16242 16243 16244 16246 16247 16248 16339 \
	16340 16341 16342 16343 16344 16346 16348 16349 16438 16439 16444 \
	16446 16449 16538 16539 16541 16542 16543 16544 16545 16546 16549 \
	16638 16639 16640 16641 16644 16645 16646 16647 16648 16649 16738 \
	16739 16744 16745 16746 16747 16748 16749 16750 16751 16752 16753 \
	16754 16841 16842 16843 16844 16845 16846 16847 16848 16849 16850 \
	16851 16852 16853 16854 16944 16945 16946 16947 16948 16949 16950 \
	16951 24532 27642 56896 56983 57081 57154 57190 57265 57501 57625 \
	57646 57679 57704 57855 57933 58056 58216 58318 58335 58374 58409 \
	58516 58575 58599 58622 58687 58707 58738 58758 59400 59810 61501 \
	61661 61720 61831 61969 62919 63953 64071 64232 64798 64813 64917 \
	65596 65619 65913 66275 66299 66348 66624 66729 67011 67668 67800 \
	68121 68265 68592 68668 70412 71241 71280 71565 71836 71853 71897 \
	71969 72962 73088 73532 74330 74449 74996 75209 75937 77159 77521 \
	77683 78700 92243 111704 129045 134602 135221 140174 141967 
 un 7897 77030 9915 71566 83080 77686 76083 89629 70082 \
	77076 90571 92268 65133 69538 92932 
 uf 122995 143394 116055 128309 88774 
 am 2228 0 50333 55115 54948 53627 56309 56223 55705 \
	56363 53513 51853 
 am 65133 0 55705 
 am 74843 0 50535 50837 51323 53249 54295 56297 56455 \
	56746 54172 54404 54587 54597 54935 55263 55275 55705 50333 55115 \
	54948 53627 56309 56363 53513 51853 
 am 134602 0 50535 50837 51323 53249 54295 56297 56455 \
	56746 54172 54404 54587 54597 54935 55263 55275 55705 50333 55115 \
	54948 53627 56309 56363 53513 51853 
CO
 li accept 0 ta8
 ar 0 54948 0 0 0 0 0 0
 st 1

7897 char 0
na Morgan Thalasi
il	1 1748 \
	11 5 \
	12 5 \
	51 6 \
	54 2 \
	65 5 \
	76 3 \
	77 60
tl	2 94 961 4 0 0 0 0 \
	2 95 998 7 0 0 0 0
LI
 wh 13445
CH
 lo 56223
 pl 51665
 he 100
 lk 2
 lr 1
 sl	600 2 21 0 0 \
	602 2 14 2 0 \
	601 2 14 72 0 \
	603 2 14 31 0 \
	610 2 21 11 0 \
	617 2 14 4 0 \
	616 2 14 8 0 \
	612 2 28 2 0 \
	613 2 14 0 0 \
	614 2 14 14 0 \
	615 2 21 5 0 \
	700 2 21 0 0 \
	703 2 14 1 0 \
	730 2 21 0 0 \
	732 2 14 0 0 \
	733 2 14 1 0 \
	731 2 14 0 0 \
	702 2 14 6 0 \
	704 2 14 11 0 \
	705 2 14 0 0 \
	701 2 14 0 0 \
	630 2 28 0 0 \
	641 2 28 1 0 \
	690 2 28 0 0 \
	693 2 21 9 0 \
	691 2 21 0 0 \
	692 2 21 0 0 \
	697 2 28 0 0 \
	632 2 14 0 0 \
	631 2 14 0 0 \
	633 2 14 0 0 \
	634 2 14 0 0 \
	680 2 21 0 0 \
	682 2 14 0 0 \
	681 2 14 0 0 \
	611 2 28 0 0
 at 113
 df 127
 mi 50
CM
 hs 1
MI
 ds Honour Bound
CO
 li Use 616
 ar 0 0 0 0 0 0 0 616
 cs 2
 wa 2
 st 1
 us 616
 ue 2
 de 5
 pr 3

77030 char 0
na Arilyn Moonblade
il	1 10055 \
	16 100 \
	20 10 \
	52 5 \
	69 1 \
	285 1 \
	289 1 \
	100815 1
LI
 wh 13542
CH
 lo 56223
 he 100
 lk 2
 lr 1
 sl	700 2 21 0 0 \
	610 2 21 3 0 \
	614 2 14 1 0 \
	650 2 28 0 0 \
	654 2 28 111 0 \
	655 2 14 3 0 \
	653 2 28 0 0 \
	611 2 28 0 0 \
	612 2 28 2 0 \
	652 2 28 0 0 \
	657 2 21 3 0 \
	617 2 14 0 0 \
	702 1 7 0 0 \
	630 2 28 0 0 \
	641 2 28 1 0 \
	656 2 14 1 0
 mo 7799
 ra 70
 at 80
 df 89
CM
 hs 1
 vp 5
 pl 76602
MI
 ds Greyfell Lady
CO
 li Move S
 ar 0 3 13642 0 0 19 13542 0
 cs 2
 wa 17
 st 1
 ue 1
 de 2
 pr 2

9915 char 0
na Glormane Rocksmith
il	1 3801 \
	12 5 \
	76 2 \
	78 69 \
	79 42 \
	98 1
LI
 wh 92243
 hl 140857 
CH
 lo 56223
 pl 51665
 he 100
 lk 2
 lr 1
 sl	720 2 21 0 0 \
	610 2 21 46 0 \
	721 2 14 48 0 \
	722 2 14 18 0 \
	617 2 14 11 0 \
	612 2 28 1 0 \
	615 2 21 0 0 \
	616 2 14 4 0 \
	680 2 21 9 0 \
	682 2 14 48 0 \
	681 2 14 0 0 \
	614 2 14 2 0 \
	723 2 14 20 0 \
	613 2 14 0 0 \
	611 2 28 0 0
 at 85
 df 87
 mi 50
MI
 ds Greyfell Lady
CO
 li Use 616
 ar 0 0 0 0 0 0 0 616
 cs 2
 wa 4
 st 1
 us 616
 ue 1
 de 3
 pr 3

71566 char 0
na Eric of Erigadorn II
il	1 27407 \
	11 9 \
	12 10 \
	13 100 \
	18 38 \
	53 1 \
	61 10 \
	64 21 \
	68 10 \
	69 1 \
	70 1 \
	73 10 \
	74 30 \
	75 15 \
	77 408 \
	78 999 \
	79 218 \
	82 30 \
	83 1 \
	85 13 \
	94 15 \
	95 19 \
	98 85 \
	60620 1 \
	60946 1 \
	61969 1 \
	104568 1 \
	117094 1 \
	129592 1
tl	2 94 948 4 0 0 0 0 \
	2 95 981 7 0 0 0 0
LI
 wh 134602
CH
 lo 56223
 he 100
 lk 2
 lr 1
 sl	610 2 21 24 0 \
	611 2 28 0 0 \
	612 2 28 1 0 \
	613 2 14 8 0 \
	630 2 28 0 0 \
	680 2 21 2 0 \
	730 2 21 0 0 \
	615 2 21 8 0 \
	681 2 14 0 0 \
	631 2 14 0 0 \
	633 2 14 0 0 \
	733 2 14 0 0 \
	641 2 28 0 0 \
	632 2 14 0 0 \
	614 2 14 4 0 \
	617 2 14 7 0 \
	616 2 14 3 0 \
	732 2 14 0 0
 ra 60
 at 92
 df 102
 mi 50
CM
 vp 6
 pl 3475
CO
 li USe 616
 ar 0 0 0 0 0 0 0 616
 cs 2
 wa 4
 st 1
 us 616
 ue 1
 de 3
 pr 3

83080 char 0
na Ivan Bouldershoulder
il	1 7709 \
	16 65 \
	54 8 \
	76 5 \
	282 81
tl	1 76 5 100 0 0 0 0 \
	1 261 2 1 0 0 0 0
LI
 wh 134602
CH
 lo 56223
 he 100
 lk 3
 lr 54
 sl	610 2 21 2 0 \
	611 2 28 0 0 \
	612 2 28 1 0 \
	617 2 14 0 0 \
	615 2 21 3 0 \
	614 2 14 0 0 \
	616 2 14 0 0 \
	613 2 14 0 0 \
	680 1 18 0 0 \
	650 2 28 0 0 \
	654 2 28 12 0 \
	653 2 28 0 0 \
	655 2 14 0 0 \
	652 2 28 0 0
 at 80
 df 80
 mi 69
CM
 vp 3
MI
 ds Greyfell Lord
CO
 li Breed 54 54
 ar 54 54 0 0 0 0 0 0
 cs 2
 wa 5
 st 1
 ue 1
 de 1
 pr 3

77686 char 0
na Halivon Tharnstar
il	1 8244 \
	59161 1 \
	59179 1 \
	59546 1 \
	63648 1 \
	70570 3 \
	101419 3
tl	2 77632 503 117 0 0 0 0 \
	2 76469 615 124 0 0 0 0 \
	2 94 958 4 0 0 0 0 \
	1 64388 70 37 0 0 0 0 \
	2 128370 997 97 0 0 0 0
LI
 wh 58599
CH
 lo 56223
 he 100
 lk 2
 lr 1
 sl	750 2 35 2 0 \
	751 2 28 18 0 \
	610 2 21 28 0 \
	680 2 21 1 0 \
	753 2 21 17 0 \
	611 2 28 0 0 \
	612 2 28 1 0 \
	752 2 28 0 0 \
	617 2 14 6 0 \
	614 2 14 2 0 \
	682 2 14 0 0 \
	754 2 28 1 0 \
	755 2 28 0 0 \
	756 2 28 14 0 \
	630 2 28 0 0 \
	616 2 14 0 0 \
	631 2 14 0 0 \
	730 2 21 0 0 \
	732 2 14 2 0 \
	733 2 14 2 0 \
	613 2 14 0 0 \
	632 2 14 0 0 \
	615 2 21 0 0 \
	641 1 21 0 0
 bh 1
 at 80
 df 87
 mi 50
CM
 pr 1
 vp 7
 vi 2518 10284 10685 10786 10793 10884 10895 11096 11195 11387 \
	11391 11685 16772 16845 16945 16950 57291 62935 74141 78059 105217 \
	128780 
MI
 ds Greyfell Lord
CO
 li USe 733 p570
 ar 70570 0 0 0 0 0 0 733
 cs 2
 wa 6
 st 1
 us 733
 ue 1
 de 8
 pr 3

76083 char 0
na Brastynbold Elphaendim
il	54 52 \
	64388 35 \
	116910 3
tl	2 94 991 4 0 0 0 0 \
	2 95 999 7 0 0 0 0
LI
 wh 13640
CH
 lo 56223
 he 100
 lk 2
 lr 1
 sl	610 2 21 4 0 \
	680 2 21 0 0 \
	611 2 28 0 0 \
	612 2 28 1 0 \
	730 2 21 0 0 \
	617 2 14 0 0 \
	614 2 14 0 0 \
	615 2 21 0 0 \
	682 2 14 0 0 \
	732 2 14 1 0 \
	733 2 14 0 0 \
	731 2 14 0 0
 mo 7798
 at 80
 df 80
 mi 50
MI
 ds Greyfell Lord
CO
 li Fly E
 ar 0 2 13641 0 0 4 13640 0
 cs 2
 wa 1
 st 1
 ue 1
 de 3
 pr 2

89629 char 0
na Bound ToDie
il	1 416 \
	54 33 \
	64388 70
tl	2 94 849 4 0 0 0 0
LI
 wh 13644
CH
 lo 56223
 he 100
 lk 3
 lr 94
 sl	610 2 21 0 0 \
	611 2 28 0 0 \
	612 1 13 0 0
 bp 50
 at 80
 df 80
CO
 li Fly E
 ar 0 0 0 0 0 0 0 0
 wa -1
 st 1
 pr 2

70082 char 0
na Seer Alaundo
il	1 28367 \
	18 124 \
	54 3 \
	99 5 \
	67595 1 \
	67691 3 \
	69996 1 \
	74736 1 \
	75687 1 \
	76852 1 \
	86484 1 \
	107507 1 \
	115840 1 \
	116910 4
tl	2 94 999 4 0 0 0 0 \
	2 95 999 7 0 0 0 0 \
	2 64388 959 118 0 0 0 0 \
	2 99 996 135 0 0 0 0
LI
 wh 58575
CH
 lo 56223
 he 100
 lk 2
 lr 2
 sl	730 2 21 0 0 \
	731 2 14 0 0 \
	732 2 14 1 0 \
	610 2 21 29 0 \
	614 2 14 12 0 \
	616 2 14 16 0 \
	733 2 14 1 0 \
	617 2 14 20 0 \
	630 2 28 0 0 \
	615 2 21 0 0 \
	631 2 14 0 0 \
	680 2 21 7 0 \
	682 2 14 4 0 \
	612 2 28 2 0 \
	634 2 14 1 0 \
	900 2 42 0 0 \
	613 2 14 1 0 \
	902 2 21 0 0 \
	903 2 21 49 0 \
	633 2 14 0 0 \
	909 2 21 0 0 \
	904 2 21 0 0 \
	911 2 21 0 0 \
	880 2 42 0 0 \
	611 2 28 0 0 \
	881 2 14 0 0 \
	882 2 14 0 0 \
	883 2 14 0 0 \
	681 2 14 0 0 \
	800 2 28 0 0 \
	802 2 14 8 0 \
	641 2 28 0 0 \
	801 2 14 0 0 \
	803 2 14 0 0 \
	804 2 21 0 0 \
	840 2 35 0 0 \
	841 2 21 0 0 \
	805 2 14 0 0 \
	812 2 21 0 0 \
	809 2 21 0 0 \
	808 2 21 0 0 \
	814 2 21 0 0 \
	806 2 21 0 0 \
	807 2 21 0 0 \
	901 2 28 0 0 \
	632 2 14 0 0 \
	846 2 21 0 0 \
	884 2 28 0 0 \
	847 2 21 0 0 \
	845 2 21 0 0 \
	848 2 21 0 0 \
	849 2 21 0 0 \
	670 1 20 0 0 \
	894 2 21 0 0 \
	892 2 21 0 0 \
	813 2 21 7 0 \
	811 2 21 0 0 \
	851 2 21 0 0 \
	893 1 3 0 0 \
	886 2 14 0 0 \
	888 1 0 0 0 \
	907 1 0 0 0 \
	891 2 21 0 0 \
	906 1 10 0 0 \
	887 1 0 0 0 \
	908 2 28 0 0 \
	889 1 0 0 0 \
	905 2 21 0 0
 bh 1
 at 119
 df 132
 mi 50
CM
 im 1
 ma 40
 ca 22
 vp 5
MI
 ds Greyfell Lord
CO
 li Study 906
 ar 906 0 0 0 0 0 0 0
 cs 2
 wa 1
 st 1
 ue 1
 de 6
 po 1
 pr 3

77076 char 0
na Drizzt Do'Urden
il	1 4478 \
	54 7 \
	77 63 \
	62575 5 \
	70570 2 \
	73109 1 \
	128370 8
tl	2 94 997 4 0 0 0 0
LI
 wh 56896
CH
 lo 56223
 he 100
 lk 2
 lr 1
 sl	700 2 21 0 0 \
	702 2 14 53 0 \
	650 2 28 0 0 \
	655 2 14 7 0 \
	656 2 14 10 0 \
	654 2 28 120 0 \
	651 2 21 0 0 \
	652 2 28 0 0 \
	653 2 28 0 0 \
	658 2 21 2 0 \
	680 2 21 1 0 \
	682 2 14 0 0 \
	610 2 21 5 0 \
	611 2 28 0 0 \
	612 2 28 1 0 \
	704 2 14 0 0 \
	616 2 14 0 0 \
	657 2 21 1 0 \
	617 2 14 0 0 \
	730 2 21 0 0 \
	733 1 7 0 0
 at 80
 df 80
MI
 ds Greyfell Lord
CO
 li Breed 54 54
 ar 54 54 0 0 0 0 0 0
 wa 7
 st 1
 ue 5
 pr 3

90571 char 0
na Wolfgar Hammerwielder
il	1 1238 \
	54 2 \
	101419 2
tl	2 94 830 4 0 0 0 0
LI
 wh 13843
CH
 lo 56223
 he 100
 lk 3
 lr 79
 sl	610 2 21 0 0 \
	612 2 28 0 0 \
	611 2 28 0 0 \
	614 2 14 0 0 \
	730 2 21 0 0 \
	732 2 14 0 0 \
	733 2 14 1 0 \
	613 2 14 0 0 \
	615 2 21 0 0 \
	616 2 14 0 0
 mo 7799
 bh 1
 bp 50
 at 80
 df 80
 mi 50
CO
 li Fly E
 ar 0 2 13844 0 0 3 13843 0
 cs 2
 wa 1
 st 1
 ue 1
 de 2
 pr 2

92268 char 0
na Kendel Leafbower
il	54 42 \
	128370 44
tl	2 94 995 4 0 0 0 0
LI
 wh 13844
CH
 lo 56223
 he 100
 lk 3
 lr 71
 sl	610 2 21 0 0 \
	611 1 22 0 0
 bp 50
 at 80
 df 80
CO
 li Fly W
 ar 0 0 0 0 0 0 0 0
 wa -1
 st 1
 pr 2

65133 char 0
na Jade Sunstar
il	1 3634 \
	54 5 \
	69 1 \
	76 8 \
	98 2 \
	282 36 \
	287 2 \
	292 3
tl	1 128370 44 32 0 0 0 0
an 72930 
LI
 wh 57679
CH
 lo 56223
 he 100
 lk 2
 lr 1
 sl	610 2 21 9 0 \
	617 2 14 4 0 \
	614 2 14 5 0 \
	616 2 14 6 0 \
	700 2 21 0 0 \
	702 2 14 27 0 \
	704 2 14 20 0 \
	705 2 14 1 0 \
	703 2 14 2 0 \
	650 2 28 0 0 \
	654 2 28 89 0 \
	611 2 28 0 0 \
	653 2 28 0 0 \
	630 2 28 0 0 \
	641 2 28 1 0 \
	680 2 21 2 0 \
	655 2 14 6 0 \
	701 2 14 0 0 \
	657 2 21 0 0 \
	652 2 28 0 0 \
	656 2 14 0 0 \
	612 2 28 1 0 \
	730 2 21 0 0 \
	732 2 14 1 0 \
	733 2 14 0 0
 bh 1
 at 102
 df 117
MI
 ds Greyfell Lady
CO
 li Breed 54 54
 ar 54 54 0 0 0 0 0 0
 cs 2
 wa 2
 st 1
 ue 1
 de 4
 pr 3

69538 char 0
na Storm Silverhand
il	1 3572 \
	16 2 \
	54 3 \
	75 10
tl	2 95 999 7 0 0 0 0
ah 78059 
LI
 wh 15359
CH
 lo 56223
 he 100
 lk 3
 lr 53
 sl	610 2 21 8 0 \
	611 2 28 0 0 \
	612 2 28 1 0 \
	617 2 14 0 0 \
	630 2 28 0 0 \
	720 2 21 0 0 \
	730 2 21 0 0 \
	732 2 14 1 0 \
	733 2 14 0 0 \
	632 2 14 0 0 \
	721 2 14 0 0 \
	722 2 14 0 0 \
	731 2 14 0 0 \
	613 2 14 0 0 \
	615 2 21 0 0 \
	616 2 14 0 0 \
	631 2 14 0 0 \
	633 2 14 0 0
 mo 7800
 at 80
 df 80
 mi 50
MI
 ds Greyfell Lady
CO
 li Fly E
 ar 0 2 15360 0 0 3 15359 0
 cs 2
 wa 2
 st 1
 ue 1
 de 1
 pr 2

92932 char 0
na Danillo Than
il	1 4468 \
	54 2 \
	75 4 \
	85 5
tl	2 94 844 4 0 0 0 0
an 78059 
LI
 wh 15367
CH
 lo 56223
 he 100
 lk 3
 lr 69
 sl	610 2 21 10 0 \
	611 2 28 0 0 \
	612 2 28 2 0 \
	613 2 14 0 0 \
	614 2 14 0 0 \
	615 2 21 0 0 \
	617 2 14 3 0 \
	670 1 21 0 0 \
	630 1 15 0 0 \
	680 1 7 0 0 \
	720 1 0 0 0
 bh 1
 at 80
 df 80
 mi 50
CM
 vp 3
CO
 li Study 630
 ar 630 0 0 0 0 0 0 0
 cs 2
 wa 6
 st 1
 ue 1
 de 1
 po 1
 pr 3

