56297 player pl_regular
na Royals
il	1 150 \
	77 50
an 2254 4049 5009 56297 56309 
CH
PL
 fn nerissa kuhns
 em lord_darius_dalron@yahoo.com,danielf@shoalhaven.net.au
 ve lord_darius_dalron@yahoo.com
 pw perfectwife
 np 3
 ft 50
 so 1
 lt 260
 kn 69 600 601 602 603 610 611 612 613 614 \
	615 616 617 630 631 632 633 634 635 636 637 \
	639 641 650 651 652 653 654 655 656 657 658 \
	661 670 671 672 673 680 681 682 690 691 692 \
	693 694 695 696 697 700 701 702 703 704 705 \
	720 721 722 730 731 732 733 750 751 752 753 \
	754 755 756 800 801 802 803 804 805 806 807 \
	808 809 811 812 813 814 820 821 822 823 824 \
	825 826 827 828 829 831 832 833 840 841 842 \
	843 844 845 846 847 848 849 851 852 860 861 \
	862 863 864 865 866 867 868 869 871 872 880 \
	881 882 883 884 885 886 887 888 889 891 892 \
	893 894 900 901 902 903 904 905 906 907 908 \
	909 911 920 921 922 1714 2578 3287 3869 3961 4681 \
	5256 6160 7457 7594 8904 9146 9310 13335 13336 13337 13338 \
	13435 13438 13439 13451 13452 13453 13454 13455 13456 13457 13458 \
	13459 13530 13531 13532 13533 13534 13535 13539 13547 13548 13549 \
	13550 13551 13552 13553 13554 13555 13556 13557 13558 13559 13560 \
	13561 13630 13639 13647 13648 13649 13650 13651 13652 13653 13654 \
	13655 13656 13657 13658 13659 13661 13725 13726 13727 13728 13729 \
	13730 13739 13747 13749 13751 13755 13756 13757 13758 13759 13761 \
	13825 13839 13847 13849 13851 13853 13854 13857 13858 13859 13861 \
	13925 13939 13947 13949 13951 13952 13953 13954 13955 13956 13957 \
	13958 13959 13960 13961 14022 14023 14024 14025 14039 14047 14049 \
	14051 14052 14053 14054 14055 14056 14057 14058 14059 14060 14061 \
	14122 14139 14140 14141 14142 14143 14144 14145 14146 14147 14148 \
	14149 14150 14151 14152 14153 14154 14155 14156 14157 14158 14159 \
	14160 14161 14162 14163 14164 14165 14166 14167 14168 14169 14170 \
	14171 14172 14173 14174 14175 14215 14216 14217 14218 14219 14220 \
	14221 14222 14239 14247 14248 14249 14250 14251 14252 14253 14254 \
	14255 14256 14257 14258 14259 14260 14261 14262 14264 14268 14269 \
	14270 14271 14272 14273 14274 14275 14315 14344 14345 14346 14347 \
	14348 14349 14350 14351 14352 14353 14354 14355 14360 14361 14362 \
	14364 14368 14373 14415 14444 14445 14446 14447 14448 14449 14453 \
	14460 14461 14462 14463 14464 14465 14466 14467 14468 14469 14473 \
	14515 14543 14544 14545 14546 14547 14549 14553 14554 14555 14556 \
	14557 14558 14559 14560 14561 14562 14563 14564 14565 14566 14567 \
	14568 14569 14573 14609 14610 14611 14612 14613 14614 14615 14643 \
	14644 14646 14647 14648 14649 14650 14651 14652 14653 14654 14655 \
	14656 14657 14658 14659 14660 14661 14662 14663 14664 14665 14666 \
	14667 14668 14669 14670 14671 14672 14673 14743 14744 14745 14746 \
	14747 14748 14749 14750 14753 14754 14755 14756 14757 14758 14759 \
	14760 14761 14762 14763 14766 14768 14769 14773 14774 14775 14776 \
	14841 14842 14843 14844 14845 14846 14848 14849 14850 14858 14859 \
	14860 14861 14863 14864 14865 14866 14867 14868 14869 14872 14876 \
	14946 14948 14949 14950 14958 14959 14960 14961 14962 14963 14964 \
	14965 14966 14967 14968 14969 14970 14971 14972 14976 15046 15048 \
	15049 15050 15054 15055 15056 15057 15058 15059 15060 15061 15065 \
	15066 15067 15068 15069 15070 15071 15072 15073 15074 15075 15076 \
	15146 15148 15150 15154 15155 15158 15159 15160 15161 15165 15166 \
	15168 15169 15170 15171 15172 15173 15174 15175 15176 15177 15246 \
	15248 15249 15250 15251 15252 15253 15254 15255 15258 15260 15261 \
	15262 15263 15264 15265 15266 15267 15268 15269 15270 15271 15272 \
	15273 15274 15275 15276 15277 15342 15343 15344 15345 15346 15348 \
	15349 15350 15354 15355 15356 15357 15358 15359 15360 15361 15362 \
	15363 15365 15366 15368 15369 15370 15371 15372 15374 15375 15376 \
	15377 15378 15379 15442 15443 15444 15445 15446 15447 15448 15454 \
	15455 15456 15457 15458 15459 15460 15461 15462 15463 15465 15466 \
	15468 15469 15470 15472 15474 15475 15476 15478 15479 15547 15548 \
	15549 15550 15551 15552 15553 15554 15555 15565 15566 15567 15568 \
	15569 15570 15572 15574 15575 15579 15647 15648 15649 15650 15651 \
	15652 15653 15654 15655 15666 15667 15668 15669 15670 15671 15672 \
	15673 15674 15675 15679 15680 15681 15682 15687 15688 15747 15748 \
	15749 15750 15751 15752 15753 15754 15766 15767 15768 15769 15770 \
	15772 15773 15774 15775 15782 15786 15787 15788 15847 15848 15849 \
	15853 15866 15867 15868 15869 15870 15871 15872 15873 15874 15875 \
	15876 15877 15882 15886 15948 15949 15953 15966 15968 15969 15970 \
	15972 15973 15974 15977 15982 15986 16048 16049 16053 16056 16057 \
	16059 16060 16061 16062 16063 16064 16065 16066 16067 16068 16069 \
	16070 16071 16072 16073 16074 16075 16076 16077 16078 16079 16080 \
	16081 16082 16083 16084 16086 16087 16148 16149 16150 16151 16152 \
	16153 16156 16157 16158 16159 16160 16161 16162 16163 16164 16165 \
	16166 16167 16168 16169 16170 16171 16172 16173 16174 16175 16176 \
	16177 16178 16179 16180 16181 16182 16183 16184 16186 16247 16248 \
	16249 16253 16255 16256 16262 16264 16265 16266 16268 16269 16270 \
	16271 16274 16275 16276 16277 16278 16279 16280 16282 16283 16284 \
	16285 16286 16347 16348 16349 16353 16354 16355 16356 16362 16363 \
	16364 16365 16366 16367 16368 16369 16370 16371 16372 16373 16374 \
	16375 16376 16378 16380 16382 16383 16384 16385 16445 16446 16447 \
	16449 16453 16454 16455 16456 16462 16466 16467 16468 16469 16470 \
	16471 16472 16473 16474 16475 16476 16477 16478 16479 16480 16481 \
	16482 16483 16545 16549 16553 16554 16555 16556 16557 16558 16559 \
	16560 16561 16562 16566 16568 16569 16570 16574 16575 16576 16577 \
	16578 16579 16580 16645 16649 16650 16651 16652 16653 16654 16655 \
	16656 16657 16661 16662 16666 16667 16668 16669 16670 16671 16672 \
	16673 16674 16675 16676 16677 16678 16745 16749 16754 16757 16758 \
	16759 16760 16761 16762 16763 16764 16765 16766 16767 16768 16769 \
	16770 16771 16772 16773 16774 16775 16776 16777 16845 16848 16849 \
	16862 16864 16865 16866 16867 16868 16869 16870 16871 16872 16873 \
	16874 16945 16946 16947 16948 16949 16950 16962 16963 16964 16965 \
	16966 16967 16968 16969 16970 16971 16972 16973 16974 17066 17069 \
	17070 17073 17166 17167 17168 17169 17170 17173 17268 17269 17270 \
	17273 17368 17369 17370 17373 17470 17473 17565 17566 17567 17568 \
	17569 17570 17571 17572 17573 17665 17668 17765 17768 17842 17844 \
	17845 17846 17847 17848 17849 17850 17851 17852 17853 17854 17855 \
	17856 17857 17858 17859 17860 17861 17862 17863 17864 17865 17866 \
	17867 17868 17942 17943 17949 17950 17951 17952 17953 17954 17955 \
	17956 17957 17958 17959 17960 17961 17962 17963 17964 17965 18043 \
	18044 18045 18046 18047 18048 18049 18050 20268 20444 20556 20595 \
	20687 20812 20848 20895 21566 21922 22170 22273 22538 22736 22969 \
	23041 23220 23268 23331 23345 24402 24431 24820 24907 25460 25606 \
	25992 26112 26269 26278 26299 26365 26874 27233 27354 27368 27402 \
	27880 28162 28198 28542 29282 29490 29672 29768 29932 30309 30789 \
	30865 31057 31100 31495 31834 32376 33245 33314 33346 34012 34019 \
	34128 35610 35615 35874 36001 36413 36746 36932 37360 37449 37527 \
	38923 39378 39608 39846 39884 39993 40531 40729 40830 41278 41330 \
	41370 41417 41693 41819 41827 42392 42443 42503 42579 42588 42798 \
	43369 43401 43463 43490 43673 43813 44182 44226 44286 44695 44985 \
	45085 45318 45472 46170 46581 47289 47309 47392 48789 49333 49421 \
	49701 56782 56848 56867 56949 56959 56995 57060 57061 57081 57165 \
	57190 57266 57294 57355 57371 57401 57430 57502 57539 57544 57568 \
	57646 57652 57686 57704 57747 57754 57759 57795 57812 57842 57870 \
	57933 57934 58006 58013 58056 58073 58112 58318 58325 58351 58374 \
	58493 58562 58575 58615 58670 58687 58728 58736 58758 59101 59194 \
	60307 61096 61264 61409 61870 62349 63615 63872 64442 65145 66083 \
	66105 66688 66727 67062 67471 67959 68438 68491 68708 68927 68985 \
	69174 69344 70124 70787 71514 72165 72504 72609 72811 73190 74113 \
	74114 74490 74981 75045 75595 76475 76505 76927 77022 77433 77606 \
	77706 77783 77828 105180 107056 116468 130340 142218 
 un 2621 138608 5158 5222 8864 66992 68477 1740 9711 \
	63291 65570 69006 9988 64589 67243 72308 6389 69147 77590 
 uf 71598 105223 94173 139119 86455 
 am 1071 0 50535 50837 51323 54172 54935 55263 55275 
 am 1127 0 50535 50837 51323 54172 54935 55263 55275 
 am 1206 0 50535 50837 51323 
 am 1208 0 50535 50837 51323 54172 54935 55263 55275 
 am 1267 0 50535 50837 51323 54172 54935 55263 55275 \
	56297 56309 56455 56746 
 am 1362 0 50535 50837 51323 54172 54935 55263 55275 
 am 1400 0 50535 50837 51323 54172 54935 55263 55275 \
	56297 56309 56455 56746 
 am 1585 0 50535 50837 51323 54172 54935 55263 55275 
 am 1675 0 50333 55115 54948 53627 56223 55705 56033 \
	50535 50837 51323 53249 54172 54295 54587 54935 55263 55275 56297 \
	56309 56455 56746 51853 53513 
 am 1712 0 50333 50535 50797 50837 51323 51665 51853 \
	53249 53513 53627 54172 54295 56455 54404 54597 54587 54935 54948 \
	55115 56746 55263 55275 55705 56223 56297 56309 56363 
 am 1714 0 50535 50837 51323 54172 54935 55263 55275 
 am 1740 0 50535 50837 51323 53249 54172 54295 54597 \
	54935 55263 55275 56033 56297 56309 56455 56746 56033 
 am 1920 0 50535 50837 51323 54172 54935 55263 55275 
 am 2444 0 50535 50837 51323 54172 54935 55263 55275 
 am 2468 0 50333 50535 50797 50837 51323 51665 51853 \
	53249 53513 53627 54172 54295 56455 54404 54597 54587 54935 54948 \
	55115 56746 55263 55275 55705 56223 56297 56309 56363 
 am 2578 1 
 am 2621 1 
 am 3070 0 50535 50837 51323 54172 54935 55263 55275 \
	56297 56309 56455 56746 
 am 3287 0 50333 50535 50797 50837 51323 51665 51853 \
	53249 53513 53627 54172 54295 56455 54404 54597 54587 54935 54948 \
	55115 56746 55263 55275 55705 56223 56297 56309 56363 
 am 3430 0 50535 50837 51323 54172 54935 55263 55275 
 am 3869 0 51323 53249 54172 54935 55275 56297 56309 \
	56455 56746 
 am 4036 0 50535 50837 51323 54172 54935 55263 55275 
 am 4303 0 50535 50837 51323 54172 54935 55263 55275 \
	56297 56309 56455 56746 
 am 4580 0 50535 50837 51323 53249 54172 54295 54935 \
	55275 56297 56309 56455 56746 
 am 4681 0 50333 50535 50797 50837 51323 51665 51853 \
	53249 53513 53627 54172 54295 56455 54404 54597 54587 54935 54948 \
	55115 56746 55263 55275 55705 56223 56297 56309 56363 
 am 5013 0 54172 54935 55263 55275 50535 50837 51323 
 am 5158 0 50535 50837 51323 53249 54172 54295 54597 \
	54935 55263 55275 56033 56297 56309 56455 56746 56033 
 am 5222 0 50535 50837 51323 53249 54172 54295 54597 \
	54935 55263 55275 56033 56297 56309 56455 56746 56033 
 am 5787 0 50535 50837 51323 54172 54935 55263 55275 
 am 5895 0 50333 50535 50797 50837 51323 51665 51853 \
	53249 53513 53627 54172 54295 56455 54404 54597 54587 54935 54948 \
	55115 56746 55263 55275 55705 56223 56297 56309 56363 
 am 6160 0 50333 50535 50797 50837 51323 51665 51853 \
	53249 53513 53627 54172 54295 56455 54404 54597 54587 54935 54948 \
	55115 56746 55263 55275 55705 56223 56297 56309 56363 
 am 6389 0 50535 50837 51323 53249 54172 54295 54597 \
	54935 55263 55275 56033 56297 56309 56455 56746 56033 
 am 6575 0 50535 50837 51323 54172 54935 55263 55275 
 am 6821 0 50535 50837 51323 54172 54935 55263 55275 
 am 7169 0 50535 50837 51323 54172 54935 55263 55275 
 am 7301 0 50535 50837 51323 54172 54935 55263 55275 
 am 7879 0 50535 50837 51323 54172 54935 55263 55275 \
	56297 56309 56455 56746 
 am 7911 0 50535 50837 51323 54172 54935 55263 55275 
 am 8831 0 50333 50535 50797 50837 51323 51665 51853 \
	53249 53513 53627 54172 54295 56455 54404 54597 54587 54935 54948 \
	55115 56746 55263 55275 55705 56223 56297 56309 56363 
 am 8864 0 50535 50837 51323 53249 54172 54295 54597 \
	54935 55263 55275 56033 56297 56309 56455 56746 56033 
 am 9310 0 50535 50837 51323 53249 54172 54295 54935 \
	55275 56297 56309 56455 56746 
 am 9516 0 50535 50837 51323 54172 54935 55263 55275 
 am 9549 0 50333 50535 50797 50837 51323 51665 51853 \
	53249 53513 53627 54172 54295 56455 54404 54597 54587 54935 54948 \
	55115 56746 55263 55275 55705 56223 56297 56309 56363 
 am 9711 0 50535 50837 51323 53249 54172 54295 54597 \
	54935 55263 55275 56033 56297 56309 56455 56746 56033 
 am 9714 0 50535 50837 51323 54172 54935 55263 55275 
 am 9835 0 50535 50837 51323 54172 54935 55263 55275 
 am 57266 0 50535 50837 51323 54172 54935 55263 55275 
 am 57294 0 50535 50837 51323 54172 54935 55263 55275 
 am 57496 0 50535 50837 51323 54172 54935 55263 55275 
 am 57539 0 50535 50837 51323 54172 54935 55263 55275 
 am 57826 0 50535 50837 51323 54172 54935 55263 55275 \
	56297 56309 56455 56746 
 am 57870 0 50535 50837 51323 54172 54935 55263 55275 \
	56297 56309 56455 56746 
 am 58006 0 50535 50837 51323 53249 54172 54295 54935 \
	55275 56297 56309 56455 56746 
 am 58270 0 50535 50837 51323 54172 54935 55263 55275 
 am 58315 0 50535 50837 51323 54172 54935 55263 55275 
 am 58349 0 50535 50837 51323 54172 54935 55263 55275 
 am 58643 0 50535 50837 51323 54172 54935 55263 55275 
 am 58716 0 50535 50837 51323 54172 54935 55263 55275 
 am 58736 0 50535 50837 51323 54172 54935 55263 55275 
 am 60621 0 50535 50837 51323 54172 54935 55263 55275 \
	56297 56309 56455 56746 
 am 60737 0 50535 50837 51323 54172 54935 55263 55275 
 am 61096 0 50535 50837 51323 54172 54935 55263 55275 
 am 61264 0 50535 50837 51323 53249 54172 54295 54935 \
	55275 56297 56309 56455 56746 
 am 61959 0 50535 50837 51323 53249 54172 54295 54597 \
	54935 55263 55275 56033 56297 56309 56455 56746 56033 
 am 62492 0 50535 50837 51323 54172 54935 55263 55275 
 am 63291 0 50535 50837 51323 53249 54172 54295 54597 \
	54935 55263 55275 56033 56297 56309 56455 56746 56033 
 am 63667 0 50535 50837 51323 54172 54935 55263 55275 
 am 64121 0 50535 50837 51323 54172 54935 55263 55275 
 am 64596 0 50535 50837 51323 54172 54935 55263 55275 
 am 65369 0 50535 50837 51323 54172 54935 55263 55275 
 am 65374 0 50535 50837 51323 54172 54935 55263 55275 
 am 65403 0 50535 50837 51323 54172 54935 55263 55275 
 am 66083 0 50535 50837 51323 53249 54295 54172 54935 \
	55263 55275 56297 56309 56455 56746 
 am 66084 0 50535 50837 51323 54172 54935 55263 55275 \
	56297 56309 56455 56746 
 am 66105 0 50535 50837 51323 54172 54935 55263 55275 
 am 66185 0 50535 50837 51323 54172 54935 55263 55275 
 am 66688 0 50535 50837 51323 54172 54935 55263 55275 
 am 66799 0 50535 50837 51323 54172 54935 55263 55275 \
	56297 56309 56455 56746 
 am 67471 0 50535 50837 51323 54172 54935 55263 55275 
 am 68095 0 50535 50837 51323 54172 54935 55263 55275 
 am 68147 0 50535 50837 51323 54172 54935 55263 55275 
 am 68249 0 50535 50837 51323 54172 54935 55263 55275 
 am 69593 0 50535 50837 51323 54172 54935 55263 55275 
 am 70102 0 50535 50837 51323 54172 54935 55263 55275 
 am 70190 0 50535 50837 51323 54172 54935 55263 55275 
 am 70370 0 50535 50837 51323 54172 54935 55263 55275 
 am 70883 0 50535 50837 51323 54172 54935 55263 55275 
 am 72149 0 50333 50535 50797 50837 51323 51665 51853 \
	53249 53513 53627 54172 54295 56455 54404 54597 54587 54935 54948 \
	55115 56746 55263 55275 55705 56223 56297 56309 56363 
 am 72727 0 50535 50837 51323 54172 54935 55263 55275 
 am 72824 0 50535 50837 51323 54172 54935 55263 55275 
 am 73102 0 50535 50837 51323 54172 54935 55263 55275 
 am 73104 0 50333 50535 50797 50837 51323 51665 51853 \
	53249 53513 53627 54172 54295 56455 54404 54597 54587 54935 54948 \
	55115 56746 55263 55275 55705 56223 56297 56309 56363 
 am 74441 0 50535 50837 51323 54172 54935 55263 55275 \
	56297 56309 56455 56746 
 am 74490 0 50333 50535 50797 50837 51323 51665 51853 \
	53249 53513 53627 54172 54295 56455 54404 54597 54587 54935 54948 \
	55115 56746 55263 55275 55705 56223 56297 56309 56363 
 am 74578 0 50535 50837 51323 54172 54935 55263 55275 
 am 75926 0 50535 50837 51323 54172 54935 55263 55275 
 am 76353 0 54172 54935 55263 55275 50535 50837 51323 
 am 76425 0 50535 50837 51323 54172 54935 55263 55275 
 am 77590 0 50535 50837 51323 53249 54172 54295 54597 \
	54935 55263 55275 56033 56297 56309 56455 56746 56033 
 am 77606 0 50535 50837 51323 53249 54172 54295 54935 \
	55275 56297 56309 56455 56746 
 am 77618 0 50535 50837 51323 54172 54935 55263 55275 
 am 77895 0 50535 50837 51323 54172 54935 55263 55275 
 am 78217 0 50535 50837 51323 54172 54935 55263 55275 
 am 78462 0 50535 50837 51323 54172 54935 55263 55275 
 am 78701 0 50535 50837 51323 54172 54935 55263 55275 
 am 78832 0 50535 50837 51323 54172 54935 55263 55275 
 am 78890 0 50535 50837 51323 54172 54935 55263 55275 
 am 78954 0 50535 50837 51323 54172 54935 55263 55275 
 am 125522 0 50333 50535 50797 50837 51323 51665 51853 \
	53249 53513 53627 54172 54295 56746 54404 54597 54587 54935 54948 \
	55115 56455 55263 55275 55705 56223 56297 56309 56363 
CO
 li accept 0 0
 ar 0 0 0 0 0 0 0 0
 st 1

2621 char 0
na Princess Dianna
il	1 8864 \
	21 183 \
	22 43 \
	52 16 \
	53 2 \
	54 3 \
	61 5 \
	69 1 \
	73 28 \
	76 39 \
	78 10 \
	82 25 \
	84 6 \
	85 182 \
	93 61 \
	261 4 \
	59413 1 \
	59522 1 \
	59661 1 \
	60710 1 \
	60830 1 \
	61309 1 \
	62787 1 \
	63226 1 \
	63690 1 \
	64592 1 \
	66362 1 \
	67106 1 \
	68148 1 \
	71311 1 \
	72074 1 \
	72815 1 \
	75154 1 \
	76306 1 \
	77848 1 \
	99951 1 \
	110173 1 \
	110605 1 \
	126803 1 \
	132523 1 \
	133691 1 \
	134650 1 \
	136118 1
LI
 wh 2578
 hl 64020 
CH
 lo 56297
 pl 56309
 he 100
 lk 2
 lr 1
 sl	800 2 28 0 0 \
	802 2 14 17 0 \
	860 2 35 0 0 \
	862 2 14 11 0 \
	880 2 42 0 0 \
	861 2 14 0 0 \
	801 2 14 1 0 \
	803 2 14 8 0 \
	881 2 14 1 0 \
	882 2 14 0 0 \
	804 2 21 0 0 \
	883 2 14 0 0 \
	610 2 21 0 0 \
	840 2 35 0 0 \
	841 2 21 37 0 \
	617 2 14 2 0 \
	630 2 28 0 0 \
	805 2 14 0 0 \
	611 2 28 0 0 \
	612 2 28 1 0 \
	806 2 21 28 0 \
	808 2 21 7 0 \
	871 2 21 5 0 \
	866 2 14 0 0 \
	887 2 21 5 0 \
	893 2 21 0 0 \
	809 2 21 2 0 \
	863 2 14 0 0 \
	807 2 21 18 0 \
	864 2 14 0 0 \
	892 2 21 0 0 \
	814 2 21 0 0 \
	884 2 28 0 0 \
	888 2 21 4 0 \
	889 2 21 0 0 \
	812 2 21 0 0 \
	813 2 21 18 0 \
	894 2 21 0 0 \
	811 2 21 0 0 \
	891 2 21 0 0 \
	865 2 14 0 0 \
	641 2 28 3 0 \
	842 2 14 5 0 \
	849 2 21 6 0 \
	851 2 21 4 0 \
	867 2 21 0 0 \
	868 2 21 0 0 \
	869 2 14 0 0 \
	885 2 14 0 0 \
	886 2 14 0 0 \
	639 2 21 0 0 \
	843 2 21 0 0 \
	844 2 21 0 0 \
	845 2 21 8 0 \
	846 2 21 5 0 \
	847 2 21 2 0 \
	848 2 21 0 0 \
	852 2 21 0 0 \
	900 2 42 0 0 \
	911 2 21 0 0 \
	909 2 21 7 0 \
	904 2 21 0 0 \
	820 2 35 0 0 \
	920 2 0 0 0 \
	825 2 21 0 0 \
	829 2 21 0 0 \
	832 2 21 0 0 \
	826 2 21 0 0 \
	827 2 21 0 0 \
	831 2 28 0 0 \
	901 2 28 0 0 \
	821 2 21 0 0 \
	822 2 21 0 0 \
	905 2 21 0 0 \
	921 2 28 1 0 \
	690 2 28 0 0 \
	692 2 21 2 0 \
	823 2 21 0 0 \
	922 2 28 15 0 \
	824 2 21 0 0 \
	903 2 21 2 0 \
	902 2 21 0 0 \
	615 2 21 0 0 \
	614 2 14 3 0
 bh 5
 ra 70
 at 80
 df 96
 mi 50
CM
 im 1
 ma 21
 ca 33
 as 59
 kw 1
 vp 5
 pl 75033
 ar 75154
MI
 ds Lord Fouls Bride
CO
 li trance
 ar 0 0 0 0 0 0 0 0
 cs 2
 wa 15
 st 1
 ue 3
 de 13
 pr 3

138608 char ni
na seeker
il	1 189 \
	76 10 \
	79 6
LI
 wh 2578
CH
 ni 32
 lo 56297
 pl 51665
 he -1
 lk 4
 at 60
 df 60
CM
 ot 63226
MI
 ca r
 ds Greyfell Lord
CO
 li seek
 ar 0 0 0 0 0 0 0 0
 cs 2
 wa 2
 st 1
 de 5
 po 1
 pr 3

5158 char 0
na Prince Harry
il	1 1439 \
	54 37 \
	73 35 \
	75 56
LI
 wh 74114
CH
 lo 56297
 pl 55263
 he 100
 lk 3
 lr 960
 sl	650 2 28 0 0 \
	655 2 14 15 0 \
	610 2 21 19 0 \
	654 2 28 142 0 \
	656 2 14 14 0 \
	653 2 28 0 0 \
	617 2 14 13 0 \
	616 2 14 4 0 \
	612 2 28 1 0 \
	630 2 28 0 0 \
	641 2 28 1 0 \
	690 2 28 0 0 \
	657 2 21 38 0 \
	658 2 21 0 0 \
	661 2 21 0 0 \
	692 2 21 5 0 \
	611 2 28 0 0
 at 80
 df 80
 ct 117144 
CM
 hs 1
MI
 ds Rimmon Musketeer
CO
 li breed 54 54
 ar 54 54 0 0 0 0 0 0
 cs 2
 wa 5
 st 1
 ue 2
 de 1
 pr 3

5222 char 0
na Lord Peregrin
il	1 6691 \
	10 13 \
	11 10 \
	19 15 \
	77 100
LI
 wh 15478
CH
 lo 56297
 pl 51323
 he 100
 lk 3
 lr 968
 sl	610 2 21 65 0 \
	700 2 21 0 0 \
	614 2 14 49 0 \
	705 2 14 6 0 \
	616 2 14 5 0 \
	617 2 14 27 0 \
	704 2 14 3 0 \
	701 2 14 0 0 \
	703 2 14 7 0 \
	615 2 21 3 0 \
	702 2 14 45 0 \
	680 2 21 3 0 \
	612 2 28 1 0 \
	613 2 14 0 0 \
	630 2 28 0 0 \
	641 2 28 0 0 \
	670 2 28 0 0 \
	681 2 14 0 0 \
	682 2 14 0 0 \
	611 2 28 0 0 \
	600 2 21 0 0 \
	601 2 14 6 0 \
	602 2 14 1 0 \
	603 2 14 0 0
 at 109
 df 360
 mi 70
MI
 ds Greyfell Lord
CO
 li explore
 ar 0 0 0 0 0 0 0 0
 cs 2
 wa 1
 st 1
 ue 5
 de 6
 pr 3

8864 char 0
na Raven
il	1 3981 \
	10 26 \
	12 13 \
	54 3
LI
 wh 15687
CH
 lo 56297
 pl 55263
 he 100
 lk 3
 lr 968
 sl	610 2 21 46 0 \
	617 2 14 5 0 \
	612 2 28 1 0 \
	614 2 14 21 0 \
	615 2 21 3 0 \
	630 2 28 0 0 \
	670 2 28 0 0 \
	616 2 14 1 0 \
	631 2 14 3 0 \
	671 2 14 0 0 \
	672 2 21 0 0 \
	600 2 21 0 0 \
	601 2 14 7 0 \
	641 2 28 0 0 \
	602 2 14 0 0 \
	633 2 14 0 0 \
	613 2 14 0 0 \
	611 2 28 0 0
 bh 3
 at 85
 df 173
 mi 65
MI
 ds in a grey cloak and falconer's gloves
CO
 li explore
 ar 0 0 0 0 0 0 0 0
 cs 2
 wa 1
 st 1
 ue 1
 de 6
 pr 3

66992 char 0
na Sir Tholan
il	1 777 \
	12 25 \
	54 6 \
	66196 1
LI
 wh 16483
CH
 lo 56297
 he 100
 lk 1
 lr 200
 sl	610 2 21 58 0 \
	630 2 28 0 0 \
	600 2 21 0 0 \
	601 2 14 4 0 \
	641 2 28 1 0 \
	617 2 14 7 0 \
	612 2 28 1 0 \
	614 2 14 2 0 \
	611 1 14 0 0
 bh 3
 at 80
 df 50
 dt 218 7 6517
CM
 hs 1
MI
 ds Musketeer unto Death
CO
 li wait unit 9711
 ar 0 9711 0 0 0 0 0 0
 cs 2
 wa -1
 st 1
 ue 1
 de 35
 po 1
 pr 1

68477 char 0
na Lord Kazimir
il	1 4667 \
	10 5 \
	12 39 \
	19 10
tl	2 87 8 2 0 0 0 0 \
	1 261 50 3 0 0 0 0
LI
 wh 14609
CH
 lo 56297
 pl 55115
 he 100
 lk 3
 lr 9981
 sl	600 2 21 0 0 \
	601 2 14 5 0 \
	610 2 21 27 0 \
	670 2 28 0 0 \
	617 2 14 6 0 \
	690 2 28 0 0 \
	672 2 21 0 0 \
	671 2 14 0 0 \
	630 2 28 0 0 \
	641 2 28 0 0 \
	720 2 21 0 0 \
	612 2 28 1 0 \
	615 2 21 2 0 \
	721 2 14 0 0 \
	722 2 14 0 0 \
	691 2 21 0 0 \
	692 2 21 0 0 \
	693 2 21 0 0 \
	700 2 21 0 0 \
	697 2 28 0 0 \
	695 2 21 0 0 \
	696 2 14 0 0 \
	673 2 14 0 0 \
	694 2 21 1 0 \
	701 2 14 0 0 \
	730 2 21 0 0 \
	732 2 14 2 0 \
	702 2 14 0 0 \
	733 2 14 0 0 \
	731 2 14 0 0 \
	616 2 14 0 0 \
	611 2 28 0 0 \
	614 2 14 6 0 \
	602 2 14 0 0 \
	603 2 14 0 0
 bh 5
 at 80
 df 121
 mi 64
MI
 ds Greyfell Lord
CO
 li collect 10 10 0
 ar 10 10 10 5 0 0 0 0
 ue 2
 de 5
 po 1
 pr 3

1740 char 0
na Lady Death
il	1 1765 \
	54 3 \
	59972 1 \
	110385 2 \
	144455 1
tl	1 85052 1 96 0 0 0 0
LI
 wh 17842
CH
 lo 56297
 pl 55263
 he 100
 lk 3
 lr 965
 sl	750 2 35 6 0 \
	751 2 28 65 0 \
	610 2 21 0 0 \
	614 2 14 21 0 \
	752 2 28 12 0 \
	612 2 28 1 0 \
	754 2 28 0 0 \
	756 2 28 62 0 \
	753 2 21 81 0 \
	755 2 28 0 0 \
	615 2 21 21 0 \
	690 2 28 0 0 \
	616 2 14 5 0 \
	617 2 14 0 0 \
	630 2 28 0 0 \
	631 2 14 1 0 \
	691 2 21 0 0 \
	693 2 21 0 0 \
	730 2 21 0 0 \
	635 2 28 0 0 \
	692 2 21 0 0 \
	732 2 14 7 0 \
	733 2 14 2 0 \
	731 2 14 0 0 \
	634 2 14 1 0 \
	695 2 21 7 0 \
	613 2 14 0 0 \
	633 2 14 0 0 \
	632 2 14 0 0 \
	641 2 28 6 0 \
	639 2 21 0 0 \
	611 2 28 0 0 \
	700 1 7 0 0
 at 103
 df 201
 mi 105
CM
 hs 1
 vp 41
 vi 1063 1088 2592 2786 2885 4339 5301 6055 6363 8000 \
	8120 9612 11791 13951 16473 56766 56814 57241 57357 57704 57865 \
	57882 57893 58014 58150 58159 58462 58520 58728 64999 65789 67254 \
	73818 73898 74141 74370 74943 76639 77638 78990 95751 109522 128780 
MI
 ds A Leather Clad Vixen
CO
 li use 733 144455
 ar 144455 0 0 0 0 0 0 733
 wa 14
 us 733
 ue 1
 pr 3

9711 char 0
na Elvira, Mistress of Dark
il	1 9427 \
	10 7 \
	12 60 \
	16 25 \
	18 357 \
	22 40 \
	54 71 \
	74 13 \
	75 7 \
	77 76 \
	82 13 \
	94 48 \
	95 116 \
	98 2 \
	261 1 \
	59978 1 \
	68597 1 \
	72093 1 \
	73022 1 \
	97104 1
LI
 wh 17846
CH
 lo 56297
 pl 56309
 he 100
 lk 2
 lr 2
 sl	670 2 28 0 0 \
	671 2 14 0 0 \
	610 2 21 25 0 \
	614 2 14 9 0 \
	900 2 42 0 0 \
	615 2 21 6 0 \
	902 2 21 5 0 \
	630 2 28 0 0 \
	680 2 21 0 0 \
	682 2 14 2 0 \
	700 2 21 0 0 \
	702 2 14 13 0 \
	631 2 14 0 0 \
	612 2 28 1 0 \
	800 2 28 0 0 \
	802 2 14 19 0 \
	801 2 14 3 0 \
	803 2 14 0 0 \
	617 2 14 1 0 \
	804 2 21 0 0 \
	805 2 14 0 0 \
	704 2 14 0 0 \
	903 2 21 14 0 \
	820 2 35 0 0 \
	823 2 21 0 0 \
	808 2 21 5 0 \
	821 2 21 0 0 \
	822 2 21 0 0 \
	806 2 21 10 0 \
	807 2 21 5 0 \
	809 2 21 0 0 \
	812 2 21 0 0 \
	911 2 21 2 0 \
	909 2 21 0 0 \
	904 2 21 0 0 \
	824 2 21 2 0 \
	907 2 21 0 0 \
	908 2 28 3 0 \
	825 2 21 0 0 \
	826 2 21 0 0 \
	827 2 21 5 0 \
	828 2 21 1 0 \
	811 2 21 0 0 \
	813 2 21 19 0 \
	814 2 21 0 0 \
	641 2 28 2 0 \
	831 2 28 1 0 \
	833 2 21 0 0 \
	832 2 21 3 0 \
	905 2 21 0 0 \
	906 2 21 0 0 \
	829 2 21 2 0 \
	840 2 0 0 0 \
	841 2 0 12 0 \
	852 2 0 0 0 \
	849 2 0 5 0 \
	842 2 0 0 0 \
	848 2 0 0 0 \
	845 2 0 0 0 \
	843 2 0 1 0 \
	844 2 0 0 0 \
	851 2 0 1 0 \
	847 2 0 0 0 \
	846 2 0 4 0 \
	901 2 28 0 0 \
	880 2 42 0 0 \
	881 2 14 0 0 \
	882 2 14 0 0 \
	884 2 28 0 0 \
	885 2 14 0 0 \
	887 2 21 0 0 \
	888 2 21 0 0 \
	892 2 21 0 0 \
	893 2 21 0 0 \
	894 2 21 0 0 \
	883 2 14 0 0 \
	611 2 28 0 0
 bh 5
 at 80
 df 130
 mi 79
CM
 im 1
 ma 61
 ca 35
 hs 1
 kw 1
 vp 9
 pl 75033
MI
 ds Lady of the Night
CO
 li train 12 0
 ar 12 0 0 13 0 0 0 0
 cs 2
 wa -1
 st 1
 ue 1
 de 13
 po 1
 pr 3

63291 char 0
na Silent Fox
il	1 3885 \
	18 26 \
	54 3 \
	65474 1 \
	71629 1 \
	146799 1
LI
 wh 3961
CH
 lo 56297
 pl 55263
 he 100
 lk 3
 lr 964
 sl	610 2 21 32 0 \
	612 2 28 1 0 \
	617 2 14 5 0 \
	615 2 21 0 0 \
	630 2 28 0 0 \
	614 2 14 3 0 \
	639 2 21 0 0 \
	641 2 28 1 0 \
	600 2 21 0 0 \
	601 2 14 0 0 \
	602 2 14 0 0 \
	603 2 14 0 0 \
	611 2 28 0 0 \
	631 2 14 0 0 \
	632 2 14 0 0 \
	634 2 14 0 0
 bh 5
 at 80
 df 101
 mi 50
CM
 hs 1
MI
 ds Dragon Lady in Leather
CO
 li wait item 19 1
 ar 0 19 1 0 0 0 0 0
 cs 2
 wa -1
 st 1
 ue 1
 de 29
 po 1
 pr 1

65570 char 0
na Holt Heisman
il	1 693 \
	11 11 \
	61 3 \
	76 1 \
	77 111
LI
 wh 45318
CH
 lo 56297
 pl 51323
 he 100
 lk 3
 lr 962
 sl	610 2 21 54 0 \
	612 2 28 1 0 \
	615 2 21 29 0 \
	617 2 14 59 0 \
	630 2 28 0 0 \
	700 2 21 0 0 \
	702 2 14 50 0 \
	614 2 14 5 0 \
	641 2 28 1 0 \
	703 2 14 41 0 \
	704 2 14 0 0 \
	616 2 14 2 0 \
	613 2 14 2 0 \
	670 2 28 0 0 \
	639 2 21 0 0 \
	672 2 21 0 0 \
	680 2 21 3 0 \
	682 2 14 3 0 \
	671 2 14 0 0 \
	611 2 28 0 0
 at 93
 df 108
 mi 133
CM
 hs 1
 vp 5
MI
 ds Wolfpack Pride
CO
 li use 613
 ar 0 0 0 0 0 0 0 613
 cs 2
 wa 7
 st 1
 us 613
 ue 1
 de 7
 pr 3

69006 char 0
na Lord Bane
il	1 5358 \
	21 34 \
	61 9 \
	271 9
LI
 wh 74490
CH
 lo 56297
 he 100
 lk 3
 lr 960
 sl	650 2 28 0 0 \
	654 2 28 131 0 \
	610 2 21 3 0 \
	653 2 28 0 0 \
	630 2 28 0 0 \
	639 2 21 0 0 \
	641 2 28 1 0 \
	680 2 21 0 0 \
	700 2 21 0 0 \
	614 2 14 2 0 \
	611 2 28 0 0 \
	612 1 21 0 0 \
	616 1 7 0 0
 bh 5
 bp 50
 ra 80
 at 80
 df 92
CM
 hs 1
 vp 4
MI
 ds Under Master
CO
 li breed 271 271
 ar 271 271 0 0 0 0 0 0
 cs 2
 wa 1
 st 1
 ue 1
 de 5
 pr 3

9988 char 0
na Prince Amato
il	1 212 \
	11 20 \
	12 13 \
	20 2 \
	61 13 \
	73 2 \
	77 122 \
	59431 1
LI
 wh 36001
CH
 lo 56297
 he 100
 lk 3
 lr 958
 sl	610 2 21 42 0 \
	616 2 14 12 0 \
	614 2 14 12 0 \
	630 2 28 0 0 \
	615 2 21 9 0 \
	700 2 21 0 0 \
	680 2 21 0 0 \
	702 2 14 11 0 \
	612 2 28 1 0 \
	617 2 14 17 0 \
	682 2 14 0 0 \
	703 2 14 0 0 \
	704 2 14 0 0 \
	705 2 14 0 0 \
	635 2 28 0 0 \
	631 2 14 0 0 \
	634 2 14 0 0 \
	613 2 14 12 0 \
	633 2 14 0 0 \
	701 2 14 0 0 \
	632 2 14 0 0 \
	681 2 14 0 0 \
	611 2 28 0 0
 at 120
 df 143
 mi 75
MI
 ds Wolfpack Pride
CO
 li use 613
 ar 0 0 0 0 0 0 0 613
 cs 2
 wa 2
 st 1
 us 613
 ue 3
 de 10
 pr 3

64589 char 0
na Fouls Right Hand
il	1 788 \
	54 4
LI
 wh 25460
CH
 lo 56297
 pl 51323
 he 100
 lk 3
 lr 974
 sl	600 2 21 0 0 \
	602 2 14 0 0 \
	700 2 21 0 0 \
	610 2 21 4 0 \
	616 2 14 3 0 \
	650 2 28 0 0 \
	654 2 28 118 0 \
	653 2 28 0 0 \
	612 2 28 1 0 \
	655 2 14 1 0 \
	680 2 21 0 0 \
	630 2 28 0 0 \
	641 2 28 2 0 \
	682 2 14 0 0 \
	656 2 14 0 0 \
	639 2 21 0 0 \
	657 2 21 4 0 \
	900 2 42 0 0 \
	911 2 21 0 0 \
	909 2 21 0 0 \
	614 2 14 6 0 \
	903 2 21 5 0 \
	611 2 28 0 0 \
	902 2 21 0 0 \
	906 2 21 0 0 \
	905 2 21 0 0 \
	904 2 21 0 0 \
	681 2 14 0 0 \
	908 2 28 0 0 \
	907 2 21 0 0
 at 101
 df 75
 dt 176 3 5253
CM
 im 1
 ma 10
 ca 10
 hs 1
 vp 43
MI
 ds Greyfell Lord
CO
 li explore
 ar 0 0 0 0 0 0 0 0
 wa 7
 ue 2
 pr 3

67243 char 0
na Lord Oak
il	1 1383 \
	10 1 \
	11 50 \
	54 4 \
	75 5 \
	76 2 \
	78 10 \
	85 118
LI
 wh 44695
CH
 lo 56297
 pl 51323
 he 100
 lk 3
 lr 965
 sl	700 2 21 0 0 \
	702 2 14 10 0 \
	680 2 21 7 0 \
	610 2 21 47 0 \
	616 2 14 8 0 \
	630 2 28 0 0 \
	682 2 14 7 0 \
	612 2 28 1 0 \
	615 2 21 12 0 \
	703 2 14 0 0 \
	614 2 14 11 0 \
	681 2 14 0 0 \
	631 2 14 0 0 \
	617 2 14 14 0 \
	611 2 28 0 0 \
	613 1 12 0 0
 at 89
 df 154
 mi 121
MI
 ds wearing a Green Sash
CO
 li explore
 ar 0 0 0 0 0 0 0 0
 cs 2
 wa 4
 st 1
 ue 2
 de 3
 pr 3

72308 char 0
na K Yow
il	1 834 \
	12 2 \
	62222 1 \
	63924 1 \
	65225 1 \
	69833 1 \
	76653 1 \
	139828 1
LI
 wh 24431
CH
 lo 56297
 pl 100
 he 100
 lk 3
 lr 967
 sl	750 2 35 0 0 \
	751 2 28 6 0 \
	752 2 28 4 0 \
	753 2 21 17 0 \
	755 2 28 0 0 \
	756 2 28 26 0 \
	610 2 21 5 0 \
	630 2 28 0 0 \
	754 2 28 0 0 \
	614 2 14 1 0 \
	637 1 14 0 0 \
	639 0 0 0 0 \
	641 2 28 1 0 \
	636 2 14 0 0 \
	611 2 28 0 0 \
	612 2 28 0 0 \
	613 2 14 0 0
 bh 3
 bp 50
 at 80
 df 96
CM
 hs 1
 pr 1
 vp 10
 vi 4339 
CO
 li explore
 ar 0 0 0 0 0 0 0 0
 cs 2
 wa 6
 st 1
 ue 4
 de 1
 pr 3

6389 char 0
na Lord Foul II
il	1 11765 \
	10 56 \
	14 18 \
	15 40 \
	16 59 \
	18 23 \
	20 21 \
	51 133 \
	53 34 \
	54 33 \
	69 1 \
	75 156 \
	76 7 \
	79 6 \
	85 145 \
	271 31 \
	282 288 \
	285 25 \
	70568 1 \
	71179 1 \
	79367 1
LI
 wh 20687
 hl 69147 9823 77590 
CH
 lo 56297
 he 100
 lk 2
 lr 2
 sl	800 2 28 0 0 \
	860 2 35 0 0 \
	900 2 42 0 0 \
	610 2 21 15 0 \
	690 2 28 0 0 \
	802 2 14 15 0 \
	840 2 35 0 0 \
	615 2 21 9 0 \
	841 2 21 21 0 \
	801 2 14 6 0 \
	861 2 14 0 0 \
	862 2 14 3 0 \
	803 2 14 7 0 \
	903 2 21 51 0 \
	630 2 28 0 0 \
	804 2 21 0 0 \
	805 2 14 0 0 \
	902 2 21 4 0 \
	808 2 21 0 0 \
	871 2 21 5 0 \
	869 2 14 0 0 \
	866 2 14 0 0 \
	806 2 21 18 0 \
	865 2 14 0 0 \
	864 2 14 0 0 \
	868 2 21 0 0 \
	863 2 14 0 0 \
	867 2 21 0 0 \
	809 2 21 2 0 \
	813 2 21 24 0 \
	695 2 21 0 0 \
	909 2 21 4 0 \
	911 2 21 0 0 \
	807 2 21 16 0 \
	641 2 28 1 0 \
	811 2 21 0 0 \
	812 2 21 0 0 \
	814 2 21 0 0 \
	842 2 14 8 0 \
	849 2 21 1 0 \
	851 2 21 1 0 \
	843 2 21 0 0 \
	845 2 21 4 0 \
	846 2 21 4 0 \
	847 2 21 0 0 \
	904 2 21 0 0 \
	905 2 21 0 0 \
	906 2 21 0 0 \
	907 2 21 0 0 \
	908 2 28 3 0 \
	639 2 21 0 0 \
	844 2 21 0 0 \
	852 2 21 0 0 \
	612 2 28 2 0 \
	617 2 14 3 0 \
	901 2 28 0 0 \
	611 2 28 0 0 \
	613 2 14 0 0 \
	848 2 21 0 0 \
	820 2 0 0 0 \
	821 2 0 0 0 \
	822 2 0 0 0 \
	823 2 0 0 0 \
	825 2 0 0 0 \
	826 2 0 0 0 \
	827 2 0 0 0 \
	828 2 0 0 0 \
	829 2 0 0 0 \
	831 2 0 0 0 \
	832 2 0 0 0 \
	824 2 0 1 0 \
	833 2 0 0 0 \
	880 2 0 0 0 \
	920 2 0 0 0 \
	881 2 0 1 0 \
	882 2 0 0 0 \
	883 2 0 0 0 \
	884 2 0 0 0 \
	885 2 0 0 0 \
	886 2 0 0 0 \
	887 2 0 0 0 \
	888 2 0 0 0 \
	889 2 0 0 0 \
	891 2 0 0 0 \
	892 2 0 0 0 \
	893 2 0 0 0 \
	894 2 0 0 0 \
	922 2 0 5 0 \
	921 2 0 6 0 \
	872 2 21 0 0 \
	614 2 14 1 0 \
	693 2 21 0 0 \
	616 2 14 3 0 \
	692 2 21 0 0 \
	650 2 0 0 0 \
	654 2 0 2 0 \
	653 2 28 0 0 \
	652 2 28 0 0
 at 80
 df 88
 mi 66
CM
 im 1
 ma 2
 ca 4
 as 94
 kw 1
 vp 10
 pl 3475
 ar 71179
MI
 ds Back with Vengance!
CO
 li trance
 ar 0 0 0 0 0 0 0 0
 cs 2
 wa 22
 st 1
 ue 2
 de 6
 pr 3

69147 char 0
na Lord Valiant
il	1 400 \
	285 2
LI
 wh 6389
CH
 lo 56297
 pl 51323
 he 100
 lk 3
 lr 962
 sl	700 2 21 0 0 \
	680 2 21 1 0 \
	650 2 28 0 0 \
	690 2 28 0 0 \
	630 2 28 0 0 \
	720 2 21 0 0 \
	610 2 21 12 0 \
	654 2 28 84 0 \
	612 2 28 1 0 \
	653 2 28 0 0 \
	701 2 14 0 0 \
	617 2 14 3 0 \
	721 2 14 18 0 \
	722 2 14 1 0 \
	702 2 14 2 0 \
	652 2 28 0 0 \
	615 2 21 4 0 \
	614 2 14 0 0 \
	611 2 28 0 0 \
	613 2 14 0 0
 at 80
 df 80
 mi 69
CM
 vp 1
MI
 ds Under Master
CO
 li breed 285 285
 ar 285 285 0 0 0 0 0 0
 cs 2
 wa 8
 st 1
 ue 1
 de 5
 pr 3

77590 char 0
na Dirk Harkness
il	51 15 \
	54 3 \
	271 2
LI
 wh 6389
CH
 lo 56297
 pl 51323
 he 100
 lk 3
 lr 973
 sl	610 2 21 5 0 \
	616 2 14 4 0 \
	614 2 14 11 0 \
	650 2 28 0 0 \
	654 2 28 150 0 \
	653 2 28 0 0 \
	612 2 28 1 0 \
	630 2 28 0 0 \
	641 2 28 1 0 \
	615 2 21 0 0 \
	652 2 28 0 0 \
	690 2 28 0 0 \
	611 2 28 0 0
 at 107
 df 164
 mi 50
CM
 hs 1
 vp 9
CO
 li breed 271 271
 ar 271 271 0 0 0 0 0 0
 cs 2
 wa 5
 st 1
 ue 1
 de 1
 pr 3

