56309 player pl_regular
na ROYAL LINES
il	1 350
ah 77352 
CH
PL
 fn Jody Kuhns
 em j_kuhnslord_foul@yahoo.com,humakt2@hotmail.com
 ve j_kuhnslord_foul@yahoo.com
 pw g2ancient
 np 4
 ft 40
 so 1
 lt 260
 kn 69 600 601 602 603 610 611 612 613 614 \
	615 616 617 630 631 632 633 634 635 636 637 \
	639 641 650 651 652 653 654 655 656 657 658 \
	661 670 671 672 673 674 680 681 682 690 691 \
	692 693 700 701 702 703 704 720 721 722 730 \
	731 732 733 750 751 752 753 754 755 756 800 \
	801 802 803 804 805 806 807 808 809 811 812 \
	813 814 820 821 822 823 824 825 826 827 828 \
	829 831 832 833 840 841 842 843 844 845 846 \
	847 848 849 851 852 860 861 862 863 864 865 \
	866 867 868 869 871 872 880 881 882 883 884 \
	885 886 887 888 889 891 892 893 894 900 901 \
	902 903 904 905 906 907 908 909 911 920 921 \
	922 1714 2042 2227 2509 2559 2578 3287 3869 5252 6160 \
	6625 7307 8904 9264 9310 9897 10000 10001 10002 10003 10004 \
	10005 10006 10007 10008 10037 10038 10039 10040 10041 10042 10043 \
	10044 10045 10046 10047 10048 10049 10062 10063 10064 10065 10066 \
	10067 10068 10069 10070 10071 10072 10073 10074 10075 10076 10077 \
	10078 10079 10080 10081 10082 10083 10084 10085 10086 10087 10088 \
	10089 10090 10091 10092 10093 10094 10095 10096 10097 10098 10099 \
	10100 10101 10102 10103 10104 10105 10106 10107 10108 10137 10149 \
	10150 10151 10152 10153 10154 10155 10156 10157 10158 10159 10160 \
	10161 10162 10181 10182 10183 10184 10185 10196 10197 10198 10199 \
	10200 10201 10202 10203 10204 10205 10206 10237 10249 10281 10282 \
	10283 10284 10285 10296 10297 10298 10299 10300 10301 10302 10303 \
	10304 10305 10306 10337 10396 10397 10398 10399 10400 10401 10402 \
	10403 10437 10496 10497 10498 10499 10500 10501 10502 10537 10599 \
	10637 10699 10737 10738 10799 10838 10839 10840 10899 10940 10941 \
	10999 11041 11042 11099 11142 11199 11242 11243 11244 11299 11344 \
	11399 11444 11499 11544 11545 11599 11645 11698 11699 11745 11798 \
	11799 11845 11897 11898 11899 11900 11945 11997 11998 11999 12000 \
	12044 12045 12092 12093 12094 12095 12096 12097 12098 12099 12143 \
	12144 12192 12193 12194 12195 12196 12197 12198 12199 12242 12243 \
	12295 12296 12297 12298 12299 12341 12342 12395 12396 12397 12398 \
	12399 12439 12440 12441 12497 12538 12539 12597 12638 12639 12697 \
	12698 12738 12739 12798 12837 12838 12839 12856 12857 12858 12898 \
	12937 12938 12939 12955 12956 12958 12959 12960 12961 12962 12963 \
	12964 12998 13038 13039 13055 13057 13058 13059 13060 13061 13062 \
	13063 13064 13065 13066 13067 13068 13098 13138 13139 13140 13141 \
	13142 13143 13144 13145 13146 13147 13148 13149 13150 13151 13152 \
	13153 13154 13155 13156 13157 13158 13161 13162 13163 13164 13168 \
	13198 13233 13234 13235 13236 13237 13238 13239 13240 13241 13242 \
	13243 13244 13245 13246 13247 13248 13249 13250 13251 13252 13254 \
	13255 13256 13257 13258 13259 13260 13261 13262 13263 13264 13265 \
	13266 13267 13268 13298 13333 13334 13338 13339 13342 13344 13345 \
	13346 13347 13348 13350 13351 13352 13354 13355 13357 13358 13359 \
	13360 13361 13362 13363 13364 13365 13366 13367 13368 13398 13434 \
	13435 13436 13437 13444 13445 13447 13448 13449 13450 13451 13452 \
	13453 13454 13455 13456 13457 13458 13459 13460 13461 13462 13463 \
	13464 13465 13466 13467 13468 13498 13541 13542 13543 13544 13545 \
	13547 13548 13549 13550 13551 13552 13553 13554 13555 13556 13557 \
	13558 13559 13560 13561 13562 13563 13564 13565 13566 13567 13568 \
	13598 13635 13636 13637 13638 13639 13640 13641 13642 13643 13644 \
	13645 13646 13647 13648 13649 13650 13651 13652 13653 13654 13655 \
	13656 13657 13658 13659 13660 13661 13662 13663 13664 13667 13668 \
	13698 13735 13736 13737 13738 13739 13744 13747 13748 13749 13751 \
	13752 13753 13754 13755 13756 13757 13758 13759 13760 13761 13762 \
	13767 13768 13792 13793 13794 13795 13796 13797 13798 13800 13801 \
	13829 13830 13831 13832 13833 13834 13835 13836 13837 13838 13839 \
	13844 13847 13848 13849 13850 13851 13852 13853 13854 13855 13856 \
	13857 13858 13859 13860 13861 13867 13868 13892 13893 13894 13895 \
	13896 13897 13898 13899 13900 13901 13928 13929 13930 13931 13932 \
	13933 13934 13935 13936 13938 13939 13944 13945 13946 13947 13948 \
	13949 13950 13951 13952 13953 13954 13955 13956 13957 13958 13959 \
	13960 13961 13967 13968 14000 14015 14016 14017 14018 14019 14020 \
	14021 14022 14023 14028 14029 14034 14035 14036 14038 14039 14040 \
	14041 14042 14043 14044 14045 14046 14047 14048 14049 14050 14051 \
	14052 14053 14054 14055 14056 14057 14058 14059 14060 14061 14067 \
	14068 14100 14109 14110 14111 14115 14116 14117 14120 14121 14122 \
	14123 14125 14126 14127 14128 14129 14130 14131 14132 14133 14134 \
	14135 14136 14139 14141 14147 14148 14149 14150 14151 14152 14153 \
	14154 14155 14156 14157 14158 14159 14160 14161 14162 14163 14164 \
	14165 14166 14167 14168 14169 14170 14171 14172 14173 14174 14175 \
	14200 14201 14202 14207 14208 14209 14210 14211 14212 14213 14214 \
	14215 14216 14217 14218 14219 14220 14221 14222 14223 14224 14225 \
	14226 14227 14228 14229 14233 14234 14235 14236 14237 14238 14239 \
	14240 14241 14247 14248 14249 14250 14251 14252 14253 14254 14255 \
	14256 14257 14258 14259 14260 14261 14262 14263 14267 14268 14269 \
	14270 14271 14272 14273 14274 14275 14302 14303 14304 14305 14306 \
	14307 14308 14309 14310 14311 14314 14320 14321 14322 14323 14324 \
	14325 14332 14333 14334 14337 14338 14339 14340 14341 14342 14343 \
	14344 14345 14346 14347 14348 14349 14350 14351 14352 14353 14354 \
	14355 14357 14358 14359 14360 14361 14362 14363 14367 14368 14369 \
	14402 14403 14407 14408 14414 14420 14421 14423 14424 14425 14426 \
	14432 14438 14439 14440 14441 14442 14443 14444 14445 14446 14447 \
	14448 14449 14450 14451 14452 14453 14454 14455 14456 14457 14458 \
	14459 14460 14461 14462 14463 14464 14465 14466 14467 14468 14469 \
	14502 14503 14504 14505 14506 14507 14508 14509 14510 14514 14520 \
	14523 14524 14525 14526 14529 14530 14531 14532 14538 14539 14540 \
	14544 14545 14546 14547 14548 14549 14550 14551 14552 14553 14555 \
	14558 14559 14560 14562 14563 14564 14565 14566 14567 14568 14569 \
	14570 14571 14572 14602 14603 14607 14610 14611 14612 14613 14614 \
	14620 14624 14625 14626 14627 14629 14631 14632 14638 14639 14640 \
	14641 14642 14643 14644 14645 14646 14647 14648 14649 14650 14651 \
	14652 14653 14654 14655 14658 14659 14660 14661 14662 14663 14667 \
	14668 14670 14671 14672 14673 14702 14703 14707 14708 14709 14710 \
	14711 14712 14713 14714 14720 14724 14725 14727 14728 14729 14731 \
	14732 14733 14734 14735 14736 14737 14738 14739 14740 14741 14742 \
	14743 14744 14745 14746 14747 14748 14749 14750 14751 14752 14753 \
	14754 14755 14756 14757 14758 14759 14760 14761 14762 14763 14767 \
	14768 14769 14770 14772 14773 14802 14803 14807 14808 14810 14811 \
	14818 14819 14820 14824 14825 14826 14827 14828 14829 14830 14831 \
	14832 14833 14834 14835 14836 14837 14838 14839 14840 14841 14842 \
	14843 14844 14845 14846 14847 14848 14849 14850 14851 14852 14853 \
	14854 14855 14856 14857 14858 14859 14860 14861 14863 14867 14870 \
	14872 14873 14902 14903 14904 14905 14906 14907 14908 14909 14910 \
	14911 14918 14925 14932 14933 14934 14935 14936 14937 14938 14939 \
	14940 14941 14942 14943 14944 14945 14946 14947 14948 14949 14950 \
	14951 14952 14953 14954 14955 14956 14957 14958 14959 14960 14961 \
	14962 14963 14964 14965 14966 14967 14972 14973 15003 15004 15005 \
	15006 15007 15008 15011 15012 15013 15014 15015 15016 15017 15018 \
	15025 15038 15039 15040 15041 15042 15043 15045 15046 15047 15048 \
	15049 15050 15051 15052 15053 15054 15055 15056 15057 15058 15059 \
	15060 15061 15063 15065 15066 15107 15116 15125 15126 15127 15128 \
	15129 15130 15131 15132 15133 15134 15135 15136 15137 15138 15139 \
	15140 15141 15142 15143 15144 15145 15146 15147 15148 15149 15150 \
	15151 15152 15153 15154 15155 15156 15157 15158 15159 15160 15161 \
	15162 15163 15165 15166 15167 15168 15169 15170 15206 15207 15216 \
	15220 15221 15222 15223 15224 15225 15226 15227 15228 15229 15230 \
	15231 15232 15233 15234 15235 15236 15237 15238 15239 15240 15241 \
	15242 15243 15244 15245 15246 15247 15248 15249 15250 15251 15252 \
	15253 15254 15255 15256 15258 15259 15260 15261 15263 15264 15265 \
	15266 15267 15268 15269 15270 15271 15272 15273 15306 15316 15317 \
	15318 15319 15320 15339 15340 15341 15342 15343 15344 15346 15347 \
	15348 15349 15350 15351 15352 15353 15354 15355 15356 15357 15358 \
	15359 15360 15361 15362 15363 15364 15365 15366 15367 15373 15406 \
	15416 15439 15440 15447 15448 15449 15450 15451 15452 15453 15454 \
	15455 15456 15457 15458 15459 15460 15461 15462 15463 15506 15510 \
	15511 15512 15513 15514 15515 15516 15538 15539 15540 15541 15542 \
	15547 15548 15549 15550 15551 15552 15553 15554 15555 15556 15557 \
	15558 15559 15561 15606 15610 15641 15642 15648 15649 15650 15651 \
	15652 15653 15654 15655 15656 15657 15658 15659 15660 15661 15662 \
	15706 15710 15751 15752 15753 15754 15762 15763 15764 15765 15766 \
	15767 15768 15806 15810 15851 15852 15853 15854 15862 15865 15866 \
	15868 15906 15910 15951 15952 15953 15954 15961 15962 15965 15966 \
	15968 15969 15970 15972 15973 15974 15975 16006 16010 16051 16052 \
	16053 16054 16055 16056 16057 16058 16059 16060 16061 16062 16063 \
	16064 16065 16066 16067 16068 16069 16070 16072 16075 16106 16110 \
	16149 16150 16151 16152 16153 16154 16155 16156 16157 16158 16159 \
	16160 16161 16162 16163 16164 16165 16166 16167 16168 16169 16170 \
	16171 16172 16175 16206 16210 16249 16250 16251 16252 16253 16254 \
	16268 16269 16270 16271 16272 16275 16306 16351 16352 16369 16370 \
	16371 16372 16373 16374 16375 16376 16377 16378 16379 16380 16406 \
	16451 16452 16469 16470 16471 16472 16480 16506 16551 16552 16569 \
	16570 16571 16572 16573 16574 16580 16606 16651 16652 16653 16654 \
	16670 16671 16672 16673 16674 16675 16676 16677 16678 16680 16706 \
	16751 16754 16767 16768 16769 16770 16780 16806 16807 16808 16809 \
	16810 16811 16812 16813 16814 16815 16816 16851 16866 16867 16868 \
	16870 16880 16916 16917 16918 16919 16920 16921 16922 16923 16924 \
	16951 16966 16967 16968 16969 16970 16980 16981 16982 17024 17025 \
	17026 17027 17081 17127 17128 17129 17130 17181 17230 17280 17281 \
	17330 17331 17332 17333 17334 17335 17336 17378 17379 17380 17478 \
	17576 17577 17578 17675 17676 17678 20031 20268 20272 20556 20589 \
	20647 20687 20714 20812 20848 20859 20895 20992 21087 21348 21533 \
	21566 21922 22170 22273 22493 22969 23041 23220 23268 23331 23345 \
	23544 23620 23704 23753 23918 23930 24176 24402 24431 24445 24742 \
	24752 24820 24907 24973 25340 25460 25501 25606 25690 25905 25992 \
	26239 26269 26278 26299 26323 26365 26848 26874 26901 27086 27354 \
	27368 27389 27402 27743 27854 28022 28051 28162 28198 28290 28542 \
	28572 28911 28979 29270 29282 29490 29672 29768 29872 29932 30003 \
	30017 30659 30796 30865 30873 30979 31057 31100 31495 31703 31834 \
	31937 32376 32399 32497 32579 32675 32839 33218 33245 33314 33346 \
	33361 33453 33560 33747 33880 33927 34012 34019 34081 34128 34314 \
	34354 34674 34690 34730 34996 35359 35467 35610 35874 35883 36001 \
	36007 36048 36413 36656 36746 36907 36975 37032 37059 37108 37262 \
	37315 37360 37449 37475 37527 38016 38459 38504 38637 38923 39109 \
	39167 39199 39378 39551 39592 39608 39795 39846 39884 39941 39993 \
	40171 40243 40531 40677 40729 40730 41104 41278 41370 41417 41612 \
	41693 41724 41819 41820 41827 42004 42329 42392 42443 42503 42579 \
	42588 42632 42680 42798 43401 43490 43762 43935 44182 44286 44341 \
	44549 44695 44720 44984 44985 45085 45318 45708 45802 45906 46022 \
	46140 46170 46497 46573 46581 46711 46983 47001 47289 47309 47392 \
	47395 47967 48095 48789 48806 49034 49333 49483 49701 56782 56983 \
	57046 57081 57140 57143 57148 57149 57154 57165 57166 57266 57268 \
	57294 57345 57352 57368 57397 57401 57426 57496 57502 57516 57531 \
	57537 57539 57625 57646 57652 57675 57679 57686 57704 57731 57757 \
	57795 57798 57842 57885 58006 58013 58056 58073 58105 58139 58200 \
	58318 58323 58324 58325 58374 58423 58424 58446 58493 58516 58521 \
	58575 58622 58635 58643 58679 58687 58693 58706 58707 58717 58736 \
	58738 58758 59211 59342 59391 59441 59567 59654 60128 60370 60384 \
	60981 61096 61112 61486 61798 61937 62349 63131 63252 63253 63311 \
	63355 63575 63615 63947 64299 64865 64882 64959 65502 66083 66105 \
	66192 66268 66439 66563 66623 66688 66736 67006 67062 67225 67340 \
	67348 67668 67674 67714 67784 68062 68243 68285 68708 68931 69180 \
	70154 70500 70639 71270 71393 71853 71894 71897 72404 72550 72722 \
	72824 73245 73532 74114 74213 74521 74974 75145 75220 75595 76475 \
	77036 77248 77432 77667 77706 77743 78114 78337 78554 78593 78606 \
	78676 89010 89673 92416 130519 135221 
 un 8639 114275 126432 64538 91766 7184 94666 131449 9943 \
	61959 131603 114963 111083 117144 74941 68880 133635 72548 72930 5540 \
	147777 138618 110806 64733 77594 63636 1675 6448 71999 
 uf 143883 105544 104109 101656 108361 
 am 1071 0 50535 50837 51323 54172 54935 55263 55275 
 am 1127 0 50535 50837 51323 54172 54935 55263 55275 
 am 1206 0 50535 50837 51323 54172 54935 55263 55275 
 am 1208 0 50535 50837 51323 54172 54935 55263 55275 
 am 1267 0 50535 50837 51323 54172 54935 55263 55275 \
	56297 56309 56455 56746 
 am 1362 0 50535 50837 51323 54172 54935 55263 55275 
 am 1400 0 50535 50837 51323 54172 54935 55263 55275 \
	56297 56309 56455 56746 
 am 1585 0 50535 50837 51323 54172 54935 55263 55275 
 am 1675 0 50333 51665 51853 53513 54948 55115 55705 \
	56223 56309 56363 56297 56033 50797 
 am 1712 0 50333 50535 50797 50837 51323 51665 51853 \
	53249 53513 53627 54172 54295 56455 54404 54597 54587 54935 54948 \
	55115 56746 55263 55275 55705 56223 56297 56309 56363 
 am 1714 0 50535 50837 51323 54172 54935 55263 55275 
 am 1920 0 50535 50837 51323 54172 54935 55263 55275 
 am 2227 0 50333 55115 54948 53627 56223 55705 56033 \
	50535 50837 51323 53249 54172 54295 54936 54587 54935 55263 55275 \
	56297 56309 56455 56746 51853 53513 56363 
 am 2444 0 50535 50837 51323 54172 54935 55263 55275 
 am 2468 0 50333 50535 50797 50837 51323 51665 51853 \
	53249 53513 53627 54172 54295 56455 54404 54597 54587 54935 54948 \
	55115 56746 55263 55275 55705 56223 56297 56309 56363 
 am 2621 0 50333 51665 51853 53513 54948 55115 55705 \
	56223 56309 56363 56297 56033 50797 
 am 3070 0 50535 50837 51323 54172 54935 55263 55275 \
	56297 56309 56455 56746 
 am 3287 0 50333 50535 50797 50837 51323 51665 51853 \
	53249 53513 53627 54172 54295 56455 54404 54597 54587 54935 54948 \
	55115 56746 55263 55275 55705 56223 56297 56309 56363 
 am 3430 0 50535 50837 51323 54172 54935 55263 55275 
 am 3869 0 50535 50837 51323 53249 54172 54935 55275 \
	56297 56309 56455 56746 
 am 4036 0 50535 50837 51323 54172 54935 55263 55275 
 am 4303 0 50535 50837 51323 54172 54935 55263 55275 \
	56297 56309 56455 56746 
 am 4681 0 50333 50535 50797 50837 51323 51665 51853 \
	53249 53513 53627 54172 54295 56455 54404 54597 54587 54935 54948 \
	55115 56746 55263 55275 55705 56223 56297 56309 56363 
 am 5013 0 54172 54935 55263 55275 50535 50837 51323 
 am 5252 0 50333 55115 54948 53627 56223 55705 56033 \
	50535 50837 51323 53249 54172 54295 54936 54587 54935 55263 55275 \
	56297 56309 56455 56746 51853 53513 56363 
 am 5540 0 50333 51665 51853 53513 54948 55115 55705 \
	56223 56309 56363 56297 56033 50797 
 am 5787 0 50535 50837 51323 54172 54935 55263 55275 
 am 5895 0 50333 50535 50797 50837 51323 51665 51853 \
	53249 53513 53627 54172 54295 56455 54404 54597 54587 54935 54948 \
	55115 56746 55263 55275 55705 56223 56297 56309 56363 
 am 6160 0 50333 50535 50797 50837 51323 51665 51853 \
	53249 53513 53627 54172 54295 56455 54404 54597 54587 54935 54948 \
	55115 56746 55263 55275 55705 56223 56297 56309 56363 
 am 6448 0 50333 51665 51853 53513 54948 55115 55705 \
	56223 56309 56363 56297 56033 50797 
 am 6575 0 50535 50837 51323 54172 54935 55263 55275 
 am 6625 1 
 am 6721 0 50535 50837 51323 53249 54295 54172 54935 \
	55263 55275 56297 56309 56455 56746 
 am 6821 0 50535 50837 51323 54172 54935 55263 55275 
 am 7169 0 50535 50837 51323 54172 54935 55263 55275 
 am 7184 0 50333 51665 51853 53513 54948 55115 55705 \
	56223 56309 56363 56297 56033 50797 
 am 7301 0 50535 50837 51323 54172 54935 55263 55275 
 am 7879 0 50535 50837 51323 54172 54935 55263 55275 \
	56297 56309 56455 56746 
 am 7911 0 50535 50837 51323 54172 54935 55263 55275 
 am 8639 0 50333 51665 51853 53513 54948 55115 55705 \
	56223 56309 56363 56297 56033 50797 
 am 8831 0 50333 50535 50797 50837 51323 51665 51853 \
	53249 53513 53627 54172 54295 56455 54404 54597 54587 54935 54948 \
	55115 56746 55263 55275 55705 56223 56297 56309 56363 
 am 9310 0 50535 50837 51323 53249 54172 54295 54935 \
	55275 56297 56309 56455 56746 
 am 9516 0 50535 50837 51323 54172 54935 55263 55275 
 am 9549 0 50333 50535 50797 50837 51323 51665 51853 \
	53249 53513 53627 54172 54295 56455 54404 54597 54587 54935 54948 \
	55115 56746 55263 55275 55705 56223 56297 56309 56363 
 am 9714 0 50535 50837 51323 54172 54935 55263 55275 
 am 9835 0 50535 50837 51323 54172 54935 55263 55275 
 am 9897 1 
 am 9943 0 50333 51665 51853 53513 54948 55115 55705 \
	56223 56309 56363 56297 56033 50797 54125 54936 
 am 57266 0 50535 50837 51323 54172 54935 55263 55275 
 am 57294 0 50535 50837 51323 54172 54935 55263 55275 
 am 57496 0 50535 50837 51323 54172 54935 55263 55275 
 am 57539 0 50535 50837 51323 54172 54935 55263 55275 
 am 57826 0 50535 50837 51323 54172 54935 55263 55275 \
	56297 56309 56455 56746 
 am 57870 0 50535 50837 51323 54172 54935 55263 55275 \
	56297 56309 56455 56746 
 am 58006 0 50535 50837 51323 53249 54172 54295 54935 \
	55275 56297 56309 56455 56746 
 am 58270 0 50535 50837 51323 54172 54935 55263 55275 
 am 58315 0 50535 50837 51323 54172 54935 55263 55275 
 am 58349 0 50535 50837 51323 54172 54935 55263 55275 
 am 58643 0 50535 50837 51323 54172 54935 55263 55275 
 am 58716 0 50535 50837 51323 54172 54935 55263 55275 
 am 58736 0 50535 50837 51323 54172 54935 55263 55275 
 am 60128 0 50333 55115 54948 53627 56223 55705 56033 \
	50535 50837 51323 53249 54172 54295 54936 54587 54935 55263 55275 \
	56297 56309 56455 56746 51853 53513 56363 
 am 60621 0 50535 50837 51323 54172 54935 55263 55275 \
	56297 56309 56455 56746 
 am 61096 0 50535 50837 51323 54172 54935 55263 55275 
 am 61264 0 50535 50837 51323 53249 54172 54295 54935 \
	55275 56297 56309 56455 56746 
 am 62492 0 50535 50837 51323 54172 54935 55263 55275 
 am 63636 0 50333 51665 51853 53513 54948 55115 55705 \
	56223 56309 56363 56297 56033 50797 
 am 63667 0 50535 50837 51323 54172 54935 55263 55275 
 am 64121 0 50535 50837 51323 54172 54935 55263 55275 
 am 64596 0 50535 50837 51323 54172 54935 55263 55275 
 am 64733 0 50333 51665 51853 53513 54948 55115 55705 \
	56223 56309 56363 56297 56033 50797 
 am 65369 0 50535 50837 51323 54172 54935 55263 55275 
 am 65374 0 50535 50837 51323 54172 54935 55263 55275 
 am 65403 0 50535 50837 51323 54172 54935 55263 55275 
 am 66083 0 50535 50837 51323 53249 54172 54935 55263 \
	55275 56297 56309 56455 56746 54295 
 am 66084 0 50535 50837 51323 54172 54935 55263 55275 \
	56297 56309 56455 56746 
 am 66105 0 50535 50837 51323 54172 54935 55263 55275 
 am 66185 0 50535 50837 51323 54172 54935 55263 55275 
 am 66688 0 50535 50837 51323 54172 54935 55263 55275 
 am 66799 0 50535 50837 51323 54172 54935 55263 55275 \
	56297 56309 56455 56746 
 am 67471 0 50535 50837 51323 54172 54935 55263 55275 
 am 68095 0 50535 50837 51323 54172 54935 55263 55275 
 am 68147 0 50535 50837 51323 54172 54935 55263 55275 
 am 68249 0 50535 50837 51323 54172 54935 55263 55275 
 am 68880 0 50333 51665 51853 53513 54948 55115 55705 \
	56223 56309 56363 56297 56033 50797 
 am 69593 0 50535 50837 51323 54172 54935 55263 55275 
 am 70102 0 50535 50837 51323 54172 54935 55263 55275 
 am 70190 0 50535 50837 51323 54172 54935 55263 55275 
 am 70370 0 50535 50837 51323 54172 54935 55263 55275 
 am 70883 0 50535 50837 51323 54172 54935 55263 55275 
 am 71999 0 50333 51665 51853 53513 54948 55115 55705 \
	56223 56309 56363 56297 56033 50797 
 am 72149 0 50333 50535 50797 50837 51323 51665 51853 \
	53249 53513 53627 54172 54295 56455 54404 54597 54587 54935 54948 \
	55115 56746 55263 55275 55705 56223 56297 56309 56363 
 am 72727 0 50535 50837 51323 54172 54935 55263 55275 
 am 72824 0 50535 50837 51323 54172 54935 55263 55275 
 am 72930 0 50333 51665 51853 53513 54948 55115 55705 \
	56223 56309 56363 56297 56033 50797 
 am 73102 0 50535 50837 51323 54172 54935 55263 55275 
 am 73104 0 50333 50535 50797 50837 51323 51665 51853 \
	53249 53513 53627 54172 54295 56455 54404 54597 54587 54935 54948 \
	55115 56746 55263 55275 55705 56223 56297 56309 56363 
 am 73532 0 50333 55115 54948 53627 56223 55705 56033 \
	50535 50837 51323 53249 54172 54295 54936 54587 54935 55263 55275 \
	56297 56309 56455 56746 51853 53513 56363 
 am 74114 1 
 am 74141 1 
 am 74441 0 50535 50837 51323 54172 54935 55263 55275 \
	56297 56309 56455 56746 
 am 74490 0 50333 50535 50797 50837 51323 51665 51853 \
	53249 53513 53627 54172 54295 56455 54404 54597 54587 54935 54948 \
	55115 56746 55263 55275 55705 56223 56297 56309 56363 
 am 74578 0 50535 50837 51323 54172 54935 55263 55275 
 am 75926 0 50535 50837 51323 54172 54935 55263 55275 
 am 76353 0 54172 54935 55263 55275 50535 50837 51323 
 am 76425 0 50535 50837 51323 54172 54935 55263 55275 
 am 77594 0 50333 51665 51853 53513 54948 55115 55705 \
	56223 56309 56363 56297 56033 50797 
 am 77606 0 50535 50837 51323 53249 54172 54295 54935 \
	55275 56297 56309 56455 56746 
 am 77895 0 50535 50837 51323 54172 54935 55263 55275 
 am 78217 0 50535 50837 51323 54172 54935 55263 55275 
 am 78462 0 50535 50837 51323 54172 54935 55263 55275 
 am 78701 0 50535 50837 51323 54172 54935 55263 55275 
 am 78832 0 50535 50837 51323 54172 54935 55263 55275 
 am 78890 0 50535 50837 51323 54172 54935 55263 55275 
 am 78954 0 50535 50837 51323 54172 54935 55263 55275 
 am 125522 0 50333 50535 50797 50837 51323 51665 51853 \
	53249 53513 53627 54172 54295 56746 54404 54597 54587 54935 54948 \
	55115 56455 55263 55275 55705 56223 56297 56309 56363 
CO
 li accept 0 0
 ar 0 0 0 0 0 0 0 0
 st 1

8639 char 0
na Lord Starling
il	1 3342 \
	12 2 \
	16 35 \
	19 3 \
	20 2 \
	24 6 \
	54 3 \
	87 35 \
	261 1 \
	67256 1 \
	101029 1 \
	129643 1 \
	136435 1
tl	2 87 70 2 0 0 0 0
ah 73703 
LI
 wh 6625
 hl 114275 
CH
 lo 56309
 he 100
 lk 3
 lr 883
 sl	610 2 21 17 0 \
	612 2 28 1 0 \
	600 2 21 0 0 \
	614 2 14 20 0 \
	630 2 28 0 0 \
	601 2 14 65 0 \
	602 2 14 0 0 \
	615 2 21 3 0 \
	617 2 14 3 0 \
	603 2 14 7 0 \
	616 2 14 7 0 \
	631 2 14 1 0 \
	632 2 14 0 0 \
	633 2 14 0 0 \
	634 2 14 0 0 \
	635 2 28 0 0 \
	641 2 28 0 0 \
	611 2 28 0 0
 at 103
 df 134
 mi 67
 dt 209 21 6261
CM
 vp 2
MI
 ds Explorer
CO
 li sail e
 ar 0 0 0 0 0 0 0 0
 wa -1
 st 1
 ue 3
 pr 4

114275 char ni
LI
 wh 8639
CH
 ni 31
 lo 56309
 pl 54936
 he -1
 lk 4
 at 60
 df 60
CM
 ot 129643
MI
 ca r
 ds Undead Dragon Lord
CO
 li seek
 ar 0 0 0 0 0 0 0 0
 cs 2
 wa 1
 st 1
 de 6
 po 1
 pr 3

126432 char ni
na Royal Guard
il	1 273 \
	52 4 \
	84832 1
LI
 wh 2578
CH
 ni 34
 lo 56309
 pl 56297
 he -1
 lk 4
 at 60
 df 60
CM
 ot 105897
MI
 ca r
 ds Greyfell Elite
CO
 li seek
 ar 0 0 0 0 0 0 0 0
 cs 2
 wa 3
 st 1
 de 4
 po 1
 pr 3

64538 char 0
na Godzilla
il	1 3233 \
	10 5 \
	11 10 \
	12 27 \
	16 9 \
	54 1 \
	61 4 \
	77 108 \
	79 51 \
	65887 58
tl	2 65887 672 85 0 0 0 0
LI
 wh 58758
CH
 lo 56309
 he 100
 lk 3
 lr 59
 sl	610 2 21 8 0 \
	820 2 35 0 0 \
	825 2 21 0 0 \
	829 2 21 7 0 \
	832 2 21 2 0 \
	826 2 21 0 0 \
	828 2 21 0 0 \
	831 2 28 4 0 \
	821 2 21 0 0 \
	827 2 21 1 0 \
	611 2 28 0 0 \
	630 2 28 0 0 \
	614 2 14 17 0 \
	612 2 28 0 0 \
	824 2 21 1 0 \
	641 2 28 0 0 \
	680 2 21 0 0 \
	822 2 21 0 0 \
	613 2 14 2 0 \
	615 2 21 2 0 \
	833 2 21 0 0 \
	617 2 14 1 0
 bp 50
 at 80
 df 172
 mi 53
CM
 im 1
 ma 12
 ca 8
 kw 1
CO
 li use 613
 ar 0 0 0 0 0 0 0 613
 cs 2
 wa 4
 st 1
 us 613
 ue 1
 de 10
 pr 3

91766 char 0
na Lady Vort
il	1 4000 \
	54 71
tl	2 90340 1 1 0 0 0 0
LI
 wh 14648
CH
 lo 56309
 pl 100
 he 100
 lk 3
 lr 959
 sl	610 2 21 1 0 \
	630 2 28 0 0 \
	611 2 28 0 0 \
	641 2 28 1 0 \
	616 2 14 2 0 \
	614 2 14 2 0 \
	612 2 28 0 0 \
	613 2 14 0 0
 bp 50
 at 91
 df 103
CM
 hs 1
MI
 ds Leather Clad Vixen
CO
 li use 614
 ar 0 0 0 0 0 0 0 614
 cs 2
 wa 6
 st 1
 us 614
 ue 1
 de 1
 pr 3

7184 char 0
na Tabitha
il	1 7717 \
	54 3
tl	2 60309 948 239 1 0 0 0 \
	2 99846 961 71 1 0 0 0
LI
 wh 58717
CH
 lo 56309
 he 100
 lk 2
 lr 1
 sl	610 2 21 30 0 \
	630 2 28 0 0 \
	730 2 21 0 0 \
	731 2 14 0 0 \
	732 2 14 1 0 \
	733 2 14 3 0 \
	639 2 21 0 0 \
	641 2 28 2 0 \
	617 2 14 4 0 \
	615 2 21 0 0 \
	616 2 14 3 0 \
	614 2 14 13 0 \
	611 2 28 0 0 \
	612 2 28 0 0 \
	631 2 14 0 0 \
	635 2 28 0 0 \
	613 2 14 0 0 \
	680 2 21 0 0 \
	700 2 21 0 0
 bp 50
 at 102
 df 163
 mi 50
CM
 vp 1
MI
 ds Leather Clad Vixen
CO
 li use 616
 ar 0 0 0 0 0 0 0 616
 cs 2
 wa 3
 st 1
 us 616
 ue 1
 de 4
 pr 3

94666 char 0
na Cacucala
il	1 7762 \
	54 47 \
	126140 71
tl	2 126140 782 180 0 0 0 0
LI
 wh 14747
CH
 lo 56309
 pl 54936
 he 100
 lk 3
 lr 944
 sl	610 2 21 0 0 \
	700 2 21 0 0 \
	701 2 14 0 0 \
	702 2 14 4 0 \
	703 2 14 0 0 \
	617 2 14 4 0 \
	690 2 28 0 0 \
	611 2 28 0 0 \
	614 2 14 6 0 \
	691 2 21 0 0 \
	692 2 21 0 0 \
	680 2 21 0 0 \
	730 2 21 0 0 \
	612 2 28 0 0 \
	733 2 14 0 0
 mo 7800
 bp 50
 at 80
 df 105
MI
 ds The Beast
CO
 li fly w
 ar 0 4 14746 0 0 3 14747 0
 cs 2
 wa 2
 st 1
 ue 2
 de 1
 pr 2

131449 char ni
na Royal Guard
il	1 91 \
	76 6
LI
 wh 1804
CH
 ni 32
 lo 56309
 pl 56297
 he -1
 lk 4
 at 60
 df 60
CM
 ot 74013
MI
 ca r
 ds Moonshadow Sheriff
CO
 li seek
 ar 0 0 0 0 0 0 0 0
 cs 2
 wa 3
 st 1
 de 4
 po 1
 pr 3

9943 char 0
na General Attitude
il	1 25048 \
	10 111 \
	12 291 \
	15 2 \
	16 113 \
	18 136 \
	20 83 \
	54 21 \
	55 42 \
	73 39 \
	74 71 \
	75 139 \
	81 14 \
	278 14 \
	281 14 \
	282 395 \
	285 24 \
	286 3 \
	291 1 \
	295 1 \
	61133 1 \
	64125 1 \
	65897 1 \
	67775 1 \
	73255 1 \
	91588 1
LI
 wh 74114
 hl 61959 131603 111083 
CH
 lo 56309
 he 100
 lk 2
 lr 2
 sl	650 2 28 0 0 \
	654 2 28 94 0 \
	652 2 28 0 0 \
	653 2 28 0 0 \
	610 2 21 31 0 \
	616 2 14 8 0 \
	612 2 28 1 0 \
	651 2 21 0 0 \
	630 2 28 0 0 \
	641 2 28 1 0 \
	611 2 28 0 0 \
	617 2 14 11 0 \
	656 2 14 0 0 \
	655 2 14 0 0 \
	635 1 7 0 0 \
	639 2 21 0 0 \
	614 2 14 8 0 \
	657 2 21 7 0 \
	900 2 42 0 0 \
	909 2 21 0 0 \
	904 2 21 0 0 \
	905 2 21 0 0 \
	906 2 21 0 0 \
	907 1 0 0 0 \
	908 1 0 0 0 \
	911 2 21 0 0
 ra 70
 at 90
 df 122
CM
 im 1
 ma 6
 ca 6
 hs 1
 vp 11
MI
 ds Greyfell Lord
CO
 li train 20 20
 ar 20 20 20 16 0 0 0 0
 cs 2
 wa -1
 st 1
 ue 2
 de 16
 po 1
 pr 3

61959 char 0
na Khasan al Kusai
il	1 12022 \
	10 10 \
	20 10 \
	21 91 \
	22 17 \
	54 3 \
	61 9 \
	63 8 \
	65 23 \
	68 5 \
	69 2 \
	72 125 \
	74 50 \
	82 47 \
	83 1 \
	85 477 \
	295 1 \
	59384 1 \
	59837 1 \
	59840 1 \
	60542 1 \
	60688 1 \
	61002 1 \
	61041 1 \
	61268 1 \
	61724 1 \
	62297 1 \
	62383 1 \
	62409 1 \
	62464 1 \
	62529 1 \
	62662 1 \
	62883 1 \
	63059 1 \
	63475 1 \
	63630 1 \
	64016 1 \
	64253 1 \
	64466 1 \
	64701 1 \
	65173 1 \
	65823 1 \
	66240 1 \
	66718 1 \
	67042 1 \
	67190 1 \
	67585 1 \
	67711 1 \
	67798 1 \
	67819 1 \
	67864 1 \
	68608 1 \
	68970 1 \
	69289 1 \
	69535 1 \
	70044 1 \
	70063 1 \
	70182 1 \
	70849 1 \
	70987 1 \
	71345 1 \
	71469 1 \
	71946 1 \
	72271 1 \
	72346 1 \
	72373 1 \
	73032 1 \
	73112 1 \
	73666 1 \
	74013 1 \
	74258 1 \
	74378 1 \
	75109 1 \
	75671 1 \
	76528 1 \
	76854 1 \
	77429 1 \
	77830 1 \
	78008 1 \
	78023 1 \
	78213 1 \
	78359 1 \
	78399 1 \
	85728 1 \
	90617 1 \
	91164 1 \
	92231 1 \
	93151 1 \
	100076 1 \
	100268 1 \
	100433 1 \
	101015 1 \
	104191 1 \
	105897 1 \
	106913 1 \
	110673 1 \
	111026 1 \
	115182 1 \
	117166 1 \
	118075 1 \
	119373 1 \
	121573 1 \
	125154 1 \
	125694 1 \
	126260 1 \
	131045 1 \
	131369 1 \
	135663 1 \
	136941 1 \
	140529 1 \
	143050 1 \
	143230 1 \
	146277 1 \
	147163 1
LI
 wh 9943
CH
 lo 56309
 he 100
 lk 2
 lr 2
 sl	800 2 28 0 0 \
	802 2 14 25 0 \
	803 2 14 1 0 \
	860 2 35 0 0 \
	820 2 35 0 0 \
	862 2 14 0 0 \
	823 2 21 0 0 \
	808 2 21 0 0 \
	806 2 21 18 0 \
	801 2 14 3 0 \
	822 2 21 0 0 \
	814 2 21 0 0 \
	861 2 14 0 0 \
	826 2 21 1 0 \
	831 2 28 0 0 \
	833 2 21 0 0 \
	807 2 21 11 0 \
	809 2 21 2 0 \
	811 2 21 0 0 \
	812 2 21 0 0 \
	813 2 21 8 0 \
	825 2 21 1 0 \
	827 2 21 39 0 \
	828 2 21 5 0 \
	610 2 21 5 0 \
	840 2 35 0 0 \
	863 2 14 0 0 \
	864 2 14 0 0 \
	865 2 14 0 0 \
	866 2 14 0 0 \
	867 2 21 0 0 \
	868 2 21 0 0 \
	869 2 14 0 0 \
	630 2 28 0 0 \
	829 2 21 7 0 \
	832 2 21 8 0 \
	872 2 21 0 0 \
	842 2 14 1 0 \
	843 2 21 0 0 \
	844 2 21 0 0 \
	845 2 21 1 0 \
	846 2 21 3 0 \
	847 2 21 1 0 \
	849 2 21 3 0 \
	851 2 21 3 0 \
	852 2 21 0 0 \
	639 2 21 0 0 \
	641 2 28 2 0 \
	871 2 21 0 0 \
	612 2 28 1 0 \
	824 2 21 0 0 \
	821 2 21 0 0 \
	841 2 21 5 0 \
	900 2 42 0 0 \
	911 2 21 0 0 \
	904 2 21 0 0 \
	905 2 21 0 0 \
	906 2 21 0 0 \
	907 2 21 0 0 \
	908 2 28 1 0 \
	909 2 21 0 0 \
	804 2 21 0 0 \
	880 2 0 0 0 \
	920 2 0 0 0 \
	884 2 0 0 0 \
	885 2 0 0 0 \
	886 2 0 0 0 \
	887 2 0 3 0 \
	888 2 0 3 0 \
	889 2 0 0 0 \
	891 2 0 0 0 \
	892 2 0 0 0 \
	893 2 0 0 0 \
	894 2 0 0 0 \
	881 2 0 0 0 \
	882 2 0 0 0 \
	883 2 0 0 0 \
	922 2 0 21 0 \
	921 2 0 2 0 \
	903 2 21 4 0 \
	902 2 21 0 0 \
	611 2 28 0 0 \
	614 2 14 7 0
 bh 5
 at 80
 df 76
 dt 233 23 6983
CM
 im 1
 ma 76
 ca 37
 as 40
 hs 1
 cm 12
 kw 1
MI
 ds Greyfell Lord
CO
 li use 614
 ar 0 0 0 0 0 0 0 614
 cs 2
 wa 3
 st 1
 us 614
 ue 2
 de 4
 pr 3

131603 char 0
na Raphael
il	1 7947 \
	51 28 \
	52 21 \
	53 7 \
	54 7 \
	76 13 \
	77 14 \
	78 51 \
	279 22 \
	282 3
LI
 wh 9943
 hl 114963 
CH
 lo 1675
 pl 54936
 he 100
 lk 2
 lr 1
 sl	650 2 28 0 0 \
	654 2 28 53 0 \
	655 2 14 17 0 \
	653 2 28 0 0 \
	610 2 21 0 0 \
	656 2 14 0 0 \
	612 2 28 1 0 \
	611 2 28 0 0 \
	658 2 21 0 0 \
	657 2 21 0 0
 at 80
 df 80
CO
 li give 9943 282 0
 ar 9943 282 0 0 0 0 0 0
 st 1
 ue 1
 pr 1

114963 char 0
na Yang
il	1 283 \
	282 1 \
	59906 1 \
	71846 1 \
	117657 1
LI
 wh 131603
CH
 lo 56309
 pl 54936
 he 100
 lk 2
 lr 1
 sl	610 2 21 0 0 \
	650 2 28 0 0 \
	654 2 28 48 0 \
	611 2 28 0 0 \
	615 2 21 0 0 \
	612 2 28 0 0 \
	653 1 7 0 0
 bh 3
 bp 50
 at 80
 df 80
 mi 50
MI
 ds The Older
CO
 li give 9943 282 0
 ar 9943 282 0 0 0 0 0 0
 pr 1

111083 char 0
na Yin
il	1 250 \
	282 2
LI
 wh 9943
CH
 lo 56309
 pl 54936
 he 100
 lk 2
 lr 1
 sl	650 2 28 0 0 \
	654 2 28 73 0 \
	680 2 21 1 0 \
	610 2 21 0 0 \
	611 2 28 0 0 \
	614 1 7 0 0 \
	612 1 7 0 0
 bp 50
 at 80
 df 80
MI
 ds The Younger
CO
 li breed 282 282
 ar 282 282 0 0 0 0 0 0
 cs 2
 wa 4
 st 1
 de 2
 pr 3

117144 char ni
na Royal Guard
il	1 50
LI
 wh 74114
CH
 ni 32
 lo 56309
 pl 54948
 he -1
 at 60
 df 60
CM
 ot 73255
MI
 ca r
 ds Greyfell Elite
CO
 li seek
 ar 0 0 0 0 0 0 0 0
 cs 2
 wa 6
 st 1
 de 1
 po 1
 pr 3

74941 char 0
na Shadow Knight
il	1 6282 \
	11 28 \
	52 23 \
	63 1 \
	74 8 \
	75 20 \
	77 7 \
	79 21 \
	72385 1 \
	89482 1 \
	95010 1 \
	124581 1
tl	2 126140 809 180 0 0 0 0 \
	1 79 993 25 0 0 0 0
LI
 wh 58318
 hl 70949 
CH
 lo 56309
 he 100
 lk 3
 lr 66
 sl	610 2 21 0 0 \
	614 2 14 14 0 \
	630 2 28 0 0 \
	612 2 28 0 0 \
	641 2 28 1 0 \
	611 2 28 0 0 \
	670 2 28 0 0 \
	615 2 21 1 0 \
	613 2 14 6 0 \
	616 2 14 6 0 \
	671 2 14 0 0 \
	672 2 21 0 0 \
	680 2 21 0 0 \
	690 2 28 0 0 \
	691 2 21 0 0 \
	692 2 21 1 0 \
	693 1 7 0 0 \
	617 2 14 0 0
 bp 50
 at 127
 df 155
 mi 61
CM
 vp 9
CO
 li use 692
 ar 0 0 0 0 0 0 0 692
 st 1
 us 692
 ue 1
 de 7
 pr 3

68880 char 0
na Harak Ravensblood
il	1 2000 \
	54 138 \
	59440 1 \
	60309 30 \
	61610 1 \
	69771 1 \
	75184 1 \
	99846 92 \
	109469 1
tl	2 60309 969 239 1 0 0 0 \
	2 99846 999 77 1 0 0 0 \
	1 60309 887 150 1 0 0 0 \
	1 99846 907 13 1 0 0 0
LI
 wh 14938
CH
 lo 56309
 pl 56455
 he 100
 lk 2
 lr 2
 sl	600 2 21 0 0 \
	602 2 14 1 0 \
	601 2 14 18 0 \
	610 2 21 21 0 \
	616 2 14 5 0 \
	617 2 14 6 0 \
	612 2 28 1 0 \
	630 2 28 0 0 \
	641 2 28 3 0 \
	615 2 21 3 0 \
	639 2 21 0 0 \
	611 2 28 0 0 \
	730 2 21 0 0 \
	670 2 28 0 0 \
	671 2 14 0 0 \
	672 2 21 4 0 \
	731 2 14 0 0 \
	614 2 14 16 0 \
	732 2 14 4 0 \
	633 2 14 0 0 \
	635 2 28 0 0 \
	733 2 14 1 0 \
	613 2 14 0 0 \
	603 2 14 0 0 \
	700 2 21 0 0 \
	701 2 14 0 0 \
	702 2 14 0 0 \
	703 2 14 0 0
 at 106
 df 206
 mi 67
CM
 vp 4
MI
 ds Greyfell Lord
CO
 li fly w
 ar 0 0 0 0 0 0 0 0
 wa -1
 st 1
 ue 3
 pr 2

133635 char 0
na Gabriel
il	1 10289 \
	54 12
tl	1 99846 961 13 0 0 0 0 \
	1 60309 998 150 0 0 0 0
LI
 wh 58738
CH
 lo 1675
 pl 54936
 he 100
 lk 2
 lr 1
 sl	610 2 21 1 0 \
	611 2 28 0 0 \
	614 2 14 0 0 \
	650 2 28 0 0 \
	654 2 28 73 0 \
	653 2 28 0 0 \
	617 2 14 1 0 \
	652 2 28 0 0 \
	612 2 28 0 0 \
	613 2 14 0 0
 bp 50
 at 80
 df 80
MI
 ds The Annointed One
CO
 li breed 54 54
 ar 54 54 0 0 0 0 0 0
 cs 2
 wa 4
 st 1
 de 2
 pr 3

72548 char 0
na Ripper
il	54 3
LI
 wh 58323
CH
 lo 56309
 pl 100
 he 100
 lk 3
 lr 961
 sl	610 2 21 0 0 \
	611 2 28 0 0 \
	630 2 28 0 0 \
	641 2 28 3 0 \
	616 2 14 4 0 \
	614 2 14 7 0 \
	613 2 14 0 0 \
	612 2 28 0 0 \
	617 2 14 0 0 \
	730 2 21 0 0 \
	732 1 7 0 0
 bp 50
 at 119
 df 119
CM
 hs 1
CO
 li use 614
 ar 0 0 0 0 0 0 0 614
 cs 2
 wa 2
 st 1
 us 614
 ue 2
 de 5
 pr 3

72930 char 0
na Lorenzo The Magnificent
il	1 6349 \
	54 15 \
	282 5 \
	116034 1 \
	143117 1
ad 65133 
LI
 wh 15047
CH
 lo 56309
 pl 100
 he 100
 lk 3
 lr 879
 sl	630 2 28 0 0 \
	610 2 21 7 0 \
	631 2 14 17 0 \
	614 2 14 8 0 \
	612 2 28 1 0 \
	615 2 21 7 0 \
	616 2 14 2 0 \
	634 2 14 0 0 \
	617 2 14 0 0 \
	635 2 28 0 0 \
	632 2 14 0 0 \
	633 2 14 0 0 \
	650 2 28 0 0 \
	654 2 28 126 0 \
	670 2 28 0 0 \
	653 2 28 0 0 \
	655 2 14 0 0 \
	652 2 28 0 0 \
	639 2 21 0 0 \
	641 2 28 1 0 \
	657 2 21 0 0 \
	658 2 21 0 0 \
	661 2 21 4 0 \
	611 2 28 0 0
 at 100
 df 116
 mi 64
CM
 vp 3
MI
 ds Greyfell Lord
CO
 li breed 282 282
 ar 282 282 0 0 0 0 0 0
 cs 2
 wa 2
 st 1
 ue 1
 de 4
 pr 3

5540 char 0
na Ebony Knight
il	54 11
LI
 wh 15242
CH
 lo 56309
 he 100
 lk 2
 lr 2
 sl	610 2 21 7 0 \
	730 2 21 0 0 \
	732 2 14 21 0 \
	733 2 14 10 0 \
	616 2 14 6 0 \
	615 2 21 4 0 \
	617 2 14 1 0 \
	731 2 14 0 0 \
	630 2 28 0 0 \
	612 2 28 1 0 \
	614 2 14 16 0 \
	611 2 28 0 0 \
	639 2 21 0 0 \
	641 2 28 4 0 \
	670 2 28 0 0 \
	671 2 14 0 0 \
	613 2 14 5 0 \
	672 2 21 0 0 \
	635 2 28 0 0 \
	673 2 14 0 0 \
	674 2 21 0 0 \
	634 2 14 0 0 \
	633 2 14 0 0 \
	690 2 28 0 0 \
	691 2 21 0 0 \
	700 2 21 0 0 \
	701 1 7 0 0 \
	702 2 14 0 0
 ra 70
 at 105
 df 151
 mi 74
CM
 hs 1
 pl 71440
MI
 ds Lord Chancellor Greyfell Lord
CO
 li explore
 ar 0 0 0 0 0 0 0 0
 cs 2
 wa 4
 st 1
 ue 1
 de 3
 pr 3

147777 char 0
na Prince Prowler
il	1 200 \
	54 4 \
	282 87
LI
 wh 15249
CH
 lo 56309
 pl 100
 he 100
 lk 3
 lr 10963
 sl	610 2 21 2 0 \
	630 2 28 0 0 \
	641 2 28 1 0 \
	611 2 28 0 0 \
	612 1 12 0 0 \
	680 2 21 0 0
 mo 7796
 bp 50
 at 80
 df 80
CO
 li move w
 ar 0 4 15248 0 0 12 15249 0
 cs 2
 wa 7
 st 1
 ue 1
 de 5
 pr 2

138618 char 0
na Travis Morgan
il	1 335 \
	10 2 \
	11 4 \
	54 3
LI
 wh 58423
CH
 lo 56309
 pl 100
 he 100
 lk 3
 lr 960
 sl	610 2 21 6 0 \
	612 2 28 0 0 \
	630 2 28 0 0 \
	641 2 28 2 0 \
	611 2 28 0 0 \
	614 2 14 0 0 \
	613 2 14 0 0 \
	600 2 21 0 0 \
	601 2 14 0 0 \
	602 1 7 0 0
 bp 50
 at 80
 df 80
CM
 hs 1
MI
 ds The Warlord
CO
 li train 11 5
 ar 11 5 5 4 0 0 0 0
 cs 2
 wa -1
 st 1
 ue 1
 de 4
 po 1
 pr 3

110806 char ni
il	1 853 \
	18 89 \
	20 20 \
	54 23 \
	120575 1
ad 51853 56309 
LI
 wh 16370
CH
 ni 33
 lo 56309
 he -1
 lk 4
 at 60
 df 60
CM
 ot 89673
MI
 ca r
 ds Greyfell Lord
CO
 li fly w
 ar 0 0 0 0 0 0 0 0
 wa -1
 pr 2

64733 char 0
na Chewbacca
il	1 107 \
	10 10 \
	54 3
LI
 wh 16868
CH
 lo 56309
 he 100
 lk 3
 lr 127
 sl	610 2 21 11 0 \
	630 2 28 0 0 \
	730 2 21 0 0 \
	611 2 28 0 0 \
	731 2 14 0 0 \
	732 2 14 0 0 \
	733 2 14 0 0 \
	614 2 14 0 0
 bp 50
 at 80
 df 30
 dt 231 1 6901
MI
 ds Greyfell Lord
CO
 li explore
 ar 0 0 0 0 0 0 0 0
 wa 7
 pr 3

77594 char 0
na Wedge Antillies
il	1 1699 \
	12 60 \
	18 2 \
	54 13 \
	271 14 \
	89673 1 \
	91016 1
LI
 wh 16968
 hl 63636 
CH
 lo 56309
 he 100
 lk 2
 lr 2
 sl	610 2 21 7 0 \
	650 2 28 0 0 \
	655 2 14 4 0 \
	656 2 14 9 0 \
	654 2 28 136 0 \
	652 2 28 0 0 \
	653 2 28 0 0 \
	651 2 21 0 0 \
	630 2 28 0 0 \
	641 2 28 1 0 \
	612 2 28 1 0 \
	611 2 28 0 0 \
	614 2 14 2 0
 bp 50
 at 80
 df 57
 dt 231 1 6901
CM
 vp 2
MI
 ds Greyfell Lord
CO
 li use 614
 ar 0 0 0 0 0 0 0 614
 cs 2
 wa 3
 st 1
 us 614
 ue 1
 de 4
 pr 3

63636 char 0
na Han Solo
il	1 806 \
	21 20 \
	54 3
ah 78059 
LI
 wh 77594
CH
 lo 56309
 he 100
 lk 3
 lr 119
 sl	610 2 21 10 0 \
	612 2 28 1 0 \
	614 2 14 3 0 \
	617 2 14 0 0 \
	615 2 21 3 0 \
	730 2 21 0 0 \
	731 2 14 0 0 \
	732 2 14 0 0 \
	611 2 28 0 0 \
	733 2 14 0 0
 bh 5
 at 80
 df 100
 mi 69
MI
 ds With Blaster Blazing
CO
 li use 615
 ar 0 0 0 0 0 0 0 615
 cs 2
 wa 6
 st 1
 us 615
 ue 1
 de 1
 pr 3

1675 char 0
na Ebony Knight
il	1 2265 \
	22 10 \
	54 15 \
	63856 1 \
	80592 1 \
	90837 1
LI
 wh 61272
CH
 lo 56309
 pl 56297
 he 100
 lk 2
 lr 1
 sl	680 2 21 5 0 \
	682 2 14 18 0 \
	750 2 35 7 0 \
	751 2 28 45 0 \
	752 2 28 5 0 \
	756 2 28 37 0 \
	753 2 21 60 0 \
	755 2 28 0 0 \
	754 2 28 0 0 \
	610 2 21 11 0 \
	720 2 21 0 0 \
	721 2 14 0 0 \
	690 2 28 0 0 \
	692 2 21 3 0 \
	691 2 21 2 0 \
	630 2 28 0 0 \
	639 2 21 0 0 \
	641 2 28 4 0 \
	612 2 28 1 0 \
	615 2 21 1 0 \
	614 2 14 7 0 \
	616 2 14 0 0 \
	681 2 14 0 0 \
	722 2 14 0 0 \
	693 2 21 7 0 \
	613 2 14 0 0 \
	617 2 14 0 0 \
	611 2 28 0 0
 bh 9
 at 80
 df 117
 mi 57
CM
 hs 1
 vp 17
 vi 2592 2881 5301 5877 5949 10238 10278 10284 10340 10439 \
	10571 10574 10577 10581 10587 10772 10878 10985 10992 11073 11075 \
	11077 11089 11186 11192 11284 11288 11383 11489 11586 11695 11791 \
	11793 56806 57553 57893 57915 58014 58738 65119 66180 66992 68621 \
	69220 73898 74672 75018 78095 
MI
 ds Greyfell Lord
CO
 li use 615
 ar 0 0 0 0 0 0 0 615
 cs 2
 wa 4
 st 1
 us 615
 ue 1
 de 3
 pr 3

6448 char 0
na Palidine
il	1 20414 \
	10 24 \
	16 70 \
	18 1008 \
	54 3 \
	79 11 \
	60757 1 \
	128885 42
LI
 wh 20272
CH
 lo 56309
 he 100
 lk 3
 lr 105
 sl	700 2 21 0 0 \
	702 2 14 30 0 \
	680 2 21 2 0 \
	704 2 14 11 0 \
	703 2 14 0 0 \
	682 2 14 20 0 \
	681 2 14 0 0 \
	610 2 21 38 0 \
	616 2 14 9 0 \
	617 2 14 27 0 \
	614 2 14 19 0 \
	612 2 28 1 0 \
	630 2 28 0 0 \
	639 2 21 0 0 \
	641 2 28 1 0 \
	701 2 14 0 0 \
	615 2 21 0 0 \
	635 2 28 0 0 \
	800 2 28 0 0 \
	801 2 14 0 0 \
	802 2 14 0 0 \
	808 2 21 0 0 \
	803 2 14 0 0 \
	804 2 21 0 0 \
	900 2 42 0 0 \
	806 2 21 0 0 \
	807 2 21 0 0 \
	809 2 21 0 0 \
	811 2 21 0 0 \
	812 2 21 0 0 \
	814 1 14 0 0 \
	904 2 21 0 0 \
	906 2 21 0 0 \
	908 2 28 0 0 \
	903 2 21 6 0 \
	905 2 21 0 0 \
	909 2 21 0 0 \
	907 2 21 0 0 \
	813 2 21 0 0 \
	902 2 21 0 0 \
	911 1 0 0 0 \
	611 2 28 0 0
 at 102
 df 191
 mi 50
CM
 im 1
 ma 21
 ca 4
 vp 3
MI
 ds Greyfell Lord
CO
 li use 614
 ar 0 0 0 0 0 0 0 614
 cs 2
 wa 2
 st 1
 us 614
 ue 3
 de 4
 pr 3

71999 char 0
na Tern Warhawk
il	54 1
LI
 wh 24973
CH
 lo 56309
 he 100
 lk 2
 lr 2
 sl	610 2 21 18 0 \
	612 2 28 1 0 \
	616 2 14 4 0 \
	630 2 28 0 0 \
	611 2 28 0 0 \
	614 2 14 7 0 \
	631 2 14 0 0 \
	700 2 21 0 0 \
	641 2 28 1 0 \
	639 2 21 0 0 \
	702 2 14 6 0 \
	617 2 14 3 0
 at 107
 df 124
CM
 hs 1
CO
 li move mt16
 ar 29516 0 0 0 0 0 0 0
 wa -1
 st 1
 ue 2
 pr 2

