56363 player pl_regular
na Northern Viking
il	1 1146
CH
PL
 fn Richard Sykes
 em rsykes@office.geog.uvic.ca
 pw wolf1
 np 1
 ft 96
 so 1
 lt 260
 kn 69 600 601 602 603 610 611 612 614 615 \
	616 617 630 635 636 637 639 641 650 652 653 \
	654 655 657 661 670 671 680 682 690 691 693 \
	695 700 702 703 720 721 722 730 732 733 750 \
	751 752 753 754 755 756 800 801 802 803 804 \
	805 806 807 808 809 811 812 813 814 820 822 \
	824 825 826 827 828 829 831 832 833 840 841 \
	842 844 845 847 848 849 851 880 881 900 901 \
	902 903 906 907 908 911 920 922 2042 2841 4174 \
	4352 5161 5498 5674 5749 6205 6416 6625 7136 8436 9088 \
	9427 9877 11248 11249 11250 11251 11252 11253 11348 11349 11350 \
	11351 11352 11353 11450 11451 11550 11551 11650 11651 11750 11751 \
	11850 11851 11950 11951 11952 11953 12051 12053 12151 12153 12251 \
	12253 12351 12353 12451 12453 12549 12550 12551 12553 12649 12650 \
	12651 12653 12749 12750 12751 12752 12753 12754 12843 12844 12845 \
	12846 12847 12848 12849 12850 12851 12852 12853 12854 12855 12856 \
	12857 12858 12859 12860 12861 12862 12863 12864 12865 12943 12944 \
	12945 12946 12947 12948 12949 12950 12951 12952 12953 12954 12955 \
	12956 12957 12958 12959 12960 12961 12962 12963 12964 12965 12966 \
	12967 12968 13044 13045 13046 13047 13048 13049 13050 13051 13052 \
	13053 13054 13055 13056 13057 13058 13068 13069 13138 13139 13140 \
	13141 13142 13143 13144 13145 13146 13147 13148 13149 13150 13151 \
	13152 13153 13154 13155 13156 13157 13158 13238 13239 13240 13241 \
	13242 13243 13244 13245 13246 13247 13248 13249 13250 13251 13252 \
	13253 13254 13255 13256 13257 13258 13333 13334 13335 13336 13337 \
	13338 13339 13340 13341 13342 13343 13344 13345 13346 13347 13348 \
	13349 13350 13351 13352 13353 13354 13355 13356 13357 13431 13432 \
	13433 13434 13435 13436 13437 13438 13439 13440 13441 13442 13443 \
	13444 13445 13446 13447 13448 13449 13450 13451 13452 13453 13454 \
	13455 13456 13457 13530 13531 13532 13534 13535 13536 13542 13543 \
	13544 13545 13546 13547 13548 13549 13551 13552 13553 13554 13555 \
	13556 13557 13627 13628 13629 13630 13631 13632 13633 13634 13638 \
	13639 13640 13641 13642 13643 13644 13645 13646 13647 13648 13649 \
	13650 13651 13652 13653 13654 13655 13656 13725 13726 13727 13729 \
	13730 13731 13736 13737 13738 13740 13741 13748 13752 13753 13755 \
	13756 13800 13801 13802 13803 13804 13805 13818 13821 13822 13823 \
	13824 13825 13826 13827 13828 13829 13832 13833 13834 13835 13836 \
	13837 13838 13839 13840 13848 13852 13853 13854 13855 13900 13905 \
	13906 13907 13916 13917 13918 13919 13920 13922 13923 13924 13925 \
	13927 13928 13929 13930 13931 13932 13933 13934 13935 13936 13937 \
	13948 13952 13953 13955 14000 14007 14008 14009 14010 14011 14012 \
	14013 14014 14015 14016 14017 14018 14019 14020 14021 14022 14023 \
	14024 14025 14026 14027 14028 14029 14030 14031 14032 14048 14049 \
	14050 14051 14052 14053 14054 14055 14100 14102 14109 14110 14113 \
	14118 14121 14122 14123 14124 14125 14126 14189 14190 14200 14201 \
	14202 14203 14204 14205 14206 14207 14208 14209 14210 14211 14212 \
	14213 14214 14215 14216 14217 14218 14219 14220 14221 14222 14223 \
	14224 14290 14299 14301 14302 14304 14309 14310 14311 14312 14313 \
	14314 14315 14316 14317 14318 14319 14320 14321 14322 14390 14391 \
	14399 14401 14402 14404 14406 14407 14408 14409 14410 14411 14412 \
	14413 14414 14415 14416 14417 14418 14419 14420 14421 14490 14491 \
	14492 14495 14496 14497 14498 14499 14501 14502 14504 14506 14507 \
	14508 14509 14510 14511 14512 14513 14514 14515 14516 14518 14519 \
	14520 14592 14593 14595 14596 14601 14602 14604 14606 14607 14608 \
	14609 14610 14611 14612 14613 14614 14615 14616 14617 14618 14619 \
	14693 14694 14695 14696 14697 14701 14702 14703 14704 14706 14707 \
	14708 14709 14710 14711 14712 14713 14714 14795 14796 14797 14801 \
	14802 14803 14804 14805 14806 14807 14808 14809 14904 14905 14906 \
	14907 20064 21073 21597 22296 22784 23260 23910 24648 25109 25842 \
	26063 26065 26107 26826 26946 26961 27292 28123 28221 28408 29481 \
	31516 31636 31902 32244 32389 34123 34992 36029 37027 37313 37610 \
	37698 38053 38770 39032 39565 40172 41822 43526 43795 43881 45498 \
	46031 46249 46895 47512 47757 49880 57028 57081 57140 57397 57426 \
	57531 57572 57598 57622 57679 57685 57704 57714 57824 57865 58057 \
	58288 58325 58374 58520 58575 58589 58599 58707 59757 59916 60184 \
	60993 61193 61535 62112 62199 62230 62505 62633 63311 63575 63720 \
	64505 64865 65717 66439 66481 67340 67345 67723 69581 69673 70210 \
	70304 70724 71910 72884 73245 73272 75019 75220 75409 76007 76983 \
	77184 77200 77667 89010 138780 139938 
 un 124723 88400 59314 78279 119357 115568 60432 88463 76087 \
	74311 60799 
 uf 113901 83827 92449 148250 87991 
CO
 li accept 0 0
 ar 0 0 0 0 0 0 0 0
 st 1

124723 char 0
na Hoard
il	1 5689 \
	19 8 \
	76 2
LI
 wh 7136
CH
 lo 56363
 he 100
 lk 2
 lr 1
 sl	600 2 21 0 0 \
	601 2 14 9 0 \
	630 2 28 0 0 \
	636 0 0 0 0 \
	641 0 0 0 0
 bp 50
 at 80
 df 80
MI
 ds Infidels Captain
CO
 li research 630
 ar 630 0 0 0 0 0 0 0
 de 7
 pr 3

88400 char 0
na Nevis
il	11 4 \
	16 79 \
	19 8 \
	69 1 \
	278 1 \
	279 1 \
	402 1 \
	116955 1 \
	138780 1
LI
 wh 69673
 hl 59314 
CH
 lo 56363
 he 100
 lk 2
 lr 1
 sl	600 2 21 0 0 \
	601 2 14 19 0 \
	610 2 21 0 0 \
	630 2 28 0 0 \
	612 2 28 0 0 \
	611 2 28 0 0
 bp 50
 at 80
 df 80
MI
 ds Snowmans Captain
CO
 li quest
 ar 0 0 0 0 0 0 0 0
 wa 7
 st 1
 pr 3

59314 char 0
na Glum
il	1 117 \
	22 75 \
	67304 1 \
	137457 1
LI
 wh 88400
CH
 lo 56363
 he 100
 lk 2
 lr 1
 sl	600 2 21 0 0 \
	700 2 21 0 0 \
	702 2 14 21 0 \
	703 2 14 36 0 \
	601 2 14 63 0 \
	610 2 21 21 0 \
	615 2 21 16 0 \
	603 2 14 5 0 \
	617 2 14 28 0 \
	650 2 28 0 0 \
	654 2 28 18 0 \
	655 2 14 8 0 \
	661 2 21 1 0 \
	657 2 21 7 0 \
	611 2 28 0 0 \
	652 2 28 0 0 \
	653 2 28 0 0 \
	612 2 28 0 0
 bh 1
 bp 50
 ra 70
 at 80
 df 80
 mi 82
CM
 vp 1
 pl 76837
MI
 ds Snowmans Sword
CO
 li explore
 ar 0 0 0 0 0 0 0 0
 cs 2
 wa 1
 st 1
 ue 3
 de 6
 pr 3

78279 char 0
na Hammet
il	1 6739 \
	21 8 \
	22 28 \
	73 12 \
	75 158 \
	94 15 \
	69281 1 \
	85977 1 \
	137797 1
tl	2 95 9 7 0 0 0 0 \
	2 94 15 4 0 0 0 0
ah 60432 
LI
 wh 5498
 hl 119357 
CH
 lo 56363
 he 100
 lk 2
 lr 1
 sl	600 2 21 0 0 \
	610 2 21 19 0 \
	615 2 21 35 0 \
	616 2 14 10 0 \
	617 2 14 24 0 \
	820 2 35 0 0 \
	824 2 21 2 0 \
	822 2 21 6 0 \
	825 2 21 6 0 \
	827 2 21 3 0 \
	611 2 28 0 0 \
	800 2 28 0 0 \
	803 2 14 14 0 \
	807 2 21 0 0 \
	831 2 28 1 0 \
	828 2 21 0 0 \
	829 2 21 3 0 \
	833 2 21 0 0 \
	826 2 21 0 0 \
	801 2 14 14 0 \
	832 2 21 0 0 \
	601 2 14 15 0 \
	812 2 21 0 0 \
	814 0 0 0 0 \
	806 2 21 0 0 \
	809 2 21 0 0 \
	811 0 0 0 0 \
	880 2 42 0 0 \
	808 0 0 0 0 \
	881 2 14 1 0 \
	920 2 0 0 0 \
	922 2 28 11 0 \
	612 2 28 0 0 \
	614 2 14 3 0 \
	900 1 28 0 0
 bh 9
 bp 50
 ra 10
 at 105
 df 123
 mi 167
CM
 im 1
 ma 2
 ca 18
 cm 4
 kw 1
 vp 2
 ar 69281
MI
 ds Darkness Captain
CO
 li train 22
 ar 22 0 0 9 0 0 0 0
 st 1
 ue 2
 de 9
 po 1
 pr 3

119357 char 0
na Slice One-Eye
il	10 2 \
	15 6 \
	17 15 \
	20 99 \
	54 22 \
	76 6
LI
 wh 78279
CH
 lo 56363
 he 100
 lk 2
 lr 1
 sl	680 2 21 0 0 \
	682 2 14 10 0 \
	610 2 21 0 0 \
	650 2 28 0 0 \
	654 2 28 2 0 \
	653 1 7 0 0
 bp 50
 at 80
 df 80
MI
 ds Ghosts Hammer
CO
 li breed 54 54
 ar 54 54 0 0 0 0 0 0
 cs 2
 wa 2
 st 1
 ue 1
 de 5
 pr 3

115568 char 0
na Aqualung
il	54 6
LI
 wh 58288
CH
 lo 56363
 he 100
 lk 2
 lr 1
 sl	680 2 21 1 0 \
	650 2 28 0 0 \
	654 2 28 5 0 \
	653 2 28 0 0
 bp 50
 at 80
 df 80
CO
 li breed 54 54
 ar 54 54 0 0 0 0 0 0
 st 1
 de 6
 pr 3

60432 char 0
na Snipe
il	148123 1
tl	2 94 9940 4 0 0 0 0
LI
 wh 58288
CH
 lo 56363
 pl 100
 he 100
 lk 1
 lr 200
 sl	750 2 35 26 0 \
	752 2 28 0 0 \
	753 2 21 4 0 \
	754 2 28 0 0 \
	756 2 28 26 0 \
	751 2 28 3 0 \
	610 2 21 24 0 \
	690 2 28 4 0 \
	693 2 21 11 0 \
	695 2 21 0 0 \
	611 2 28 0 0 \
	691 2 21 2 0 \
	730 2 21 0 0 \
	732 2 14 0 0 \
	733 2 14 0 0
 bh 9
 bp 50
 at 80
 df 80
CM
 vp 9
 vi 7078 
MI
 di 1
 ds Kingdom of Cragstan
CO
 li use 733 148123
 ar 148123 0 0 0 0 0 0 733
 us 733
 ue 1
 de 14
 pr 3

88463 char 0
na Scarn
il	1 1044 \
	10 10 \
	12 60 \
	19 8 \
	82 2
LI
 wh 14708
CH
 lo 56363
 he 100
 lk 1
 lr 50
 sl	600 2 21 0 0 \
	601 2 14 5 0
 bp 50
 at 80
 df 80
CO
 li garrison 5498
 ar 5498 0 0 0 0 0 0 0
 st 1
 de 1
 pr 3

76087 char 0
na Sagger Mord
il	1 200 \
	84 1 \
	95 3 \
	98 1 \
	61080 1
ah 6968 60342 60432 
LI
 wh 2841
 hl 6968 
CH
 lo 56363
 he 100
 lk 2
 lr 2
 sl	900 2 42 0 0 \
	903 2 21 0 0 \
	901 2 28 0 0 \
	800 2 28 0 0 \
	610 2 21 35 0 \
	911 2 21 0 0 \
	616 2 14 24 0 \
	803 2 14 13 0 \
	612 2 28 1 0 \
	906 2 21 0 0 \
	805 2 14 0 0 \
	611 2 28 0 0 \
	801 2 14 0 0 \
	804 2 21 0 0 \
	617 2 14 17 0 \
	907 2 21 0 0 \
	802 2 14 0 0 \
	908 2 28 0 0 \
	615 2 21 6 0 \
	902 2 21 1 0 \
	614 2 14 2 0 \
	840 2 35 0 0 \
	630 2 28 0 0 \
	841 2 21 1 0 \
	670 2 28 0 0 \
	671 2 14 1 0 \
	844 0 0 0 0
 bh 1
 at 124
 df 106
 mi 84
CM
 im 1
 ma 16
 ca 16
 vp 5
MI
 ds Snowmans Hammer
CO
 li research 840
 ar 840 0 0 0 0 0 0 0
 cs 2
 wa 6
 st 1
 ue 1
 de 1
 pr 3

74311 char 0
na Bobo Wolfson
il	1 28 \
	24 8 \
	76133 1
an 8589 
LI
 wh 57397
CH
 lo 56363
 he 100
 lk 2
 lr 1
 sl	600 2 21 0 0 \
	601 2 14 54 0 \
	730 2 21 0 0 \
	733 2 14 1 0 \
	610 2 21 4 0 \
	616 2 14 2 0 \
	630 2 28 0 0 \
	636 2 14 0 0 \
	641 2 28 0 0 \
	611 2 28 0 0 \
	612 2 28 0 0 \
	732 2 14 1 0
 bp 50
 at 92
 df 80
MI
 ds Ghosts Captain
CO
 li move h37
 ar 57397 7 57397 0 0 1 14708 0
 st 1
 ue 1
 de 1
 pr 2

60799 char 0
na Wraith
il	1 26 \
	54 4 \
	69 1
LI
 wh 41822
CH
 lo 56363
 he 100
 lk 2
 lr 1
 sl	600 2 21 0 0 \
	601 2 14 11 0 \
	630 2 28 0 0 \
	641 2 28 1 0 \
	639 2 21 0 0 \
	610 2 21 4 0 \
	612 2 28 0 0 \
	617 2 14 0 0 \
	700 2 21 0 0 \
	616 2 14 2 0 \
	703 2 14 2 0 \
	611 2 28 0 0
 mo 7800
 bp 50
 at 80
 df 80
CM
 hs 1
MI
 ds Darkness Captain
CO
 li fly e
 ar 0 2 46393 0 0 4 41822 0
 cs 2
 wa 3
 st 1
 ue 1
 de 1
 pr 2

