56406 player pl_regular
na Shattered Black Rose
il	1 1224
CH
PL
 fn Jesper Hansson
 em graeme.anderson@optimay.com
 ve jesper.hansson@emw.ericsson.se
 pw tintin@0330
 np 20
 ft 49
 nt 1
 so 1
 lt 260
 kn 69 600 601 602 610 611 612 613 614 615 \
	616 617 630 634 635 641 650 652 653 654 655 \
	656 657 661 670 671 672 680 681 682 690 691 \
	692 693 695 700 701 702 703 704 720 721 722 \
	723 730 731 732 733 750 751 752 753 754 755 \
	756 800 801 802 803 804 805 806 807 808 860 \
	861 862 863 864 865 866 867 868 869 871 872 \
	900 901 902 903 904 905 906 907 908 909 911 \
	1771 2804 3575 3799 3831 6655 7599 10366 10367 10368 10369 \
	10370 10371 10466 10471 10558 10559 10566 10571 10654 10655 10656 \
	10657 10658 10659 10660 10661 10662 10663 10664 10665 10666 10667 \
	10668 10671 10755 10756 10758 10759 10760 10761 10762 10768 10769 \
	10770 10771 10772 10773 10854 10855 10856 10857 10858 10859 10871 \
	10872 10873 10954 10955 10956 10957 10959 10973 10974 10975 10976 \
	10977 11055 11056 11057 11058 11059 11075 11077 11078 11152 11153 \
	11154 11155 11159 11175 11178 11252 11259 11260 11261 11262 11263 \
	11264 11265 11266 11267 11268 11269 11270 11271 11275 11276 11277 \
	11278 11279 11280 11281 11352 11359 11360 11361 11362 11363 11364 \
	11365 11366 11367 11368 11369 11370 11371 11381 11452 11459 11471 \
	11481 11552 11559 11571 11581 11652 11659 11671 11681 11752 11753 \
	11754 11755 11756 11757 11758 11759 11771 11772 11773 11781 11859 \
	11871 11872 11873 11874 11875 11876 11877 11878 11879 11880 11881 \
	11959 11971 11972 11981 12045 12046 12047 12048 12049 12050 12051 \
	12052 12053 12054 12055 12056 12057 12058 12059 12060 12061 12062 \
	12063 12064 12065 12066 12067 12068 12069 12070 12071 12072 12075 \
	12131 12145 12172 12175 12245 12275 12345 12375 12376 12377 12378 \
	12379 12380 12381 12382 12383 12384 12385 12386 12387 12388 12389 \
	12445 12488 12529 12530 12545 12588 12629 12630 12634 12645 12714 \
	12715 12716 12717 12718 12719 12720 12721 12722 12723 12724 12725 \
	12726 12727 12728 12729 12730 12733 12734 12745 12814 12827 12833 \
	12834 12845 12914 12927 12929 12930 12931 12932 12933 12934 12935 \
	12936 13013 13014 13026 13027 13028 13029 13030 13031 13032 13033 \
	13034 13113 13120 13121 13122 13123 13124 13125 13126 13127 13128 \
	13129 13130 13131 13132 13133 13134 13229 13329 13330 13331 13431 \
	13531 13631 13731 13732 13733 13734 13735 13736 13737 13738 13739 \
	13839 13939 14039 14139 14239 14339 14439 14440 14441 14442 14542 \
	14543 14544 14545 14546 14646 14647 14648 14649 14650 14651 14652 \
	14653 14654 14754 14854 14954 15054 15154 15254 15354 15355 15356 \
	15357 15358 15359 15360 15361 15362 15363 15364 15464 15466 15564 \
	15566 15664 15666 15764 15766 15767 15864 15866 15867 15964 15965 \
	15966 15967 15968 16064 16065 16066 16067 16068 16162 16163 16164 \
	16165 16166 16167 16168 16169 16170 16171 16260 16261 16262 16263 \
	16264 16265 16266 16267 16268 16269 16270 16271 16360 16361 16362 \
	16363 16364 16365 16366 16367 16368 16369 16370 16371 16372 16373 \
	16458 16459 16460 16462 16463 16464 16465 16466 16467 16468 16469 \
	16470 16471 16472 16473 16555 16556 16557 16558 16559 16560 16561 \
	16562 16563 16564 16565 16566 16567 16568 16569 16570 16657 16658 \
	16659 16664 16665 16666 16667 16668 16669 16670 16754 16755 16756 \
	16757 16758 16764 16765 16766 16767 16769 16770 16771 16845 16846 \
	16847 16848 16849 16850 16851 16852 16853 16854 16855 16856 16857 \
	16858 16864 16865 16866 16867 16868 16869 16870 16871 16950 16962 \
	16963 16964 16965 16966 16967 16968 16969 16970 17050 17051 17052 \
	17053 17054 17055 17056 17057 17058 17059 17060 17061 17062 17063 \
	17064 17065 17069 17070 17164 17165 17264 17265 17338 17363 17364 \
	17365 17438 17463 17464 17465 17466 17538 17563 17564 17565 17636 \
	17637 17638 17663 17664 17690 17738 17762 17763 17790 17851 17852 \
	17853 17854 17855 17856 17857 17858 17859 17860 17861 17862 17890 \
	17951 17990 18051 18090 18151 18180 18189 18190 18251 18279 18280 \
	18288 18289 18351 18379 18388 18389 18451 18479 18480 18481 18482 \
	18485 18486 18487 18488 18489 18551 18579 18582 18583 18584 18585 \
	18588 18589 18651 18688 18689 18751 18788 18789 18851 18888 18889 \
	18951 18988 18989 19051 19151 19251 19351 19451 19551 20180 20373 \
	20766 21178 21280 21523 21773 22133 22198 22486 22947 23075 23171 \
	23944 24162 24192 24312 24477 25276 25471 26487 28010 28312 30700 \
	30760 31600 31710 32726 32803 33126 33969 34324 34853 35288 35752 \
	36608 36654 37727 38743 39889 39952 40314 40895 40972 41214 41264 \
	41386 41502 41856 42367 42435 42637 42793 43041 43441 43854 43960 \
	44458 44744 45016 45112 45311 45418 46252 46335 46570 46812 46954 \
	47219 47420 47600 48422 48610 48882 49216 56762 56814 56938 56949 \
	57143 57264 57330 57380 57489 57544 57553 57570 57652 57658 57842 \
	57849 57896 57934 58031 58165 58278 58307 58335 58338 58350 58364 \
	58462 58541 58590 58600 58670 59168 59688 60374 60532 60805 60838 \
	61099 61153 61214 62123 62346 62419 62565 62655 63378 63796 63887 \
	63901 64576 64664 64739 65161 65274 65358 66179 66380 66705 66854 \
	66935 67083 67355 67584 67802 68104 68283 68462 68537 68763 69212 \
	69883 69943 70009 70171 70229 70971 71496 71599 71678 71887 72165 \
	72595 73313 74094 74587 74666 75095 75420 75481 75620 76938 77099 \
	77143 77582 78795 82582 82880 133092 
 un 131313 6242 63668 9918 
 uf 81894 108511 109199 120503 142692 
 am 3575 0 56183 
 am 5277 0 51167 51454 51478 52468 52606 53436 54636 \
	55184 55374 55526 55749 56136 56183 56406 56542 55713 54524 
 am 6242 0 51167 51454 51478 52468 52606 53436 54636 \
	55184 55374 55526 55749 56136 56183 56406 56542 55713 54524 
 am 8116 0 51167 51454 51478 52468 52606 53436 54636 \
	55184 55374 55526 55749 56136 56183 56406 56542 55713 54524 
 am 9918 0 51167 51454 51478 52468 52606 53436 54636 \
	55184 55374 55526 55749 56136 56183 56406 56542 55713 54524 
 am 56406 0 51167 56183 50106 55976 51176 56754 
 am 59168 0 50106 53436 56183 55749 
 am 63978 0 51167 51454 51478 52468 52606 53436 54636 \
	55184 55374 55526 55749 56136 56183 56406 56542 55713 54524 
 am 82880 0 50106 51167 56183 84697 3304 80343 84953 
 am 133092 0 50106 50765 51167 51176 51305 51516 51896 \
	53436 56183 56406 56754 55749 
CO
 li accept 0 0
 ar 0 0 0 0 0 0 0 0
 st 1

131313 char 0
na Major Sinnlos
il	1 15906 \
	54 12 \
	72 1
LI
 wh 59168
CH
 lo 56406
 he 100
 lk 3
 lr 102
 sl	610 2 21 3 0 \
	750 2 35 6 0 \
	751 2 28 26 0 \
	753 2 21 23 0 \
	754 2 28 5 0 \
	756 2 28 27 0 \
	630 2 28 0 0 \
	612 2 28 1 0 \
	752 2 28 0 0 \
	755 2 28 0 0
 at 80
 df 80
CM
 pr 1
 vp 27
 vi 2210 3750 3780 4812 4847 5009 6599 6905 7441 9625 \
	56937 57140 57294 57352 57494 57572 57689 57748 58269 58493 58706 \
	59710 65502 67318 78017 116526 125333 128535 128635 
CO
 li use 751 7478
 ar 751 7478 0 0 0 0 0 0
 wa -1
 st 1
 ue 4
 po 1
 pr 3

6242 char 0
na Commander Drak Frish
il	1 523 \
	54 1 \
	285 30
LI
 wh 12172
CH
 lo 56406
 he 100
 lk 2
 lr 1
 sl	600 2 21 0 0 \
	730 2 21 0 0 \
	732 2 14 0 0 \
	610 2 21 5 0 \
	650 2 28 0 0 \
	655 2 14 41 0 \
	656 2 14 20 0 \
	657 2 21 8 0 \
	654 2 28 93 0 \
	653 2 28 0 0 \
	733 2 14 0 0 \
	611 2 28 0 0 \
	612 2 28 1 0 \
	602 2 14 1 0 \
	601 2 14 7 0
 mo 7799
 at 80
 df 80
CM
 vp 7
CO
 li fly s
 ar 0 3 12272 0 0 6 12172 0
 cs 2
 wa 4
 st 1
 ue 1
 de 2
 pr 2

63668 char 0
na Lord Melchet
il	1 9875 \
	54 4
tl	2 68208 958 87 1 0 0 0
LI
 wh 12845
CH
 lo 56406
 pl 100
 he 100
 lk 3
 lr 26
 sl	610 2 21 2 0 \
	630 2 28 0 0 \
	730 2 21 0 0 \
	732 2 14 7 0 \
	733 2 14 6 0 \
	641 2 28 3 0 \
	612 2 28 1 0 \
	700 2 21 0 0 \
	702 2 14 4 0 \
	703 2 14 0 0 \
	731 2 14 0 0 \
	704 2 14 0 0 \
	701 2 14 0 0 \
	670 2 28 0 0 \
	672 2 21 0 0 \
	611 2 28 0 0 \
	900 2 42 0 0 \
	909 2 21 0 0 \
	907 0 0 0 0 \
	904 0 0 0 0 \
	905 0 0 0 0 \
	908 0 0 0 0 \
	911 2 21 0 0 \
	906 0 0 0 0 \
	635 2 28 0 0
 mo 7799
 at 80
 df 30
 dt 153 5 4565
CM
 im 1
 ma 3
 ca 3
 hs 1
 vp 1
 pl 8611
CO
 li fly s
 ar 0 3 12945 0 0 3 12845 0
 cs 2
 wa 1
 st 1
 ue 1
 de 2
 pr 2

9918 char 0
na General Khazaral
il	1 739 \
	52 3 \
	54 38 \
	69 1 \
	84 2
LI
 wh 48882
CH
 lo 56406
 he 100
 lk 2
 lr 2
 sl	800 2 28 0 0 \
	801 2 14 1 0 \
	802 2 14 24 0 \
	860 2 35 0 0 \
	805 2 14 0 0 \
	861 2 14 0 0 \
	862 2 14 11 0 \
	803 2 14 6 0 \
	804 2 21 0 0 \
	865 2 14 0 0 \
	872 2 21 0 0 \
	871 2 21 4 0 \
	863 2 14 0 0 \
	867 2 21 0 0 \
	866 2 14 0 0 \
	868 2 21 0 0 \
	807 2 21 4 0 \
	806 2 21 8 0 \
	808 2 21 0 0 \
	864 2 14 0 0 \
	869 2 14 0 0 \
	630 2 28 0 0 \
	610 2 21 1 0 \
	900 2 42 0 0 \
	902 2 21 0 0 \
	903 2 21 3 0 \
	641 2 28 5 0 \
	904 2 21 0 0 \
	905 2 21 1 0 \
	906 2 21 0 0 \
	907 2 21 0 0 \
	908 2 28 0 0 \
	901 2 28 0 0 \
	612 2 28 1 0 \
	615 2 21 0 0 \
	614 2 14 1 0 \
	613 2 14 0 0 \
	911 2 21 0 0 \
	909 2 21 0 0 \
	635 2 28 0 0
 at 80
 df 88
 mi 50
CM
 im 1
 ma 32
 ca 8
 hs 1
CO
 li explore b797
 ar 60797 0 0 0 0 0 0 0
 cs 2
 wa 6
 st 1
 ue 2
 de 1
 pr 3

