56542 player pl_regular
na Knights of Armageddon
il	1 1950
an 51454 51478 52468 52606 53436 54636 55184 55749 56136 \
	56406 56542 
CH
PL
 fn Stijn fransen
 em sfransen@hotmail.com
 pw Iamthelord
 np 35
 ft 52
 nt 1
 lt 184
 kn 69 600 601 602 610 611 612 613 615 616 \
	617 630 631 632 633 635 636 637 639 641 650 \
	652 653 654 655 656 670 700 702 703 704 730 \
	731 732 733 800 801 802 803 804 1029 1582 7170 \
	8542 15972 16058 16059 16060 16061 16062 16063 16067 16069 16070 \
	16071 16072 16144 16160 16161 16162 16163 16164 16165 16166 16167 \
	16168 16169 16170 16171 16172 16173 16244 16260 16261 16262 16266 \
	16267 16268 16269 16270 16271 16272 16273 16344 16360 16361 16362 \
	16366 16367 16369 16370 16371 16372 16444 16454 16455 16456 16457 \
	16458 16459 16460 16461 16462 16463 16464 16465 16466 16467 16468 \
	16469 16470 16471 16472 16473 16474 16542 16543 16544 16554 16559 \
	16560 16561 16562 16563 16564 16565 16566 16567 16568 16569 16570 \
	16571 16572 16573 16574 16575 16642 16644 16654 16661 16662 16663 \
	16664 16665 16666 16667 16668 16669 16670 16671 16672 16673 16674 \
	16675 16676 16677 16678 16742 16744 16751 16754 16755 16756 16757 \
	16760 16761 16762 16763 16764 16765 16766 16767 16768 16769 16770 \
	16771 16774 16841 16842 16844 16850 16851 16854 16855 16857 16860 \
	16861 16862 16863 16864 16865 16866 16867 16868 16869 16870 16871 \
	16874 16941 16944 16945 16946 16947 16948 16949 16950 16951 16952 \
	16953 16954 16955 16956 16957 16958 16959 16960 16961 16962 16963 \
	16964 16965 16966 16967 16968 16969 16970 16971 16972 16973 16974 \
	16979 16980 16981 16982 17041 17045 17046 17047 17048 17049 17050 \
	17051 17052 17053 17054 17055 17056 17057 17058 17059 17060 17061 \
	17062 17063 17064 17065 17066 17067 17068 17069 17070 17071 17072 \
	17077 17078 17079 17080 17141 17146 17150 17151 17152 17153 17154 \
	17155 17156 17157 17158 17159 17160 17161 17162 17163 17164 17165 \
	17166 17167 17168 17169 17170 17171 17172 17173 17174 17175 17176 \
	17177 17178 17241 17246 17253 17254 17255 17256 17257 17258 17259 \
	17260 17261 17262 17263 17264 17265 17266 17267 17268 17269 17270 \
	17271 17272 17273 17274 17276 17277 17346 17348 17349 17350 17351 \
	17352 17353 17354 17355 17356 17357 17358 17359 17360 17361 17362 \
	17363 17364 17365 17366 17367 17368 17369 17370 17371 17372 17373 \
	17374 17376 17446 17447 17448 17449 17451 17454 17455 17456 17457 \
	17461 17462 17463 17464 17465 17466 17467 17468 17469 17470 17471 \
	17472 17473 17474 17475 17476 17546 17549 17551 17554 17555 17556 \
	17557 17558 17561 17562 17563 17564 17565 17566 17567 17568 17569 \
	17570 17571 17572 17573 17574 17575 17576 17646 17647 17648 17649 \
	17650 17651 17654 17655 17658 17659 17660 17661 17662 17663 17664 \
	17665 17666 17667 17668 17669 17670 17671 17672 17675 17676 17746 \
	17749 17754 17755 17756 17757 17758 17759 17760 17761 17762 17763 \
	17764 17765 17766 17767 17768 17769 17770 17771 17772 17849 17854 \
	17855 17856 17857 17861 17862 17863 17864 17865 17866 17867 17868 \
	17869 17870 17871 17872 17873 17874 17961 17962 17963 17964 17965 \
	17966 17967 17968 17969 17970 17971 17972 17973 17974 18061 18062 \
	18063 18064 18065 18066 18067 18068 18069 18070 18073 18074 18075 \
	18076 18162 18163 18164 18165 18166 18167 18169 18170 18173 18174 \
	18175 18176 18262 18263 18264 18266 18267 18269 18270 18271 18272 \
	18273 18274 18275 18276 18277 18369 18371 18372 18373 18374 18375 \
	18376 18377 18469 18470 18471 18472 18473 18474 18571 18572 18573 \
	18574 18671 18672 18673 23445 29035 33261 42630 42758 56768 56782 \
	56949 56959 57012 57030 57061 57133 57143 57190 57195 57371 57401 \
	57430 57544 57652 57842 57855 57933 57957 57958 58056 58106 58251 \
	58335 58338 58380 58493 58600 58666 58670 58693 59517 59651 59691 \
	60314 60615 61201 61525 61803 61830 62042 62649 63252 64945 65088 \
	65264 65396 65758 66127 67570 68115 68465 68573 69193 69212 69446 \
	72504 72591 74207 74254 74322 75090 75446 76139 76615 76948 77347 \
	77706 77786 77983 78050 78454 78719 93802 
 uf 84464 88148 108094 86209 110855 
 am 2748 0 52468 51478 56542 56136 52606 55184 54636 \
	51454 53436 55749 56406 
 am 2928 0 52468 51478 56542 56136 52606 55184 54636 \
	51454 53436 55749 56406 
 am 3050 0 52468 51478 56542 56136 52606 55184 54636 \
	51454 53436 55749 56406 
 am 3831 0 52468 51478 56542 56136 52606 55184 54636 \
	51454 53436 55749 56406 
 am 3839 0 52468 51478 56542 56136 52606 55184 54636 \
	51454 53436 55749 56406 
 am 3961 0 52468 51478 56542 56136 52606 55184 54636 \
	51454 53436 55749 56406 
 am 4401 0 51167 51454 51478 52468 52606 53436 54636 \
	55184 55374 55526 55749 56406 56542 56183 51632 
 am 7473 0 52468 51478 56542 56136 52606 55184 54636 \
	51454 53436 55749 56406 
 am 8516 0 52468 51478 56542 56136 52606 55184 54636 \
	51454 53436 55749 56406 
 am 8693 0 51478 56542 56136 52606 54636 51454 53436 \
	55749 56406 
 am 9120 0 52468 51478 56542 56136 52606 55184 54636 \
	51454 53436 55749 56406 
 am 9269 0 51478 56542 56136 52606 54636 51454 53436 \
	55749 56406 
 am 9600 0 51478 56542 56136 52606 54636 51454 53436 \
	55749 56406 
 am 59537 0 51167 51454 51478 52468 52606 53436 54636 \
	55184 55374 55526 55749 56406 56542 56183 51632 
 am 63710 0 55749 56406 
 am 64945 0 55749 56406 
 am 72504 1 
 am 72654 0 55749 56406 
 am 73104 0 55749 56406 
 am 74254 0 55749 56406 
 am 74324 0 55749 56406 
CO
 li accept 0 0
 ar 0 0 0 0 0 0 0 0
 st 1

