56746 player pl_regular
na Bain Sidhe
il	1 987 \
	77 50
an 56746 
CH
PL
 fn Neal Phillippi
 em dakafalb@hotmail.com,NGPhillippi@msn.com
 ve NGPhillippi@msn.com
 pw blarney & beer
 np 4
 ft 23
 so 1
 lt 260
 kn 69 600 601 602 603 610 611 612 613 614 \
	615 616 617 630 631 632 633 634 635 636 637 \
	639 641 650 651 652 653 654 655 656 657 658 \
	661 670 671 672 673 674 680 681 682 690 691 \
	692 693 700 701 702 703 704 705 720 721 722 \
	723 730 731 732 733 750 751 752 753 754 755 \
	756 800 801 802 803 804 805 806 807 808 809 \
	811 812 813 814 820 821 822 823 824 825 826 \
	827 828 829 831 832 833 840 841 842 843 844 \
	845 846 847 848 849 851 852 860 861 862 863 \
	864 865 866 867 868 869 871 872 900 901 902 \
	903 904 905 906 907 908 909 911 1585 1685 1856 \
	2068 2391 2468 2551 3084 3225 4681 5346 5520 5532 5895 \
	6160 6461 7685 9549 13859 13860 13861 13862 13863 13864 13865 \
	13866 13867 13868 13869 13870 13871 13958 13959 13960 13961 13962 \
	13963 13964 13965 13966 13967 13968 13969 13970 13971 13972 13973 \
	14060 14061 14062 14070 14071 14072 14073 14074 14075 14156 14157 \
	14158 14159 14160 14161 14162 14163 14164 14165 14166 14167 14168 \
	14169 14170 14171 14172 14173 14174 14175 14254 14255 14256 14257 \
	14258 14259 14260 14261 14262 14263 14264 14265 14266 14267 14268 \
	14269 14270 14271 14272 14273 14274 14275 14353 14354 14360 14361 \
	14362 14363 14364 14365 14366 14367 14368 14369 14370 14371 14372 \
	14373 14374 14375 14461 14462 14463 14464 14465 14466 14467 14468 \
	14469 14470 14471 14472 14473 14475 14476 14557 14558 14559 14560 \
	14561 14562 14563 14564 14565 14566 14567 14568 14569 14570 14571 \
	14572 14573 14574 14575 14576 14661 14662 14663 14664 14665 14666 \
	14667 14668 14669 14670 14671 14672 14675 14676 14761 14762 14763 \
	14764 14765 14766 14767 14768 14769 14770 14771 14772 14773 14775 \
	14776 14861 14863 14864 14866 14867 14868 14869 14870 14871 14872 \
	14873 14875 14876 14877 14961 14962 14963 14964 14965 14966 14967 \
	14968 14969 14970 14971 14972 14973 14974 14975 14976 14977 15061 \
	15062 15063 15064 15065 15066 15067 15068 15069 15070 15071 15072 \
	15073 15074 15075 15076 15077 15078 15161 15162 15163 15164 15165 \
	15166 15167 15168 15169 15170 15171 15172 15173 15174 15175 15176 \
	15177 15178 15179 15180 15261 15262 15263 15264 15265 15266 15267 \
	15268 15269 15270 15271 15272 15273 15274 15275 15276 15277 15278 \
	15279 15280 15360 15361 15362 15363 15364 15365 15366 15367 15368 \
	15369 15370 15371 15372 15373 15374 15375 15376 15377 15378 15379 \
	15380 15381 15382 15460 15461 15462 15463 15464 15465 15466 15467 \
	15468 15469 15470 15471 15472 15473 15474 15475 15476 15477 15478 \
	15479 15482 15560 15561 15562 15563 15564 15565 15566 15567 15568 \
	15569 15570 15571 15572 15573 15574 15575 15576 15577 15578 15579 \
	15580 15581 15582 15583 15584 15585 15586 15587 15660 15661 15662 \
	15663 15664 15666 15668 15669 15670 15671 15672 15673 15674 15675 \
	15676 15677 15678 15679 15682 15687 15761 15763 15764 15765 15766 \
	15767 15768 15769 15770 15771 15772 15773 15774 15775 15776 15777 \
	15778 15779 15780 15781 15782 15785 15786 15787 15861 15863 15864 \
	15865 15866 15867 15868 15869 15870 15871 15872 15873 15874 15875 \
	15876 15877 15878 15879 15880 15881 15882 15883 15884 15885 15886 \
	15961 15963 15964 15966 15967 15968 15969 15970 15971 15972 15973 \
	15974 15975 15976 15977 15978 15979 15980 15981 15982 15983 15984 \
	15985 15986 16061 16063 16064 16066 16067 16068 16069 16070 16071 \
	16072 16073 16074 16075 16076 16077 16078 16079 16080 16081 16082 \
	16083 16161 16163 16164 16165 16166 16167 16168 16169 16170 16171 \
	16172 16173 16174 16175 16176 16177 16178 16179 16180 16181 16182 \
	16183 16261 16264 16265 16266 16267 16268 16269 16270 16271 16272 \
	16273 16274 16275 16276 16277 16278 16279 16282 16283 16361 16364 \
	16365 16366 16367 16368 16369 16370 16371 16372 16373 16374 16375 \
	16376 16377 16378 16379 16382 16383 16384 16461 16464 16465 16466 \
	16467 16468 16469 16470 16471 16472 16473 16474 16475 16476 16477 \
	16478 16479 16480 16481 16482 16483 16484 16561 16562 16563 16564 \
	16565 16566 16567 16568 16569 16570 16571 16572 16573 16574 16575 \
	16576 16577 16578 16579 16580 16581 16665 16668 16669 16670 16671 \
	16672 16673 16674 16675 16676 16677 16678 16679 16680 16681 16682 \
	16683 16684 16765 16768 16769 16770 16771 16772 16773 16774 16775 \
	16776 16777 16778 16779 16781 16865 16868 16869 16870 16871 16872 \
	16873 16874 16876 16881 16965 16966 16967 16968 16969 16970 16971 \
	16973 16974 16975 16976 16981 17070 17081 17170 17181 17270 17283 \
	17284 17285 17286 17287 17288 17289 17290 17291 17292 17293 17370 \
	17383 17384 17385 17386 17387 17388 17389 17390 17391 17392 17393 \
	17394 17395 17396 17397 17470 17471 17472 17473 17474 17475 17476 \
	17489 17490 17491 17492 17493 17494 17495 17496 17497 17570 17571 \
	17572 17573 17574 17575 17576 17579 17580 17581 17582 17583 17584 \
	17585 17586 17587 17589 17590 17591 17592 17593 17594 17595 17596 \
	17670 17671 17672 17673 17674 17675 17676 17677 17678 17679 17687 \
	17688 17689 17690 17691 17692 17693 17694 17695 17696 17708 17709 \
	17710 17711 17712 17713 17714 17715 17716 17770 17771 17772 17773 \
	17774 17775 17776 17788 17789 17790 17791 17792 17793 17794 17795 \
	17800 17801 17802 17804 17805 17806 17807 17808 17870 17871 17872 \
	17873 17874 17875 17876 17895 17896 17897 17898 17899 17901 17902 \
	17903 17904 17970 17971 20187 20210 20265 20268 20326 20550 20560 \
	20586 20647 20687 20697 20705 20714 20718 20750 20780 20812 20834 \
	20846 20848 20895 20910 20960 20971 20981 21044 21072 21083 21177 \
	21199 21229 21231 21291 21402 21457 21495 21533 21721 21739 21780 \
	21817 21923 21987 21992 22016 22170 22185 22200 22227 22273 22291 \
	22320 22357 22373 22376 22433 22461 22492 22503 22538 22683 22687 \
	22799 22822 22825 22882 22933 22948 23006 23039 23041 23197 23219 \
	23220 23227 23268 23269 23300 23331 23333 23362 23593 23636 23640 \
	23763 23841 23856 23908 23933 23996 24030 24035 24108 24146 24154 \
	24179 24247 24282 24402 24431 24443 24466 24607 24670 24697 24698 \
	24794 24820 24907 24917 24973 24994 25024 25104 25119 25178 25314 \
	25332 25340 25353 25460 25473 25522 25558 25568 25635 25690 25723 \
	25820 25974 25979 25991 25992 26009 26112 26136 26139 26148 26185 \
	26246 26269 26278 26284 26328 26352 26365 26398 26467 26536 26554 \
	26566 26604 26731 26788 26848 26874 26892 26949 26952 26960 27086 \
	27092 27202 27290 27354 27399 27402 27502 27583 27652 27800 27865 \
	27866 27902 27916 27927 27940 27976 28016 28020 28049 28058 28105 \
	28157 28198 28203 28236 28298 28339 28342 28389 28425 28430 28452 \
	28483 28495 28505 28538 28542 28610 28637 28716 28740 28747 28979 \
	29063 29186 29191 29251 29264 29282 29342 29367 29373 29449 29500 \
	29501 29502 29539 29579 29583 29672 29728 29768 29849 30026 30035 \
	30167 30182 30340 30542 30608 30631 30654 30844 30865 30867 30927 \
	30982 31012 31014 31100 31119 31162 31347 31349 31495 31551 31577 \
	31680 31703 31709 31720 31733 31818 31822 31834 31840 31870 31884 \
	31896 32019 32032 32151 32165 32171 32243 32328 32346 32354 32364 \
	32656 32675 32712 32741 32756 32780 32794 32800 32801 32885 32920 \
	32929 32956 33040 33093 33106 33180 33190 33314 33346 33377 33382 \
	33435 33452 33473 33484 33510 33551 33597 33626 33697 33726 33859 \
	33911 33923 33945 33971 33982 34009 34015 34019 34060 34074 34103 \
	34131 34245 34252 34260 34289 34410 34412 34491 34550 34761 34840 \
	34909 34912 34926 35019 35135 35171 35206 35302 35349 35431 35475 \
	35494 35601 35610 35810 35848 35858 35874 35899 35900 35917 35930 \
	35977 35999 36001 36019 36097 36218 36221 36242 36336 36400 36468 \
	36479 36537 36624 36668 36674 36690 36746 36779 36914 36936 37012 \
	37109 37223 37292 37360 37364 37367 37390 37423 37440 37449 37452 \
	37510 37527 37538 37549 37682 37765 37767 37769 37830 37837 37888 \
	38037 38100 38136 38235 38257 38271 38284 38322 38355 38411 38454 \
	38459 38529 38583 38631 38649 38850 38871 39042 39060 39076 39177 \
	39199 39205 39213 39349 39420 39547 39608 39627 39653 39685 39729 \
	39756 39812 39846 39876 39884 39919 39978 39993 40101 40122 40141 \
	40186 40446 40531 40560 40601 40669 40729 40730 40828 40842 40855 \
	40881 40966 41001 41072 41089 41132 41191 41199 41260 41278 41314 \
	41322 41370 41380 41391 41417 41505 41506 41514 41549 41571 41693 \
	41803 41819 41845 41974 41979 41997 42018 42019 42034 42043 42067 \
	42083 42109 42174 42225 42358 42362 42380 42392 42420 42443 42503 \
	42524 42574 42579 42588 42597 42648 42792 42798 42864 42870 42975 \
	42981 43015 43056 43088 43232 43243 43276 43277 43313 43319 43322 \
	43446 43467 43490 43520 43579 43619 43628 43690 43707 43743 43769 \
	43832 43946 44052 44094 44146 44182 44232 44238 44272 44281 44286 \
	44301 44334 44427 44433 44454 44463 44549 44550 44572 44573 44612 \
	44617 44632 44741 44770 44792 44822 44944 44985 45072 45179 45269 \
	45355 45464 45466 45542 45573 45575 45616 45646 45693 45759 45877 \
	45906 45982 46119 46164 46170 46193 46239 46317 46340 46347 46387 \
	46419 46462 46478 46507 46509 46581 46598 46758 46820 46882 47061 \
	47141 47215 47289 47309 47315 47332 47392 47465 47514 47633 47650 \
	47661 47698 47784 47854 47858 47907 48023 48037 48051 48089 48106 \
	48131 48141 48297 48347 48488 48493 48510 48619 48783 48789 48820 \
	48916 48928 48963 49049 49062 49065 49135 49184 49202 49277 49434 \
	49439 49588 49608 49627 49680 49701 49715 49722 49767 49813 49948 \
	56782 56848 57060 57294 57325 57368 57371 57401 57422 57502 57547 \
	57652 57675 57686 57731 57812 57826 57842 57870 57934 58073 58112 \
	58200 58259 58349 58427 58493 58615 58636 58643 58716 58728 58736 \
	59101 59120 59651 59655 59743 59764 60055 60465 60558 60665 61096 \
	62261 62349 62370 62449 62474 62796 62870 62929 63225 63252 63382 \
	63615 63667 64121 64355 64949 65441 65554 65579 65582 65881 65923 \
	66048 66262 66303 66338 66688 66698 66759 66791 68462 68752 69174 \
	69362 69764 70255 70285 70393 70782 72081 72824 73192 73195 73454 \
	73538 73871 74542 74666 74858 75446 75647 75670 75973 76425 76435 \
	76475 77285 77433 77641 77698 78586 78719 78832 78984 125522 143309 
 un 108534 9394 2926 5423 63063 5676 92925 124713 9758 \
	68307 73373 4876 4181 145748 90998 78064 3903 149834 102871 76023 \
	108397 84445 102683 
 uf 63607 65875 64052 74788 109207 
 am 1055 0 50535 50837 51323 53249 54295 54172 54935 \
	55263 55275 56297 56309 56455 56746 
 am 1071 1 
 am 1127 0 50535 50837 51323 53249 54172 54295 54404 \
	54597 54587 54935 55263 55275 56297 56309 56455 56746 
 am 1152 1 
 am 1206 0 50535 50837 51323 53249 54172 54295 54404 \
	54597 54587 54935 55263 55275 56297 56309 56455 56746 
 am 1267 1 
 am 1362 1 
 am 1400 1 
 am 1585 0 50535 50837 51323 53249 54172 54295 54404 \
	54597 54587 54935 55263 55275 56297 56309 56455 56746 
 am 1685 0 50535 50837 51323 53249 54295 54172 54935 \
	55263 55275 56297 56309 56455 56746 
 am 1712 0 50333 50535 50797 50837 51323 51665 51853 \
	53249 53513 53627 54172 54295 54404 54597 54587 54935 54948 55115 \
	55263 55275 55705 56223 56297 56309 56363 56455 56746 
 am 1714 1 
 am 1742 1 
 am 1843 1 
 am 1856 0 50535 50837 51323 53249 54295 54172 54935 \
	55263 55275 56297 56309 56455 56746 
 am 2068 0 50535 50837 51323 53249 54295 54172 54935 \
	55263 55275 56297 56309 56455 56746 
 am 2069 1 
 am 2136 1 
 am 2391 0 50535 50837 51323 53249 54295 54172 54935 \
	55263 55275 56297 56309 56455 56746 
 am 2444 1 
 am 2468 0 50333 50535 50797 50837 51323 51665 51853 \
	53249 53513 53627 54172 54295 54404 54597 54587 54935 54948 55115 \
	55263 55275 55705 56223 56297 56309 56363 56455 56746 
 am 2509 0 50535 50837 51323 53249 54172 54935 55263 \
	55275 56297 56309 56455 
 am 2551 0 50535 50837 51323 53249 54172 54295 54404 \
	54597 54587 54935 55263 55275 56297 56309 56455 56746 
 am 2926 0 50535 50837 51323 53249 54172 54295 54587 \
	54935 55263 55275 56297 56309 56455 56746 
 am 3070 1 
 am 3084 0 50535 50837 51323 53249 54295 54172 54935 \
	55263 55275 56297 56309 56455 56746 
 am 3225 0 50535 50837 51323 53249 54172 54295 54404 \
	54597 54587 54935 55263 55275 56297 56309 56455 56746 
 am 3287 0 50333 50535 50797 50837 51323 51665 51853 \
	53249 53513 53627 54172 54295 54404 54597 54587 54935 54948 55115 \
	55263 55275 55705 56223 56297 56309 56363 56455 56746 
 am 3852 1 
 am 3869 0 50535 50837 51323 53249 54295 54172 54935 \
	55263 55275 56297 56309 56455 56746 
 am 3903 0 50535 50837 51323 53249 54172 54295 54587 \
	54935 55263 55275 56297 56309 56455 56746 
 am 4036 1 
 am 4181 0 50535 50837 51323 53249 54172 54295 54587 \
	54935 55263 55275 56297 56309 56455 56746 
 am 4303 1 
 am 4399 0 50535 50837 51323 53249 54172 54935 55263 \
	55275 56297 56309 56455 
 am 4681 0 50333 50535 50797 50837 51323 51665 51853 \
	53249 53513 53627 54172 54295 54404 54597 54587 54935 54948 55115 \
	56033 55263 55275 55705 56223 56297 56309 56363 56455 56746 
 am 4768 1 
 am 4876 0 50535 50837 51323 53249 54172 54295 54587 \
	54935 55263 55275 56297 56309 56455 56746 
 am 4933 1 
 am 5254 1 
 am 5353 1 
 am 5355 0 50535 50837 51323 53249 54172 54295 54404 \
	54597 54587 54935 55263 55275 56297 56309 56455 56746 50535 50837 \
	51323 53249 54172 54295 54404 54597 54587 54935 55263 55275 56297 \
	56309 56455 56746 
 am 5423 0 50535 50837 51323 53249 54172 54295 54587 \
	54935 55263 55275 56297 56309 56455 56746 
 am 5520 0 50535 50837 51323 53249 54172 54295 54404 \
	54597 54587 54935 55263 55275 56297 56309 56455 56746 
 am 5532 1 
 am 5676 0 50535 50837 51323 53249 54172 54295 54587 \
	54935 55263 55275 56297 56309 56455 56746 
 am 5739 0 50535 50837 51323 53249 
 am 5787 1 
 am 5895 0 50333 50535 50797 50837 51323 51665 51853 \
	53249 53513 53627 54172 54295 54404 54597 54587 54935 54948 55115 \
	55263 55275 55705 56223 56297 56309 56363 56455 56746 
 am 6134 0 50535 50837 51323 53249 54295 54172 54935 \
	55263 55275 56297 56309 56455 56746 
 am 6138 0 50535 50837 51323 53249 54295 54172 54935 \
	55263 55275 56297 56309 56455 56746 
 am 6160 0 50333 50535 50797 50837 51323 51665 51853 \
	53249 53513 53627 54172 54295 54404 54597 54587 54935 54948 55115 \
	55263 55275 55705 56223 56297 56309 56363 56455 56746 
 am 6200 0 50535 50837 51323 53249 54172 54295 54587 \
	54935 55263 55275 56297 56309 56455 56746 
 am 6247 0 50535 50837 51323 53249 54295 54172 54935 \
	55263 55275 56297 56309 56455 56746 
 am 6575 1 
 am 6821 1 
 am 6852 0 50535 50837 51323 53249 54295 54172 54935 \
	55263 55275 56297 56309 56455 56746 
 am 7301 1 
 am 7699 0 50535 50837 51323 53249 54295 54172 54935 \
	55263 55275 56297 56309 56455 56746 
 am 7769 0 50535 50837 51323 53249 54295 54172 54935 \
	55263 55275 56297 56309 56455 56746 
 am 7879 1 
 am 7911 1 
 am 8130 0 50535 50837 51323 53249 54295 54172 54935 \
	55263 55275 56297 56309 56455 56746 
 am 8831 0 50333 50535 50797 50837 51323 51665 51853 \
	53249 53513 53627 54172 54295 54404 54597 54587 54935 54948 55115 \
	55263 55275 55705 56223 56297 56309 56363 56455 56746 
 am 8951 1 
 am 9022 0 50535 50837 51323 53249 54295 54172 54935 \
	55263 55275 56297 56309 56455 56746 
 am 9310 0 50535 50837 51323 53249 54295 54172 54935 \
	55263 55275 56297 56309 56455 56746 
 am 9394 0 50535 50837 51323 53249 54172 54295 54587 \
	54935 55263 55275 56297 56309 56455 56746 
 am 9516 1 
 am 9537 0 50535 50837 51323 53249 54172 54295 54404 \
	54597 54587 54935 55263 55275 56297 56309 56455 56746 
 am 9549 0 50333 50535 50797 50837 51323 51665 51853 \
	53249 53513 53627 54172 54295 54404 54597 54587 54935 54948 55115 \
	55263 55275 55705 56223 56297 56309 56363 56455 56746 
 am 9714 1 
 am 9758 0 50535 50837 51323 53249 54172 54295 54587 \
	54935 55263 55275 56297 56309 56455 56746 
 am 9835 1 
 am 9896 1 
 am 56814 1 
 am 57165 0 50535 50837 51323 53249 54295 54172 54935 \
	55263 55275 56297 56309 56455 56746 
 am 57266 1 
 am 57294 1 
 am 57477 1 
 am 57496 1 
 am 57539 1 
 am 57686 0 50535 50837 51323 53249 54295 54172 54935 \
	55263 55275 56297 56309 56455 56746 
 am 57731 0 50535 50837 51323 53249 54295 54172 54935 \
	55263 55275 56297 56309 56455 56746 
 am 57798 0 50535 50837 51323 53249 54295 54172 54935 \
	55263 55275 56297 56309 56455 56746 
 am 57826 1 
 am 57870 1 
 am 57885 0 50535 50837 51323 53249 54295 54172 54935 \
	55263 55275 56297 56309 56455 56746 
 am 58006 0 50535 50837 51323 53249 54295 54172 54935 \
	55263 55275 56297 56309 56455 56746 
 am 58073 0 50535 50837 51323 53249 54172 54935 55263 \
	55275 56297 56309 56455 
 am 58270 1 
 am 58315 1 
 am 58323 0 50535 50837 51323 53249 54295 54172 54935 \
	55263 55275 56297 56309 56455 56746 
 am 58349 1 
 am 58493 0 50535 50837 51323 53249 54295 54172 54935 \
	55263 55275 56297 56309 56455 56746 
 am 58615 1 
 am 58643 1 
 am 58716 1 
 am 58736 0 50535 50837 51323 54172 54935 55263 55275 \
	56297 56309 56455 
 am 58755 1 
 am 59101 0 50535 50837 51323 53249 54295 54172 54935 \
	55263 55275 56297 56309 56455 56746 
 am 59516 0 50535 50837 51323 53249 54295 54172 54935 \
	55263 55275 56297 56309 56455 56746 
 am 59552 0 50535 50837 51323 53249 54295 54172 54935 \
	55263 55275 56297 56309 56455 56746 
 am 59746 0 50535 50837 51323 53249 54172 54295 54404 \
	54597 54587 54935 55263 55275 56297 56309 56455 56746 
 am 60366 0 50535 50837 51323 53249 54172 54295 54404 \
	54597 54587 54935 55263 55275 56297 56309 56455 56746 
 am 60465 0 50535 50837 51323 53249 54172 54295 54404 \
	54597 54587 54935 55263 55275 56297 56309 56455 56746 
 am 60621 1 
 am 60737 0 50535 50837 51323 53249 54172 54295 54404 \
	54597 54587 54935 55263 55275 56297 56309 56455 56746 
 am 60821 1 
 am 61096 1 
 am 62345 0 50535 50837 51323 53249 54295 54172 54935 \
	55263 55275 56297 56309 56455 56746 
 am 62370 0 50535 50837 54172 54935 55263 51323 53249 \
	54295 55263 55275 56297 56309 56455 56746 
 am 62449 0 50535 50837 51323 53249 54295 54172 54935 \
	55263 55275 56297 56309 56455 56746 
 am 62492 1 
 am 62497 1 
 am 62796 1 
 am 63561 0 50535 50837 51323 53249 54172 54295 54404 \
	54597 54587 54935 55263 55275 56297 56309 56455 56746 
 am 63602 0 50535 50837 51323 53249 54295 54172 54935 \
	55263 55275 56297 56309 56455 56746 
 am 63667 1 
 am 64121 1 
 am 64596 0 50535 50837 51323 53249 54172 54295 54404 \
	54597 54587 54935 55263 55275 56297 56309 56455 56746 
 am 64812 1 
 am 65369 1 
 am 65374 1 
 am 65403 1 
 am 66048 1 
 am 66084 1 
 am 66105 1 
 am 66185 1 
 am 66262 0 50535 50837 51323 53249 54295 54172 54935 \
	55263 55275 56297 56309 56455 56746 
 am 66303 0 50535 50837 51323 53249 54295 54172 54935 \
	55263 55275 56297 56309 56455 56746 
 am 66688 0 50535 50837 51323 53249 54172 54295 54404 \
	54597 54587 54935 55263 55275 56297 56309 56455 56746 
 am 66791 1 
 am 66799 1 
 am 67471 1 
 am 67775 0 50535 50837 51323 53249 54172 54295 54404 \
	54597 54587 54935 55263 55275 56297 56309 56455 56746 
 am 68095 1 
 am 68181 0 50535 50837 51323 53249 54172 54295 54404 \
	54597 54587 54935 55263 55275 56297 56309 56455 56746 
 am 68249 1 
 am 68708 0 50535 50837 51323 53249 54172 54935 55263 \
	55275 56297 56309 56455 
 am 68755 0 50535 50837 51323 53249 54172 54295 54404 \
	54597 54587 54935 55263 55275 56297 56309 56455 56746 
 am 69593 1 
 am 70102 0 50535 50837 51323 53249 54172 54295 54404 \
	54597 54587 54935 55263 55275 56297 56309 56455 56746 
 am 70123 0 50535 50837 51323 53249 54295 54172 54935 \
	55263 55275 56297 56309 56455 56746 
 am 70255 0 50535 50837 51323 53249 54295 54172 54935 \
	55263 55275 56297 56309 56455 56746 
 am 70266 1 
 am 70370 1 
 am 70385 1 
 am 70782 0 50535 50837 51323 53249 54295 54172 54935 \
	55263 55275 56297 56309 56455 56746 
 am 70883 1 
 am 71068 1 
 am 71147 0 50535 50837 51323 53249 54295 54172 54935 \
	55263 55275 56297 56309 56455 56746 
 am 71882 0 50535 50837 51323 53249 54295 54172 54935 \
	55263 55275 56297 56309 56455 56746 
 am 72081 0 50535 50837 51323 53249 54295 54172 54935 \
	55263 55275 56297 56309 56455 56746 
 am 72124 0 50535 50837 51323 53249 54172 54935 55263 \
	55275 56297 56309 56455 
 am 72149 0 50333 50535 50797 50837 51323 51665 51853 \
	53249 53513 53627 54172 54295 54404 54597 54587 54935 54948 55115 \
	55263 55275 55705 56223 56297 56309 56363 56455 56746 
 am 72380 0 50535 50837 51323 53249 54295 54172 54935 \
	55263 55275 56297 56309 56455 56746 
 am 72727 1 
 am 72824 1 
 am 73102 1 
 am 73104 0 50333 50535 50797 50837 51323 51665 51853 \
	53249 53513 53627 54172 54295 54404 54597 54587 54935 54948 55115 \
	55263 55275 55705 56223 56297 56309 56363 56455 56746 
 am 73321 0 50535 50837 51323 53249 54172 54295 54404 \
	54597 54587 54935 55263 55275 56297 56309 56455 56746 
 am 73454 0 50535 50837 51323 53249 54295 54172 54935 \
	55263 55275 56297 56309 56455 56746 
 am 74441 1 
 am 74490 0 50333 50535 50797 50837 51323 51665 51853 \
	53249 53513 53627 54172 54295 54404 54597 54587 54935 54948 55115 \
	55263 55275 55705 56223 56297 56309 56363 56455 56746 
 am 74578 0 50535 50837 51323 53249 54172 54295 54404 \
	54597 54587 54935 55263 55275 56297 56309 56455 56746 
 am 74786 0 50535 50837 51323 53249 54295 54172 54935 \
	55263 55275 56297 56309 56455 56746 
 am 74788 1 
 am 75184 1 
 am 75926 1 
 am 75997 1 
 am 76425 0 50535 50837 51323 53249 54172 54295 54404 \
	54597 54587 54935 55263 55275 56297 56309 56455 56746 50535 50837 \
	51323 53249 54172 54295 54404 54597 54587 54935 55263 55275 56297 \
	56309 56455 56746 
 am 77285 0 50535 50837 51323 53249 54295 54172 54935 \
	55263 55275 56297 56309 56455 56746 
 am 77556 0 50535 50837 51323 53249 54172 54295 54404 \
	54597 54587 54935 55263 55275 56297 56309 56455 56746 
 am 77618 0 50535 50837 51323 53249 54172 54295 54404 \
	54597 54587 54935 55263 55275 56297 56309 56455 56746 
 am 77698 0 50535 50837 51323 53249 54295 54172 54935 \
	55263 55275 56297 56309 56455 56746 
 am 77895 0 50535 50837 51323 53249 54172 54295 54404 \
	54597 54587 54935 55263 55275 56297 56309 56455 56746 
 am 78217 1 
 am 78462 1 
 am 78554 0 50535 50837 51323 53249 54295 54172 54935 \
	55263 55275 56297 56309 56455 56746 
 am 78701 1 
 am 78832 0 50535 50837 51323 53249 54172 54295 54404 \
	54597 54587 54935 55263 55275 56297 56309 56455 56746 
 am 78835 1 
 am 78890 1 
 am 78954 1 
 am 108534 0 50535 50837 51323 53249 54172 54404 54597 \
	54587 54935 55263 55275 56297 56309 56455 56746 
 am 125522 0 50333 50535 50797 50837 51323 51665 51853 \
	53249 53513 53627 54172 54295 54404 54597 54587 54935 54948 55115 \
	55263 55275 55705 56223 56297 56309 56363 56455 56746 
CO
 li accept zy6 0
 ar 56746 0 0 0 0 0 0 0
 st 1

108534 char 0
na Goraleus II
il	1 1806 \
	31 140 \
	54 15 \
	278 1
LI
 wh 72824
CH
 lo 5423
 he 100
 lk 2
 lr 2
 sl	650 2 28 0 0 \
	900 2 42 0 0 \
	654 2 28 99 0 \
	903 2 21 31 0 \
	652 2 28 0 0 \
	904 2 21 0 0 \
	905 2 21 0 0 \
	906 2 21 0 0 \
	907 2 21 0 0 \
	908 2 28 0 0 \
	909 2 21 1 0 \
	911 2 21 0 0 \
	610 2 21 20 0 \
	611 2 28 0 0 \
	653 2 28 0 0 \
	902 2 21 0 0 \
	612 2 28 1 0 \
	901 2 28 0 0 \
	617 2 14 3 0 \
	615 2 21 28 0 \
	614 2 14 6 0
 at 80
 df 112
 mi 171
 ct 50333 50535 50797 50837 51323 51665 51853 53249 53513 \
	53627 54172 54295 54404 54587 54597 54935 54948 55115 55263 55275 \
	55705 56223 56297 56309 56363 56455 56746 50333 50535 50797 50837 \
	51323 51665 51853 53249 53513 53627 54172 54295 54404 54587 54597 \
	54935 54948 55115 55263 55275 55705 56223 56297 56309 56363 56455 \
	56746 50333 50535 50797 50837 51323 51665 51853 53249 53513 53627 \
	54172 54295 54404 54587 54597 54935 54948 55115 55263 55275 55705 \
	56223 56297 56309 56363 56455 56746 50333 50535 50797 50837 51323 \
	51665 51853 53249 53513 53627 54172 54295 54404 54587 54597 54935 \
	54948 55115 55263 55275 55705 56223 56297 56309 56363 56455 56746 \
	50333 50535 50797 50837 51323 51665 51853 53249 53513 53627 54172 \
	54295 54404 54587 54597 54935 54948 55115 55263 55275 55705 56223 \
	56297 56309 56363 56455 56746 50333 50535 50797 50837 51323 51665 \
	51853 53249 53513 53627 54172 54295 54404 54587 54597 54935 54948 \
	55115 55263 55275 55705 56223 56297 56309 56363 56455 56746 50333 \
	50535 50797 50837 51323 51665 51853 53249 53513 53627 54172 54295 \
	54404 54587 54597 54935 54948 55115 55263 55275 55705 56223 56297 \
	56309 56363 56455 56746 50333 50535 50797 50837 51323 51665 51853 \
	53249 53513 53627 54172 54295 54404 54587 54597 54935 54948 55115 \
	55263 55275 55705 56223 56297 56309 56363 56455 56746 50333 50535 \
	50797 50837 51323 51665 51853 53249 53513 53627 54172 54295 54404 \
	54587 54597 54935 54948 55115 55263 55275 55705 56223 56297 56309 \
	56363 56455 56746 50333 50535 50797 50837 51323 51665 51853 53249 \
	53513 53627 54172 54295 54404 54587 54597 54935 54948 55115 55263 \
	55275 55705 56223 56297 56309 56363 56455 56746 
CM
 im 1
 ma 11
 ca 11
 pl 4972
CO
 li use 614
 ar 0 0 0 0 0 0 0 614
 cs 2
 wa 3
 st 1
 us 614
 ue 2
 de 4
 pr 3

9394 char 0
na Pooka Acein
il	1 2535 \
	10 747 \
	12 10 \
	51 1 \
	52 2 \
	54 15 \
	61 6 \
	75 1143 \
	77 856 \
	85 445 \
	94 93 \
	95 15 \
	98 3 \
	261 3 \
	282 120 \
	73735 1 \
	78201 1
an 1449 56746 
LI
 wh 58736
CH
 lo 56746
 he 100
 lk 2
 lr 2
 sl	610 2 21 53 0 \
	614 2 14 12 0 \
	615 2 21 19 0 \
	630 2 28 0 0 \
	616 2 14 15 0 \
	730 2 21 0 0 \
	700 2 21 0 0 \
	732 2 14 1 0 \
	631 2 14 2 0 \
	733 2 14 0 0 \
	634 2 14 1 0 \
	612 2 28 1 0 \
	690 2 28 0 0 \
	680 2 21 0 0 \
	702 2 14 40 0 \
	682 2 14 0 0 \
	670 2 28 0 0 \
	671 2 14 2 0 \
	704 2 14 0 0 \
	617 2 14 117 0 \
	705 2 14 0 0 \
	703 2 14 1 0 \
	693 2 21 0 0 \
	632 2 14 0 0 \
	731 2 14 0 0 \
	701 2 14 0 0 \
	672 2 21 0 0 \
	635 2 28 0 0 \
	633 2 14 0 0 \
	673 2 14 0 0 \
	674 2 21 0 0 \
	613 2 14 0 0 \
	691 2 21 0 0 \
	681 2 14 0 0 \
	611 2 28 0 0 \
	641 2 28 0 0 \
	692 2 21 0 0
 bh 3
 ra 70
 at 128
 df 114
 mi 121
 ct 50535 50837 51323 53249 54295 54172 54597 54587 54935 \
	55263 55275 56297 56309 56455 56746 50333 50535 50797 50837 51323 \
	51665 51853 53249 53513 53627 54172 54295 54404 54587 54597 54935 \
	54948 55115 55263 55275 55705 56223 56297 56309 56363 56455 56746 \
	50333 50535 50797 50837 51323 51665 51853 53249 53513 53627 54172 \
	54295 54404 54587 54597 54935 54948 55115 55263 55275 55705 56223 \
	56297 56309 56363 56455 56746 50333 50535 50797 50837 51323 51665 \
	51853 53249 53513 53627 54172 54295 54404 54587 54597 54935 54948 \
	55115 55263 55275 55705 56223 56297 56309 56363 56455 56746 50333 \
	50535 50797 50837 51323 51665 51853 53249 53513 53627 54172 54295 \
	54404 54587 54597 54935 54948 55115 55263 55275 55705 56223 56297 \
	56309 56363 56455 56746 50333 50535 50797 50837 51323 51665 51853 \
	53249 53513 53627 54172 54295 54404 54587 54597 54935 54948 55115 \
	55263 55275 55705 56223 56297 56309 56363 56455 56746 50333 50535 \
	50797 50837 51323 51665 51853 53249 53513 53627 54172 54295 54404 \
	54587 54597 54935 54948 55115 55263 55275 55705 56223 56297 56309 \
	56363 56455 56746 50333 50535 50797 50837 51323 51665 51853 53249 \
	53513 53627 54172 54295 54404 54587 54597 54935 54948 55115 55263 \
	55275 55705 56223 56297 56309 56363 56455 56746 50333 50535 50797 \
	50837 51323 51665 51853 53249 53513 53627 54172 54295 54404 54587 \
	54597 54935 54948 55115 55263 55275 55705 56223 56297 56309 56363 \
	56455 56746 50333 50535 50797 50837 51323 51665 51853 53249 53513 \
	53627 54172 54295 54404 54587 54597 54935 54948 55115 55263 55275 \
	55705 56223 56297 56309 56363 56455 56746 50333 50535 50797 50837 \
	51323 51665 51853 53249 53513 53627 54172 54295 54404 54587 54597 \
	54935 54948 55115 55263 55275 55705 56223 56297 56309 56363 56455 \
	56746 50333 50535 50797 50837 51323 51665 51853 53249 53513 53627 \
	54172 54295 54404 54587 54597 54935 54948 55115 55263 55275 55705 \
	56223 56297 56309 56363 56455 56746 50333 50535 50797 50837 51323 \
	51665 51853 53249 53513 53627 54172 54295 54404 54587 54597 54935 \
	54948 55115 55263 55275 55705 56223 56297 56309 56363 56455 56746 \
	50333 50535 50797 50837 51323 51665 51853 53249 53513 53627 54172 \
	54295 54404 54587 54597 54935 54948 55115 55263 55275 55705 56223 \
	56297 56309 56363 56455 56746 50333 50535 50797 50837 51323 51665 \
	51853 53249 53513 53627 54172 54295 54404 54587 54597 54935 54948 \
	55115 55263 55275 55705 56223 56297 56309 56363 56455 56746 50333 \
	50535 50797 50837 51323 51665 51853 53249 53513 53627 54172 54295 \
	54404 54587 54597 54935 54948 55115 55263 55275 55705 56223 56297 \
	56309 56363 56455 56746 50333 50535 50797 50837 51323 51665 51853 \
	53249 53513 53627 54172 54295 54404 54587 54597 54935 54948 55115 \
	55263 55275 55705 56223 56297 56309 56363 56455 56746 50333 50535 \
	50797 50837 51323 51665 51853 53249 53513 53627 54172 54295 54404 \
	54587 54597 54935 54948 55115 55263 55275 55705 56223 56297 56309 \
	56363 56455 56746 
CM
 pl 8650
MI
 ds Rimmon Musketeer
CO
 li make 85 0
 ar 85 0 0 7 0 0 0 0
 cs 2
 wa -1
 st 1
 ue 3
 de 7
 po 1
 pr 3

2926 char 0
na Torillim
il	1 459 \
	54 3 \
	78 400 \
	64679 1 \
	74266 1 \
	78371 1
tl	2 95 3 7 0 0 0 0 \
	2 94 97 4 0 0 0 0
LI
 wh 14970
CH
 lo 56746
 he 100
 lk 3
 lr 824
 sl	680 2 21 6 0 \
	682 2 14 69 0 \
	720 2 21 0 0 \
	722 2 14 32 0 \
	721 2 14 45 0 \
	681 2 14 0 0 \
	610 2 21 56 0 \
	630 2 28 0 0 \
	730 2 21 0 0 \
	700 2 21 0 0 \
	612 2 28 1 0 \
	614 2 14 10 0 \
	615 2 21 18 0 \
	723 2 14 9 0 \
	616 2 14 9 0 \
	702 2 14 10 0 \
	704 2 14 0 0 \
	705 2 14 0 0 \
	703 2 14 0 0 \
	617 2 14 39 0 \
	732 2 14 0 0 \
	733 2 14 0 0 \
	731 2 14 0 0 \
	635 2 28 0 0 \
	613 2 14 0 0 \
	701 2 14 0 0 \
	634 2 14 0 0 \
	639 2 21 0 0 \
	641 2 28 1 0 \
	670 2 28 0 0 \
	671 2 14 0 0 \
	631 2 14 0 0 \
	611 2 28 0 0
 bh 3
 at 90
 df 128
 mi 131
CM
 hs 1
 pl 3475
MI
 ds Rimmon Musketeer
CO
 li use 614
 ar 0 0 0 0 0 0 0 614
 st 1
 us 614
 ue 2
 de 7
 pr 3

5423 char 0
na Andromache
il	54 5 \
	282 11
LI
 wh 3282
CH
 lo 56746
 he 100
 lk 3
 lr 766
 sl	610 2 21 12 0 \
	617 2 14 10 0 \
	730 2 21 0 0 \
	732 2 14 1 0 \
	733 2 14 0 0 \
	615 2 21 16 0 \
	650 2 28 0 0 \
	655 2 14 10 0 \
	652 2 28 0 0 \
	612 2 28 1 0 \
	656 2 14 9 0 \
	653 2 28 0 0 \
	654 2 28 174 0 \
	614 2 14 9 0 \
	616 2 14 1 0 \
	690 2 28 0 0 \
	692 2 21 3 0 \
	691 2 21 0 0 \
	630 2 28 0 0 \
	611 2 28 0 0 \
	641 2 28 0 0 \
	639 2 21 0 0 \
	657 2 21 54 0 \
	658 1 0 0 0 \
	661 2 21 0 0
 at 86
 df 109
 mi 101
 ct 50535 50535 50535 50535 50535 50535 
CM
 vp 2
CO
 li breed 282 282
 ar 282 282 0 0 0 0 0 0
 cs 2
 wa 3
 st 1
 ue 5
 de 3
 pr 3

63063 char 0
na Courier
il	1 2533 \
	54 5 \
	64509 30 \
	66774 135 \
	75587 41
tl	2 145417 39 193 1 0 0 0
LI
 wh 57060
CH
 lo 56746
 he 100
 lk 3
 lr 925
 sl	610 2 21 39 0 \
	612 2 28 1 0 \
	630 2 28 0 0 \
	680 2 21 0 0 \
	617 2 14 4 0 \
	615 2 21 39 0 \
	616 2 14 5 0 \
	614 2 14 37 0 \
	682 2 14 0 0 \
	670 2 28 0 0 \
	700 2 21 0 0 \
	639 2 21 0 0 \
	641 2 28 1 0 \
	730 2 21 0 0 \
	672 2 21 0 0 \
	731 2 14 0 0 \
	732 2 14 6 0 \
	702 2 14 0 0 \
	733 2 14 2 0 \
	703 2 14 0 0 \
	611 2 28 0 0
 at 97
 df 208
 mi 225
 dt 205 13 6133
CM
 hs 1
CO
 li use 614
 ar 614 0 0 0 0 0 0 0
 wa -1
 st 1
 ue 5
 po 1
 pr 3

5676 char 0
na Arven
il	1 1 \
	54 197 \
	60708 1 \
	137870 1
tl	1 60708 1 88 1 0 0 0
LI
 wh 15569
CH
 lo 56746
 he 100
 lk 3
 lr 823
 sl	700 2 21 0 0 \
	702 2 14 20 0 \
	610 2 21 45 0 \
	617 2 14 33 0 \
	614 2 14 16 0 \
	612 2 28 1 0 \
	615 2 21 19 0 \
	616 2 14 8 0 \
	704 2 14 0 0 \
	630 2 28 0 0 \
	631 2 14 2 0 \
	634 2 14 1 0 \
	613 2 14 0 0 \
	632 2 14 0 0 \
	633 2 14 0 0 \
	705 2 14 0 0 \
	703 2 14 0 0 \
	635 2 28 0 0 \
	701 2 14 0 0 \
	730 2 21 0 0 \
	680 2 21 3 0 \
	682 2 14 10 0 \
	733 2 14 2 0 \
	732 2 14 2 0 \
	731 2 14 0 0 \
	681 2 14 0 0 \
	720 2 21 0 0 \
	670 2 28 0 0 \
	721 2 14 10 0 \
	611 2 28 0 0 \
	722 2 14 9 0 \
	671 2 14 0 0 \
	672 2 21 0 0 \
	639 2 21 0 0 \
	641 2 28 1 0
 mo 7800
 bh 3
 at 115
 df 190
 mi 160
CM
 hs 1
 vp 1
 pl 3475
MI
 ds Rimmon Musketeer
CO
 li fly e
 ar 0 2 15570 0 0 3 15569 0
 cs 2
 wa 2
 st 1
 ue 1
 de 1
 pr 2

92925 char 0
na Samhain on Tlachtga
il	77390 1 \
	126934 1
LI
 wh 58200
CH
 lo 56746
 pl 51323
 he 100
 lk 3
 lr 962
 sl	610 2 21 0 0 \
	630 2 28 0 0 \
	641 2 28 1 0 \
	639 2 21 0 0 \
	611 2 28 0 0 \
	612 2 28 0 0 \
	614 2 14 5 0 \
	615 2 21 3 0
 bp 50
 at 80
 df 114
 mi 72
 ct 77562 50333 50535 50797 50837 51323 51665 51853 53249 \
	53513 53627 54172 54295 54404 54587 54597 54935 54948 55115 55263 \
	55275 55705 56223 56297 56309 56363 56455 56746 50333 50535 50797 \
	50837 51323 51665 51853 53249 53513 53627 54172 54295 54404 54587 \
	54597 54935 54948 55115 55263 55275 55705 56223 56297 56309 56363 \
	56455 56746 50333 50535 50797 50837 51323 51665 51853 53249 53513 \
	53627 54172 54295 54404 54587 54597 54935 54948 55115 55263 55275 \
	55705 56223 56297 56309 56363 56455 56746 50333 50535 50797 50837 \
	51323 51665 51853 53249 53513 53627 54172 54295 54404 54587 54597 \
	54935 54948 55115 55263 55275 55705 56223 56297 56309 56363 56455 \
	56746 50333 50535 50797 50837 51323 51665 51853 53249 53513 53627 \
	54172 54295 54404 54587 54597 54935 54948 55115 55263 55275 55705 \
	56223 56297 56309 56363 56455 56746 50333 50535 50797 50837 51323 \
	51665 51853 53249 53513 53627 54172 54295 54404 54587 54597 54935 \
	54948 55115 55263 55275 55705 56223 56297 56309 56363 56455 56746 \
	50333 50535 50797 50837 51323 51665 51853 53249 53513 53627 54172 \
	54295 54404 54587 54597 54935 54948 55115 55263 55275 55705 56223 \
	56297 56309 56363 56455 56746 50333 50535 50797 50837 51323 51665 \
	51853 53249 53513 53627 54172 54295 54404 54587 54597 54935 54948 \
	55115 55263 55275 55705 56223 56297 56309 56363 56455 56746 50333 \
	50535 50797 50837 51323 51665 51853 53249 53513 53627 54172 54295 \
	54404 54587 54597 54935 54948 55115 55263 55275 55705 56223 56297 \
	56309 56363 56455 56746 50333 50535 50797 50837 51323 51665 51853 \
	53249 53513 53627 54172 54295 54404 54587 54597 54935 54948 55115 \
	55263 55275 55705 56223 56297 56309 56363 56455 56746 50333 50535 \
	50797 50837 51323 51665 51853 53249 53513 53627 54172 54295 54404 \
	54587 54597 54935 54948 55115 55263 55275 55705 56223 56297 56309 \
	56363 56455 56746 50333 50535 50797 50837 51323 51665 51853 53249 \
	53513 53627 54172 54295 54404 54587 54597 54935 54948 55115 55263 \
	55275 55705 56223 56297 56309 56363 56455 56746 50333 50535 50797 \
	50837 51323 51665 51853 53249 53513 53627 54172 54295 54404 54587 \
	54597 54935 54948 55115 55263 55275 55705 56223 56297 56309 56363 \
	56455 56746 50333 50535 50797 50837 51323 51665 51853 53249 53513 \
	53627 54172 54295 54404 54587 54597 54935 54948 55115 55263 55275 \
	55705 56223 56297 56309 56363 56455 56746 50333 50535 50797 50837 \
	51323 51665 51853 53249 53513 53627 54172 54295 54404 54587 54597 \
	54935 54948 55115 55263 55275 55705 56223 56297 56309 56363 56455 \
	56746 50333 50535 50797 50837 51323 51665 51853 53249 53513 53627 \
	54172 54295 54404 54587 54597 54935 54948 55115 55263 55275 55705 \
	56223 56297 56309 56363 56455 56746 50333 50535 50797 50837 51323 \
	51665 51853 53249 53513 53627 54172 54295 54404 54587 54597 54935 \
	54948 55115 55263 55275 55705 56223 56297 56309 56363 56455 56746 \
	50333 50535 50797 50837 51323 51665 51853 53249 53513 53627 54172 \
	54295 54404 54587 54597 54935 54948 55115 55263 55275 55705 56223 \
	56297 56309 56363 56455 56746 50333 50535 50797 50837 51323 51665 \
	51853 53249 53513 53627 54172 54295 54404 54587 54597 54935 54948 \
	55115 55263 55275 55705 56223 56297 56309 56363 56455 56746 50333 \
	50535 50797 50837 51323 51665 51853 53249 53513 53627 54172 54295 \
	54404 54587 54597 54935 54948 55115 55263 55275 55705 56223 56297 \
	56309 56363 56455 56746 50333 50535 50797 50837 51323 51665 51853 \
	53249 53513 53627 54172 54295 54404 54587 54597 54935 54948 55115 \
	55263 55275 55705 56223 56297 56309 56363 56455 56746 
CM
 hs 1
CO
 li explore
 ar 0 0 0 0 0 0 0 0
 cs 2
 wa 5
 st 1
 ue 2
 de 2
 pr 3

124713 char 0
na Silver Fox
il	1 900 \
	54 145 \
	100326 3 \
	145417 78
tl	2 137460 42 82 0 0 0 0 \
	1 145417 39 120 0 0 0 0 \
	2 145417 15 193 0 0 0 0 \
	1 64509 30 32 0 0 0 0
an 4339 5632 6200 81857 129203 
LI
 wh 15981
CH
 lo 56746
 he 100
 lk 3
 lr 903
 sl	610 2 21 15 0 \
	630 2 28 0 0 \
	639 2 21 0 0 \
	641 2 28 1 0 \
	614 2 14 11 0 \
	611 2 28 0 0 \
	612 2 28 5 0 \
	615 2 21 0 0
 mo 7799
 bh 9
 at 80
 df 141
 mi 50
CM
 hs 1
MI
 ds Rimmon Musketeer, Grunt Division
CO
 li fly n
 ar 0 1 15881 0 0 4 15981 0
 cs 2
 wa 2
 st 1
 ue 1
 de 2
 pr 2

9758 char 0
na Aonghus Og
il	1 109089 \
	10 718 \
	11 19 \
	12 753 \
	13 1 \
	14 4 \
	16 20 \
	18 740 \
	20 12 \
	21 26 \
	22 27 \
	51 10 \
	52 97 \
	54 11 \
	72 3 \
	74 8 \
	77 136 \
	78 100 \
	79 11 \
	85 91 \
	95 12 \
	98 4 \
	261 1 \
	279 1 \
	280 17 \
	282 481 \
	66361 1 \
	137460 84
an 4339 
ah 5632 6200 81857 129203 
LI
 wh 4681
 hl 68307 4923 
CH
 lo 56746
 he 100
 lk 2
 lr 2
 sl	650 2 28 0 0 \
	690 2 28 0 0 \
	655 2 14 19 0 \
	656 2 14 25 0 \
	693 2 21 0 0 \
	691 2 21 0 0 \
	692 2 21 1 0 \
	652 2 28 0 0 \
	653 2 28 0 0 \
	654 2 28 152 0 \
	651 2 21 0 0 \
	610 2 21 8 0 \
	730 2 21 0 0 \
	680 2 21 0 0 \
	700 2 21 0 0 \
	702 2 14 0 0 \
	614 2 14 4 0 \
	682 2 14 0 0 \
	612 2 28 1 0 \
	615 2 21 0 0 \
	733 2 14 0 0 \
	732 2 14 0 0 \
	616 2 14 0 0 \
	617 2 14 2 0 \
	613 2 14 0 0 \
	630 2 28 0 0 \
	611 2 28 0 0 \
	641 2 28 1 0 \
	657 2 21 17 0 \
	658 1 7 0 0 \
	661 2 21 0 0 \
	639 2 21 0 0 \
	900 2 42 0 0 \
	909 2 21 0 0 \
	911 2 21 0 0 \
	901 2 28 0 0
 ra 70
 at 80
 df 60
 mi 50
 ct 55263 54935 51323 56455 4972 55263 54935 51323 56455 \
	4972 55263 54935 51323 56455 4972 55263 54935 51323 56455 4972 \
	55263 54935 51323 56455 4972 50333 50535 50797 50837 51323 51853 \
	53249 53513 53627 54172 54295 54404 54587 54597 54935 54948 55115 \
	55263 55275 55705 56223 56297 56309 56363 56455 56746 50333 50535 \
	50797 50837 51323 51853 53249 53513 53627 54172 54295 54404 54587 \
	54597 54935 54948 55115 55263 55275 55705 56223 56297 56309 56363 \
	56455 56746 50333 50535 50797 50837 51323 51853 53249 53513 53627 \
	54172 54295 54404 54587 54597 54935 54948 55115 55263 55275 55705 \
	56223 56297 56309 56363 56455 56746 50333 50535 50797 50837 51323 \
	51853 53249 53513 53627 54172 54295 54404 54587 54597 54935 54948 \
	55115 55263 55275 55705 56223 56297 56309 56363 56455 56746 50333 \
	50535 50797 50837 51323 51853 53249 53513 53627 54172 54295 54404 \
	54587 54597 54935 54948 55115 55263 55275 55705 56223 56297 56309 \
	56363 56455 56746 50333 50535 50797 50837 51323 51665 51853 53249 \
	53513 53627 54172 54295 54404 54587 54597 54935 54948 55115 55263 \
	55275 55705 56223 56297 56309 56363 56455 56746 50333 50535 50797 \
	50837 51323 51665 51853 53249 53513 53627 54172 54295 54404 54587 \
	54597 54935 54948 55115 55263 55275 55705 56223 56297 56309 56363 \
	56455 56746 50333 50535 50797 50837 51323 51665 51853 53249 53513 \
	53627 54172 54295 54404 54587 54597 54935 54948 55115 55263 55275 \
	55705 56223 56297 56309 56363 56455 56746 50333 50535 50797 50837 \
	51323 51665 51853 53249 53513 53627 54172 54295 54404 54587 54597 \
	54935 54948 55115 55263 55275 55705 56223 56297 56309 56363 56455 \
	56746 50333 50535 50797 50837 51323 51665 51853 53249 53513 53627 \
	54172 54295 54404 54587 54597 54935 54948 55115 55263 55275 55705 \
	56223 56297 56309 56363 56455 56746 50333 50535 50797 50837 51323 \
	51665 51853 53249 53513 53627 54172 54295 54404 54587 54597 54935 \
	54948 55115 55263 55275 55705 56223 56297 56309 56363 56455 56746 \
	50333 50535 50797 50837 51323 51665 51853 53249 53513 53627 54172 \
	54295 54404 54587 54597 54935 54948 55115 55263 55275 55705 56223 \
	56297 56309 56363 56455 56746 50333 50535 50797 50837 51323 51665 \
	51853 53249 53513 53627 54172 54295 54404 54587 54597 54935 54948 \
	55115 55263 55275 55705 56223 56297 56309 56363 56455 56746 50333 \
	50535 50797 50837 51323 51665 51853 53249 53513 53627 54172 54295 \
	54404 54587 54597 54935 54948 55115 55263 55275 55705 56223 56297 \
	56309 56363 56455 56746 50333 50535 50797 50837 51323 51665 51853 \
	53249 53513 53627 54172 54295 54404 54587 54597 54935 54948 55115 \
	55263 55275 55705 56223 56297 56309 56363 56455 56746 50333 50535 \
	50797 50837 51323 51665 51853 53249 53513 53627 54172 54295 54404 \
	54587 54597 54935 54948 55115 55263 55275 55705 56223 56297 56309 \
	56363 56455 56746 50333 50535 50797 50837 51323 51665 51853 53249 \
	53513 53627 54172 54295 54404 54587 54597 54935 54948 55115 55263 \
	55275 55705 56223 56297 56309 56363 56455 56746 50333 50535 50797 \
	50837 51323 51665 51853 53249 53513 53627 54172 54295 54404 54587 \
	54597 54935 54948 55115 55263 55275 55705 56223 56297 56309 56363 \
	56455 56746 50333 50535 50797 50837 51323 51665 51853 53249 53513 \
	53627 54172 54295 54404 54587 54597 54935 54948 55115 55263 55275 \
	55705 56223 56297 56309 56363 56455 56746 50333 50535 50797 50837 \
	51323 51665 51853 53249 53513 53627 54172 54295 54404 54587 54597 \
	54935 54948 55115 55263 55275 55705 56223 56297 56309 56363 56455 \
	56746 50333 50535 50797 50837 51323 51665 51853 53249 53513 53627 \
	54172 54295 54404 54587 54597 54935 54948 55115 55263 55275 55705 \
	56223 56297 56309 56363 56455 56746 50333 50535 50797 50837 51323 \
	51665 51853 53249 53513 53627 54172 54295 54404 54587 54597 54935 \
	54948 55115 55263 55275 55705 56223 56297 56309 56363 56455 56746 \
	50333 50535 50797 50837 51323 51665 51853 53249 53513 53627 54172 \
	54295 54404 54587 54597 54935 54948 55115 55263 55275 55705 56223 \
	56297 56309 56363 56455 56746 50333 50535 50797 50837 51323 51665 \
	51853 53249 53513 53627 54172 54295 54404 54587 54597 54935 54948 \
	55115 55263 55275 55705 56223 56297 56309 56363 56455 56746 50333 \
	50535 50797 50837 51323 51665 51853 53249 53513 53627 54172 54295 \
	54404 54587 54597 54935 54948 55115 55263 55275 55705 56223 56297 \
	56309 56363 56455 56746 50333 50535 50797 50837 51323 51665 51853 \
	53249 53513 53627 54172 54295 54404 54587 54597 54935 54948 55115 \
	55263 55275 55705 56223 56297 56309 56363 56455 56746 50333 50535 \
	50797 50837 51323 51665 51853 53249 53513 53627 54172 54295 54404 \
	54587 54597 54935 54948 55115 55263 55275 55705 56223 56297 56309 \
	56363 56455 56746 50333 50535 50797 50837 51323 51665 51853 53249 \
	53513 53627 54172 54295 54404 54587 54597 54935 54948 55115 55263 \
	55275 55705 56223 56297 56309 56363 56455 56746 50333 50535 50797 \
	50837 51323 51665 51853 53249 53513 53627 54172 54295 54404 54587 \
	54597 54935 54948 55115 55263 55275 55705 56223 56297 56309 56363 \
	56455 56746 50333 50535 50797 50837 51323 51665 51853 53249 53513 \
	53627 54172 54295 54404 54587 54597 54935 54948 55115 55263 55275 \
	55705 56223 56297 56309 56363 56455 56746 50333 50535 50797 50837 \
	51323 51665 51853 53249 53513 53627 54172 54295 54404 54587 54597 \
	54935 54948 55115 55263 55275 55705 56223 56297 56309 56363 56455 \
	56746 50333 50535 50797 50837 51323 51665 51853 53249 53513 53627 \
	54172 54295 54404 54587 54597 54935 54948 55115 55263 55275 55705 \
	56223 56297 56309 56363 56455 56746 
 dt 108 1 3211
CM
 im 1
 ma 4
 ca 4
 hs 1
 vp 15
 pl 4972
CO
 li breed 54 54
 ar 54 54 0 0 0 0 0 0
 wa 7
 st 1
 ue 1
 pr 3

68307 char 0
na Paulie the Poofter
il	54 1 \
	282 2
tl	2 95 80 7 0 0 0 0
LI
 wh 9758
CH
 lo 56746
 he 100
 lk 3
 lr 902
 sl	610 2 21 1 0 \
	630 2 28 0 0 \
	631 2 14 1 0 \
	612 2 28 1 0 \
	650 2 28 0 0 \
	652 2 28 0 0 \
	654 2 28 84 0 \
	655 2 14 1 0 \
	656 2 14 1 0 \
	641 2 28 1 0 \
	611 2 28 0 0
 bh 1
 at 80
 df 30
 dt 115 21 3441
CM
 hs 1
CO
 li give 9758 282 0
 ar 9758 282 0 0 0 0 0 0
 st 1
 ue 1
 pr 1

73373 char 0
na Cpt. Sabacos
il	1 100 \
	54 2 \
	95 3 \
	64372 3 \
	134699 3
tl	2 94 100 4 0 0 0 0 \
	2 137460 42 82 1 0 0 0 \
	2 64509 30 106 1 0 0 0
LI
 wh 56848
CH
 lo 56746
 he 100
 lk 3
 lr 903
 sl	730 2 21 0 0 \
	610 2 21 44 0 \
	612 2 28 30 0 \
	616 2 14 11 0 \
	615 2 21 38 0 \
	670 2 28 0 0 \
	614 2 14 26 0 \
	630 2 28 0 0 \
	700 2 21 0 0 \
	702 2 14 10 0 \
	631 2 14 17 0 \
	617 2 14 4 0 \
	600 2 21 0 0 \
	601 2 14 19 0 \
	671 2 14 1 0 \
	732 2 14 4 0 \
	602 2 14 0 0 \
	603 2 14 0 0 \
	639 2 21 0 0 \
	641 2 28 1 0 \
	731 2 14 0 0 \
	733 2 14 4 0 \
	611 2 28 0 0 \
	703 2 14 0 0 \
	680 2 21 0 0 \
	682 1 11 0 0
 bh 3
 at 124
 df 229
 mi 299
CM
 hs 1
MI
 ds Royal Musketeer Navy
CO
 li use 733 134699
 ar 134699 0 0 0 0 0 0 733
 cs 2
 wa 8
 st 1
 us 733
 ue 1
 de 6
 pr 3

4876 char 0
na Archaelaus
il	1 11 \
	54 2
tl	2 94 88 4 0 0 0 0
LI
 wh 16182
CH
 lo 56746
 he 100
 lk 3
 lr 30
 sl	610 2 21 37 0 \
	615 2 21 11 0 \
	612 2 28 1 0 \
	617 2 14 1 0 \
	616 2 14 0 0 \
	614 2 14 13 0 \
	630 2 28 0 0 \
	700 2 21 0 0 \
	639 2 21 0 0 \
	641 2 28 1 0 \
	702 2 14 0 0 \
	611 2 28 0 0 \
	730 2 21 0 0 \
	731 2 14 0 0 \
	732 2 14 0 0 \
	633 2 14 7 0 \
	634 2 14 7 0 \
	635 2 28 0 0 \
	670 2 28 0 0 \
	733 2 14 0 0
 bh 3
 at 80
 df 147
 mi 101
 dt 134 5 3995
CM
 hs 1
CO
 li seek
 ar 0 0 0 0 0 0 0 0
 cs 2
 wa 6
 st 1
 ue 3
 de 1
 po 1
 pr 3

4181 char 0
na Lorenthar
il	1 4000 \
	54 14
LI
 wh 23763
CH
 lo 56746
 pl 56455
 he 100
 lk 3
 lr 767
 sl	610 2 21 1 0 \
	616 2 14 2 0 \
	614 2 14 2 0 \
	650 2 28 0 0 \
	655 2 14 2 0 \
	656 2 14 2 0 \
	654 2 28 172 0 \
	652 2 28 0 0 \
	615 2 21 0 0 \
	612 2 28 1 0 \
	617 2 14 0 0 \
	653 2 28 0 0 \
	630 2 28 0 0 \
	639 2 21 0 0 \
	641 2 28 1 0 \
	657 2 21 22 0 \
	658 1 7 0 0 \
	661 1 0 0 0 \
	611 2 28 0 0
 at 96
 df 102
 mi 50
CM
 hs 1
CO
 li breed 54 54
 ar 54 54 0 0 0 0 0 0
 cs 2
 wa 1
 st 1
 ue 4
 de 5
 pr 3

145748 char 0
na Cromm Dubh
il	54 3
LI
 wh 47633
CH
 lo 56746
 pl 51323
 he 100
 lk 3
 lr 961
 sl	610 2 21 2 0 \
	630 2 28 0 0 \
	641 2 28 1 0 \
	639 2 21 0 0 \
	611 2 28 0 0
 bp 50
 at 80
 df 80
CM
 hs 1
CO
 li explore
 ar 0 0 0 0 0 0 0 0
 ue 1
 de 7
 pr 3

90998 char 0
na Eirinn Banba II
il	54 6
LI
 wh 46347
CH
 lo 56746
 pl 51323
 he 100
 lk 3
 lr 960
 sl	610 2 21 4 0 \
	630 2 28 0 0 \
	641 2 28 1 0 \
	639 2 21 0 0 \
	611 2 28 0 0
 bh 5
 bp 50
 at 80
 df 80
CM
 hs 1
CO
 li explore
 ar 0 0 0 0 0 0 0 0
 ue 1
 de 7
 pr 3

78064 char 0
na Eochaidh Ollathair II
il	1 100 \
	54 1 \
	69 1
LI
 wh 44272
CH
 lo 56746
 he 100
 lk 2
 lr 1
 sl	610 2 21 12 0 \
	614 2 14 6 0 \
	617 2 14 0 0 \
	615 2 21 11 0 \
	630 2 28 0 0 \
	639 2 21 0 0 \
	641 2 28 1 0 \
	616 2 14 0 0 \
	612 2 28 1 0 \
	670 2 28 0 0 \
	671 2 14 0 0 \
	611 2 28 0 0
 bh 3
 at 80
 df 104
 mi 101
CM
 hs 1
CO
 li move e
 ar 0 0 0 0 0 0 0 0
 wa -1
 st 1
 ue 2
 pr 2

3903 char 0
na Bodb Dearg
il	1 86 \
	54 3 \
	61144 1
tl	2 95 95 7 0 0 0 0
LI
 wh 26009
CH
 lo 56746
 pl 55263
 he 100
 lk 3
 lr 918
 sl	610 2 21 59 0 \
	614 2 14 20 0 \
	630 2 28 0 0 \
	730 2 21 0 0 \
	615 2 21 18 0 \
	616 2 14 14 0 \
	700 2 21 0 0 \
	680 2 21 4 0 \
	733 2 14 0 0 \
	702 2 14 12 0 \
	704 2 14 0 0 \
	631 2 14 0 0 \
	634 2 14 1 0 \
	732 2 14 0 0 \
	690 2 28 0 0 \
	682 2 14 28 0 \
	612 2 28 1 0 \
	617 2 14 16 0 \
	703 2 14 0 0 \
	705 2 14 0 0 \
	720 2 21 0 0 \
	722 2 14 8 0 \
	721 2 14 1 0 \
	731 2 14 0 0 \
	635 2 28 0 0 \
	613 2 14 0 0 \
	632 2 14 0 0 \
	633 2 14 0 0 \
	670 2 28 0 0 \
	671 2 14 0 0 \
	639 2 21 0 0 \
	641 2 28 1 0 \
	611 2 28 0 0
 bh 3
 at 111
 df 185
 mi 105
CM
 hs 1
CO
 li explore
 ar 0 0 0 0 0 0 0 0
 cs 2
 wa 5
 st 1
 ue 3
 de 2
 pr 3

149834 char 0
na Nemanach Gancomer
il	54 2
LI
 wh 39812
CH
 lo 56746
 pl 51323
 he 100
 lk 3
 lr 961
 sl	610 2 21 1 0 \
	630 2 28 0 0 \
	641 2 28 2 0 \
	639 2 21 0 0 \
	611 2 28 0 0
 bp 50
 at 80
 df 80
CM
 hs 1
CO
 li explore
 ar 0 0 0 0 0 0 0 0
 ue 1
 de 7
 pr 3

102871 char 0
na Dagda Aedh
il	1 700 \
	54 5
LI
 wh 42864
CH
 lo 56746
 pl 51323
 he 100
 lk 3
 lr 960
 sl	610 2 21 11 0 \
	630 2 28 0 0 \
	641 2 28 1 0 \
	639 2 21 0 0 \
	611 2 28 0 0 \
	612 2 28 5 0
 bh 3
 at 80
 df 80
CM
 hs 1
CO
 li explore
 ar 0 0 0 0 0 0 0 0
 ue 1
 de 7
 pr 3

76023 char 0
na Hungry Chuck Bisquits
il	1 1 \
	54 5 \
	60869 1
LI
 wh 40560
CH
 lo 56746
 he 100
 lk 3
 lr 903
 sl	600 2 21 0 0 \
	602 2 14 1 0 \
	680 2 21 2 0 \
	682 2 14 1 0 \
	610 2 21 42 0 \
	612 2 28 2 0 \
	615 2 21 11 0 \
	614 2 14 10 0 \
	617 2 14 3 0 \
	700 2 21 0 0 \
	630 2 28 0 0 \
	641 2 28 1 0 \
	639 2 21 0 0 \
	702 2 14 0 0 \
	601 2 14 0 0 \
	616 2 14 0 0 \
	611 2 28 0 0 \
	703 2 14 0 0 \
	704 2 14 0 0
 at 80
 df 125
 mi 90
CM
 hs 1
MI
 ds Rimmon Musketeer
CO
 li explore
 ar 0 0 0 0 0 0 0 0
 ue 2
 de 7
 pr 3

108397 char 0
na Maga Ebhla
il	1 578 \
	54 5 \
	69 1
LI
 wh 33697
CH
 lo 56746
 pl 51323
 he 100
 lk 3
 lr 960
 sl	610 2 21 20 0 \
	630 2 28 0 0 \
	641 2 28 2 0 \
	639 2 21 0 0 \
	611 2 28 0 0
 bh 5
 bp 50
 at 80
 df 80
CM
 hs 1
CO
 li explore
 ar 0 0 0 0 0 0 0 0
 cs 2
 wa 5
 st 1
 ue 1
 de 2
 pr 3

84445 char 0
na Saidhthe Sauraigne
il	54 2 \
	69 1
LI
 wh 40881
CH
 lo 56746
 pl 51323
 he 100
 lk 3
 lr 961
 sl	610 2 21 21 0 \
	630 2 28 0 0 \
	641 2 28 1 0 \
	639 2 21 0 0 \
	611 2 28 0 0
 bh 5
 bp 50
 at 80
 df 80
CM
 hs 1
CO
 li explore
 ar 0 0 0 0 0 0 0 0
 ue 1
 de 7
 pr 3

102683 char 0
na Oisin Ursceal
il	54 2
LI
 wh 49439
CH
 lo 56746
 pl 51323
 he 100
 lk 3
 lr 960
 sl	610 2 21 22 0 \
	630 2 28 0 0 \
	641 2 28 2 0 \
	639 2 21 0 0 \
	611 2 28 0 0
 bp 50
 at 80
 df 80
CM
 hs 1
CO
 li explore
 ar 0 0 0 0 0 0 0 0
 ue 1
 de 7
 pr 3

