56754 player pl_regular
na Ouroboros
il	1 2251
an 56754 
CH
PL
 fn Bron Nelson
 em bron-oly2@bronze.corp.sgi.com
 ve bron-oly2@bronze.corp.sgi.com
 pw andNowItBegins
 np 7
 ft 2
 so 1
 lt 260
 kn 69 600 601 602 610 611 612 613 614 615 \
	616 617 630 631 632 633 634 635 636 639 641 \
	650 651 652 653 654 655 656 657 658 670 671 \
	672 673 674 680 682 690 691 692 693 694 695 \
	697 700 702 703 704 720 721 722 730 731 732 \
	733 750 751 752 753 754 755 756 800 801 802 \
	803 804 805 806 807 808 809 811 812 813 814 \
	820 821 822 823 824 825 826 827 828 829 831 \
	832 833 840 841 842 843 844 845 846 847 848 \
	849 851 852 860 861 862 863 864 865 866 867 \
	868 869 871 872 880 881 882 883 884 885 886 \
	887 888 889 891 892 893 894 900 901 902 903 \
	904 905 906 907 908 909 911 920 921 922 1111 \
	1938 1952 2598 2619 3123 3413 3424 3799 4237 4408 4508 \
	4625 5253 5677 6026 6655 7341 7389 7737 7941 8056 8589 \
	8655 8845 8865 9031 9708 9753 10172 10173 10174 10175 10176 \
	10177 10178 10271 10272 10273 10274 10275 10276 10277 10278 10279 \
	10280 10368 10369 10370 10371 10372 10373 10374 10375 10376 10377 \
	10378 10379 10380 10381 10382 10383 10467 10468 10469 10470 10471 \
	10472 10473 10474 10475 10476 10477 10478 10479 10480 10481 10482 \
	10483 10567 10568 10570 10573 10574 10575 10576 10580 10581 10582 \
	10583 10667 10670 10671 10672 10673 10674 10675 10676 10759 10760 \
	10765 10766 10767 10768 10769 10770 10771 10773 10774 10775 10776 \
	10859 10860 10870 10871 10873 10874 10875 10876 10959 10960 10970 \
	10971 10972 10973 10974 10976 11059 11060 11061 11062 11063 11064 \
	11065 11066 11067 11068 11069 11070 11071 11072 11073 11076 11159 \
	11160 11161 11162 11163 11164 11165 11166 11167 11168 11169 11170 \
	11171 11172 11173 11176 11259 11260 11264 11265 11266 11267 11268 \
	11269 11270 11271 11272 11273 11276 11357 11358 11359 11360 11367 \
	11368 11369 11370 11371 11372 11373 11374 11375 11376 11457 11458 \
	11459 11460 11461 11462 11463 11464 11465 11466 11467 11468 11469 \
	11470 11471 11547 11548 11549 11550 11551 11552 11553 11554 11555 \
	11558 11559 11560 11561 11562 11563 11564 11565 11566 11567 11568 \
	11569 11570 11571 11572 11645 11647 11648 11655 11656 11657 11658 \
	11659 11660 11661 11662 11663 11664 11665 11666 11667 11668 11669 \
	11670 11671 11672 11745 11746 11747 11748 11749 11750 11752 11753 \
	11754 11755 11758 11759 11760 11761 11762 11763 11764 11765 11766 \
	11767 11768 11769 11770 11771 11772 11773 11846 11847 11848 11849 \
	11850 11851 11852 11853 11854 11855 11856 11857 11858 11859 11860 \
	11861 11862 11863 11864 11865 11866 11867 11868 11869 11870 11871 \
	11872 11873 11874 11875 11876 11877 11878 11879 11880 11881 11882 \
	11883 11884 11946 11947 11948 11949 11950 11951 11952 11953 11954 \
	11955 11956 11957 11958 11959 11960 11961 11962 11963 11964 11965 \
	11966 11967 11968 11969 11970 11971 11984 11985 11986 11987 12046 \
	12047 12048 12049 12050 12051 12052 12053 12054 12055 12056 12057 \
	12058 12059 12060 12061 12062 12063 12064 12065 12066 12067 12068 \
	12069 12070 12071 12087 12088 12089 12090 12091 12092 12145 12146 \
	12148 12149 12150 12151 12152 12153 12154 12155 12156 12157 12158 \
	12159 12160 12161 12162 12163 12164 12165 12166 12167 12168 12169 \
	12170 12171 12172 12173 12174 12175 12176 12177 12178 12179 12180 \
	12181 12182 12183 12184 12192 12193 12244 12245 12248 12249 12250 \
	12251 12252 12253 12254 12255 12256 12257 12258 12259 12260 12261 \
	12262 12263 12264 12265 12266 12267 12268 12269 12270 12271 12284 \
	12287 12293 12294 12343 12344 12348 12349 12350 12351 12352 12353 \
	12354 12355 12356 12357 12358 12359 12360 12361 12362 12363 12364 \
	12365 12366 12367 12368 12369 12370 12371 12372 12373 12374 12375 \
	12376 12377 12378 12379 12380 12381 12382 12383 12384 12385 12386 \
	12387 12388 12391 12394 12395 12396 12440 12441 12442 12443 12444 \
	12445 12446 12447 12448 12451 12452 12453 12454 12455 12456 12457 \
	12458 12459 12460 12461 12462 12463 12464 12465 12466 12467 12468 \
	12469 12470 12471 12472 12473 12474 12475 12476 12477 12478 12479 \
	12480 12481 12482 12483 12484 12485 12486 12488 12489 12490 12491 \
	12492 12493 12496 12497 12540 12541 12543 12544 12549 12550 12551 \
	12552 12553 12554 12555 12556 12557 12558 12559 12560 12561 12562 \
	12563 12564 12565 12566 12567 12568 12569 12570 12571 12572 12573 \
	12574 12575 12576 12577 12578 12579 12580 12581 12582 12583 12584 \
	12585 12586 12587 12588 12589 12590 12591 12592 12593 12597 12640 \
	12643 12644 12646 12647 12648 12649 12650 12651 12652 12653 12654 \
	12655 12656 12657 12658 12659 12660 12661 12662 12663 12664 12665 \
	12666 12667 12668 12669 12670 12671 12672 12673 12674 12675 12676 \
	12677 12678 12679 12681 12682 12683 12684 12685 12686 12687 12688 \
	12690 12691 12692 12693 12694 12695 12696 12697 12740 12741 12744 \
	12745 12746 12747 12748 12749 12750 12751 12752 12753 12754 12755 \
	12756 12757 12758 12759 12760 12761 12762 12763 12764 12765 12766 \
	12767 12768 12769 12770 12771 12772 12773 12774 12775 12776 12777 \
	12778 12779 12780 12781 12782 12783 12784 12785 12786 12787 12788 \
	12789 12790 12791 12792 12793 12796 12797 12841 12849 12850 12851 \
	12852 12853 12854 12855 12856 12857 12858 12859 12860 12861 12862 \
	12863 12864 12865 12866 12867 12868 12869 12870 12871 12872 12873 \
	12874 12875 12876 12877 12878 12879 12880 12881 12882 12883 12884 \
	12885 12886 12887 12888 12890 12891 12892 12893 12894 12896 12897 \
	12941 12942 12943 12944 12945 12946 12947 12948 12949 12950 12951 \
	12952 12953 12965 12966 12967 12968 12969 12970 12971 12972 12973 \
	12974 12975 12976 12977 12978 12979 12980 12981 12982 12983 12984 \
	12985 12986 12987 12988 12989 12990 12991 12992 12993 12994 12995 \
	12996 12997 13021 13022 13023 13024 13025 13026 13027 13028 13043 \
	13044 13045 13046 13047 13048 13049 13050 13051 13068 13069 13070 \
	13071 13072 13073 13074 13075 13076 13077 13078 13079 13080 13081 \
	13082 13083 13084 13085 13086 13087 13088 13089 13090 13091 13092 \
	13093 13094 13095 13096 13097 13104 13105 13106 13107 13108 13112 \
	13113 13114 13115 13116 13117 13118 13119 13120 13121 13122 13123 \
	13124 13125 13126 13127 13128 13151 13168 13169 13173 13174 13175 \
	13176 13177 13178 13179 13180 13181 13182 13183 13184 13185 13186 \
	13187 13188 13189 13190 13191 13192 13193 13194 13195 13196 13197 \
	13204 13205 13206 13207 13208 13211 13212 13213 13244 13245 13251 \
	13268 13269 13275 13276 13277 13278 13284 13287 13289 13291 13292 \
	13293 13294 13295 13296 13305 13307 13308 13310 13311 13312 13313 \
	13314 13344 13345 13351 13368 13369 13376 13377 13378 13379 13380 \
	13384 13387 13388 13389 13390 13391 13392 13393 13394 13395 13405 \
	13406 13407 13408 13409 13410 13411 13412 13413 13414 13445 13451 \
	13452 13468 13469 13480 13481 13482 13484 13489 13490 13491 13492 \
	13493 13494 13505 13506 13508 13509 13510 13511 13512 13513 13545 \
	13546 13547 13548 13549 13550 13551 13552 13553 13554 13555 13568 \
	13569 13582 13583 13584 13586 13587 13588 13589 13590 13591 13592 \
	13593 13594 13605 13606 13607 13608 13609 13610 13611 13612 13613 \
	13652 13653 13655 13668 13669 13684 13686 13689 13693 13707 13708 \
	13709 13710 13711 13712 13713 13753 13755 13768 13769 13782 13783 \
	13784 13785 13786 13789 13793 13807 13808 13810 13853 13854 13855 \
	13868 13869 13871 13872 13873 13882 13884 13885 13886 13887 13888 \
	13889 13890 13891 13892 13893 13901 13902 13903 13904 13905 13906 \
	13907 13908 13910 13954 13955 13968 13969 13971 13972 13973 13980 \
	13981 13982 13984 13985 13986 13987 13988 13989 13990 13991 13992 \
	13993 13994 13995 14000 14001 14002 14003 14004 14005 14006 14007 \
	14008 14010 14054 14055 14062 14063 14064 14065 14066 14067 14068 \
	14069 14070 14071 14072 14073 14074 14077 14078 14079 14080 14083 \
	14084 14085 14086 14087 14088 14089 14090 14091 14092 14093 14094 \
	14095 14096 14097 14098 14099 14100 14101 14102 14103 14104 14105 \
	14106 14107 14108 14109 14110 14111 14115 14116 14155 14156 14157 \
	14158 14159 14160 14161 14162 14163 14164 14165 14166 14167 14168 \
	14169 14170 14171 14172 14174 14175 14176 14177 14178 14179 14180 \
	14181 14182 14183 14184 14185 14186 14187 14188 14189 14190 14191 \
	14192 14193 14194 14195 14196 14197 14198 14199 14200 14201 14202 \
	14203 14204 14205 14206 14207 14208 14209 14210 14211 14212 14213 \
	14214 14215 14216 14222 14255 14256 14262 14268 14269 14273 14274 \
	14275 14276 14283 14284 14285 14286 14287 14288 14289 14290 14291 \
	14292 14293 14294 14295 14296 14297 14298 14299 14302 14303 14304 \
	14305 14306 14307 14308 14309 14310 14311 14312 14313 14314 14315 \
	14316 14321 14322 14356 14361 14362 14383 14384 14385 14386 14387 \
	14388 14389 14390 14391 14392 14393 14394 14395 14396 14397 14400 \
	14401 14402 14403 14404 14405 14406 14407 14408 14409 14410 14411 \
	14412 14420 14421 14456 14457 14460 14461 14484 14485 14486 14487 \
	14488 14489 14490 14491 14492 14493 14494 14495 14496 14497 14498 \
	14499 14502 14503 14504 14505 14506 14507 14508 14509 14510 14511 \
	14512 14513 14514 14515 14516 14517 14518 14519 14520 14531 14557 \
	14559 14560 14584 14585 14586 14587 14588 14589 14590 14591 14592 \
	14593 14594 14595 14596 14597 14600 14601 14602 14603 14608 14609 \
	14610 14616 14617 14618 14619 14631 14657 14658 14659 14684 14685 \
	14686 14687 14688 14689 14690 14691 14692 14693 14694 14695 14696 \
	14697 14698 14699 14703 14704 14707 14708 14716 14718 14719 14728 \
	14729 14730 14731 14732 14733 14734 14735 14756 14757 14758 14784 \
	14785 14786 14787 14788 14789 14790 14791 14792 14793 14794 14795 \
	14796 14797 14804 14805 14806 14807 14816 14818 14819 14828 14835 \
	14856 14858 14859 14885 14886 14887 14888 14889 14890 14891 14892 \
	14893 14894 14895 14896 14897 14916 14918 14919 14928 14934 14935 \
	14949 14950 14951 14952 14953 14954 14955 14956 14957 14958 14959 \
	14985 14986 14987 14988 14989 14990 14991 14992 14993 14994 14995 \
	14996 14997 15016 15018 15019 15028 15034 15049 15050 15051 15052 \
	15053 15054 15055 15056 15059 15060 15087 15088 15089 15090 15091 \
	15092 15093 15094 15095 15096 15097 15115 15116 15118 15119 15128 \
	15134 15149 15150 15151 15152 15153 15154 15155 15156 15159 15160 \
	15187 15188 15189 15190 15191 15192 15193 15194 15195 15215 15218 \
	15219 15228 15234 15249 15250 15251 15252 15253 15254 15255 15256 \
	15259 15260 15261 15288 15289 15290 15291 15292 15293 15294 15295 \
	15313 15314 15315 15316 15317 15318 15319 15320 15321 15322 15323 \
	15327 15328 15346 15347 15348 15349 15350 15351 15352 15353 15354 \
	15355 15356 15359 15361 15388 15409 15410 15411 15412 15413 15414 \
	15415 15416 15417 15418 15419 15420 15421 15422 15423 15424 15425 \
	15426 15427 15428 15446 15450 15451 15452 15453 15454 15455 15456 \
	15457 15458 15459 15461 15462 15488 15509 15510 15511 15512 15514 \
	15515 15516 15517 15518 15519 15520 15521 15522 15523 15524 15525 \
	15526 15527 15528 15529 15530 15531 15532 15533 15546 15550 15562 \
	15588 15613 15614 15615 15616 15617 15618 15619 15620 15621 15622 \
	15623 15624 15625 15626 15627 15628 15630 15631 15632 15633 15634 \
	15635 15636 15637 15638 15646 15650 15661 15662 15688 15714 15719 \
	15720 15721 15722 15723 15724 15725 15726 15727 15728 15730 15731 \
	15732 15733 15746 15750 15761 15762 15788 15819 15820 15821 15822 \
	15823 15824 15825 15826 15827 15828 15829 15830 15831 15832 15833 \
	15846 15850 15862 15863 15888 15913 15914 15915 15916 15917 15918 \
	15919 15920 15921 15922 15923 15924 15925 15926 15927 15928 15929 \
	15930 15931 15932 15946 15950 15963 15964 15988 16011 16013 16023 \
	16026 16027 16028 16029 16030 16031 16032 16046 16048 16049 16050 \
	16064 16065 16066 16067 16087 16088 16110 16111 16112 16113 16123 \
	16127 16128 16129 16146 16147 16148 16165 16166 16167 16168 16169 \
	16170 16171 16172 16173 16181 16182 16183 16184 16185 16186 16187 \
	16210 16211 16223 16224 16225 16226 16227 16228 16265 16266 16267 \
	16268 16269 16270 16271 16272 16273 16275 16276 16277 16278 16279 \
	16280 16281 16369 16370 16371 16372 16373 16374 16375 16376 16377 \
	16473 16474 16475 16476 16477 17307 17308 17309 17407 17409 17410 \
	17411 17412 17492 17493 17494 17507 17512 17592 17593 17594 17607 \
	17610 17611 17612 17693 17694 17707 17710 17807 17810 17907 17910 \
	18007 18008 18009 18010 18350 18351 18451 18551 18651 18652 18653 \
	18654 18655 18656 18657 18658 18659 18660 18760 18761 18861 18862 \
	18962 19062 19162 19262 19362 19462 20031 20049 20066 20145 20166 \
	20180 20216 20237 20262 20318 20444 20496 20504 20556 20591 20594 \
	20638 20659 20700 20714 20719 20737 20765 20826 20848 20855 20873 \
	20984 21065 21087 21194 21232 21238 21348 21349 21403 21456 21533 \
	21566 21578 21691 21701 21773 21850 21868 21894 21922 21927 21931 \
	21988 21991 22018 22126 22143 22198 22238 22302 22310 22327 22343 \
	22360 22387 22457 22495 22515 22543 22616 22736 22773 22797 22846 \
	22873 22959 22962 22969 22995 23014 23075 23078 23087 23113 23155 \
	23184 23215 23240 23255 23264 23270 23317 23326 23352 23405 23479 \
	23505 23511 23544 23620 23625 23736 23753 23839 23877 23916 23930 \
	23944 23952 23958 23971 24031 24043 24059 24060 24063 24112 24127 \
	24143 24147 24156 24162 24170 24176 24230 24239 24270 24271 24312 \
	24386 24395 24399 24402 24431 24445 24477 24505 24552 24701 24703 \
	24779 24800 24807 24901 24910 24913 25013 25015 25025 25065 25092 \
	25113 25175 25276 25288 25312 25339 25357 25380 25400 25422 25425 \
	25460 25479 25495 25500 25501 25504 25533 25606 25711 25760 25837 \
	25894 25895 25922 25961 25992 26003 26033 26049 26066 26076 26097 \
	26102 26108 26113 26133 26146 26202 26226 26239 26245 26251 26299 \
	26399 26452 26466 26487 26522 26636 26671 26711 26716 26813 26841 \
	26848 26901 26928 26936 26965 26967 27023 27026 27056 27074 27102 \
	27126 27138 27169 27233 27234 27249 27252 27258 27267 27295 27325 \
	27368 27389 27447 27453 27488 27564 27613 27634 27669 27698 27718 \
	27721 27727 27755 27759 27782 27869 27880 27952 27996 28005 28007 \
	28022 28035 28051 28059 28075 28113 28145 28156 28162 28198 28290 \
	28374 28393 28399 28428 28488 28517 28533 28542 28555 28576 28604 \
	28623 28664 28702 28787 28802 28818 28832 28863 28895 28907 28911 \
	28918 28935 28979 28995 28999 29199 29211 29270 29339 29424 29432 \
	29455 29466 29490 29545 29590 29646 29662 29697 29699 29741 29788 \
	29839 29855 29932 29934 30003 30017 30118 30134 30333 30372 30404 \
	30418 30482 30488 30533 30534 30535 30588 30659 30664 30760 30776 \
	30789 30793 30794 30828 30909 30922 30934 30979 31023 31053 31057 \
	31058 31100 31279 31289 31294 31305 31320 31392 31408 31425 31467 \
	31492 31507 31603 31604 31625 31640 31644 31697 31703 31735 31746 \
	31765 31778 31787 31823 31904 31927 31971 31981 32023 32030 32070 \
	32076 32082 32097 32098 32119 32138 32185 32210 32268 32289 32321 \
	32376 32399 32431 32443 32497 32510 32579 32654 32670 32673 32675 \
	32720 32729 32734 32786 32803 32839 32844 32847 32863 32905 32990 \
	33009 33063 33087 33122 33136 33159 33199 33218 33226 33244 33286 \
	33304 33341 33345 33349 33356 33363 33392 33394 33453 33518 33552 \
	33560 33601 33608 33609 33643 33672 33734 33747 33757 33774 33782 \
	33787 33828 33836 33857 33868 33907 33925 33927 34011 34012 34045 \
	34081 34128 34175 34254 34314 34337 34354 34372 34374 34378 34437 \
	34527 34542 34596 34670 34690 34715 34730 34786 34802 34858 34863 \
	34953 34982 34996 35002 35058 35078 35099 35119 35121 35131 35134 \
	35140 35180 35197 35204 35207 35236 35288 35354 35373 35417 35422 \
	35444 35493 35498 35546 35565 35608 35614 35648 35710 35742 35745 \
	35752 35753 35863 35883 35976 36001 36035 36048 36051 36090 36152 \
	36213 36258 36288 36350 36353 36413 36525 36571 36656 36658 36677 \
	36688 36748 36900 36902 36907 36922 36924 36932 36975 37004 37011 \
	37023 37032 37039 37059 37063 37071 37080 37108 37154 37190 37210 \
	37244 37315 37317 37377 37475 37478 37534 37539 37545 37563 37600 \
	37680 37692 37722 37727 37747 37758 37772 37803 37805 37916 37939 \
	37940 37993 38003 38016 38048 38065 38072 38077 38127 38149 38250 \
	38285 38360 38459 38504 38520 38622 38637 38638 38648 38671 38743 \
	38748 38923 38969 39064 39101 39102 39109 39129 39157 39165 39167 \
	39183 39194 39202 39234 39310 39331 39348 39375 39378 39469 39491 \
	39522 39538 39551 39568 39591 39592 39599 39623 39647 39781 39789 \
	39795 39809 39908 39926 39930 39941 39955 39958 39984 40087 40094 \
	40131 40132 40140 40171 40211 40243 40361 40377 40391 40441 40474 \
	40531 40573 40599 40611 40623 40679 40715 40719 40730 40736 40765 \
	40808 40876 40987 40988 41006 41049 41057 41096 41104 41131 41226 \
	41238 41330 41335 41368 41376 41407 41462 41503 41612 41724 41737 \
	41774 41788 41827 41836 41837 41846 41853 41856 41911 41926 41996 \
	42004 42086 42092 42154 42166 42183 42228 42248 42269 42281 42329 \
	42383 42435 42444 42449 42496 42594 42662 42680 42761 42849 42885 \
	42905 43023 43067 43099 43108 43119 43130 43186 43196 43247 43251 \
	43273 43282 43303 43390 43419 43463 43484 43515 43532 43541 43576 \
	43580 43639 43695 43705 43717 43720 43727 43762 43788 43809 43810 \
	43813 43819 43846 43851 43897 43903 43909 43930 43933 43935 43949 \
	43960 44058 44063 44097 44170 44182 44217 44240 44243 44286 44341 \
	44345 44364 44390 44473 44505 44507 44549 44563 44623 44635 44689 \
	44695 44744 44763 44794 44807 44820 44859 44882 44900 44921 44952 \
	44959 44984 44985 44989 45008 45066 45067 45085 45086 45123 45147 \
	45162 45188 45283 45311 45318 45326 45375 45450 45536 45587 45608 \
	45621 45635 45644 45649 45658 45666 45708 45825 45885 45902 45906 \
	45996 46020 46067 46114 46140 46201 46217 46225 46241 46252 46335 \
	46418 46424 46437 46489 46497 46519 46553 46570 46573 46594 46600 \
	46651 46670 46694 46735 46750 46759 46822 46833 46855 46897 46919 \
	46942 46943 46954 46959 46983 46997 47001 47059 47066 47105 47128 \
	47216 47220 47225 47232 47274 47287 47289 47336 47367 47384 47390 \
	47395 47400 47600 47637 47696 47908 47917 47920 47934 47947 47967 \
	48046 48081 48095 48103 48161 48292 48307 48390 48408 48471 48481 \
	48537 48544 48588 48642 48694 48739 48748 48882 48999 49034 49100 \
	49134 49155 49216 49313 49323 49333 49337 49407 49432 49485 49486 \
	49534 49548 49550 49563 49578 49644 49661 49687 49765 49834 49884 \
	49950 56872 56890 56908 56952 56964 56995 57027 57028 57047 57069 \
	57081 57087 57114 57116 57134 57140 57143 57148 57166 57204 57233 \
	57240 57242 57263 57282 57291 57294 57352 57397 57402 57422 57426 \
	57435 57480 57497 57502 57503 57516 57531 57541 57570 57576 57598 \
	57618 57622 57626 57628 57652 57658 57666 57712 57714 57743 57745 \
	57748 57757 57793 57795 57826 57842 57852 57865 57870 57871 57896 \
	57934 57944 57948 58057 58110 58138 58250 58270 58278 58288 58348 \
	58349 58351 58355 58364 58407 58423 58446 58447 58465 58502 58539 \
	58541 58547 58565 58589 58590 58621 58641 58643 58644 58730 58736 \
	58752 58755 59076 59119 59168 59230 59321 59393 59402 59450 59528 \
	59708 59717 59774 59920 60044 60450 60677 60697 60699 60910 60995 \
	61294 61872 61885 61982 61993 62105 62113 62136 62187 62302 62339 \
	62843 62923 63113 63158 63270 63426 63434 63564 63731 63754 63838 \
	63990 64090 64169 64243 64436 64505 64513 64831 64882 64931 65047 \
	65337 65434 65553 65809 65872 65947 66288 66297 66364 66450 66935 \
	67184 67315 67331 67352 67413 67644 68053 68180 68238 68242 68283 \
	68284 68306 68315 68446 68582 68706 68832 68871 69526 69645 69712 \
	70054 70057 70110 70156 70229 70279 70418 70771 70774 70996 71004 \
	71163 71165 71615 71688 71735 71768 71870 71892 71908 72380 72433 \
	72475 72683 72702 72824 72941 73014 73197 73241 73249 73274 73529 \
	73649 73734 73782 73796 73846 74061 74145 74317 74383 74456 74890 \
	74899 75107 75136 75329 75412 75595 75717 75875 75881 76047 76118 \
	76300 76381 76497 76584 76917 76956 77025 77045 77046 77204 77461 \
	77468 77488 78053 78110 78118 78268 78516 78538 82880 132075 135840 
 un 9509 74610 97181 147058 103900 3276 105398 6745 77322 \
	129139 120532 94648 140431 59483 92963 145685 93937 60193 136890 2300 \
	147726 9540 7116 109532 84081 3878 85294 93724 79289 118820 99167 \
	5637 88263 67050 93772 82447 79031 5877 147556 
 uf 94441 130039 144581 132581 140392 
 am 2183 0 50106 51176 51305 56754 
 am 2300 0 50106 50765 51167 51176 51305 51454 51478 \
	51516 51632 51695 51896 52468 52586 53436 54082 54392 54524 54636 \
	55184 55207 55268 55737 55749 56183 56406 56754 
 am 3276 0 50106 50765 51167 51176 51305 51454 51478 \
	51516 51632 51695 51896 52468 52586 53436 54082 54392 54524 54636 \
	55184 55207 55268 55737 55749 56183 56406 56754 
 am 3799 0 50106 50765 51167 51176 51305 51516 51896 \
	53436 55749 56183 56406 56754 
 am 3878 0 50106 50765 51167 51176 51305 51454 51478 \
	51516 51632 51695 51896 52468 52586 53436 54082 54392 54524 54636 \
	55184 55207 55268 55737 55749 56183 56406 56754 
 am 4029 0 50106 51176 51305 51516 51896 56754 
 am 4408 0 50106 51176 51305 51516 51896 56754 
 am 5637 0 7284 
 am 5877 0 50106 50765 51167 51176 51305 51454 51478 \
	51516 51632 51695 51896 52468 52586 53436 54082 54392 54524 54636 \
	55184 55207 55268 55737 55749 56183 56406 56754 
 am 6026 0 50106 50765 51167 51176 51305 51516 51896 \
	55749 56183 56406 
 am 6599 0 50106 50765 51167 51176 51305 51454 51478 \
	51516 51632 51695 51896 52468 52586 53436 54082 54392 54524 54636 \
	55184 55207 55268 55737 55749 56183 56406 56754 
 am 6745 0 50106 50765 51167 51176 51305 51454 51478 \
	51516 51632 51695 51896 52468 52586 53436 54082 54392 54524 54636 \
	55184 55207 55268 55737 55749 56183 56406 56754 
 am 7116 0 50106 50765 51167 51176 51305 51454 51478 \
	51516 51632 51695 51896 52468 52586 53436 54082 54392 54524 54636 \
	55184 55207 55268 55737 55749 56183 56406 56754 
 am 7389 0 50106 51176 51305 56754 
 am 8056 0 137438 
 am 8326 0 50106 51176 51305 51516 51896 56754 
 am 8845 0 50106 51176 51305 56754 
 am 8865 0 50106 51176 51305 51896 56754 
 am 9708 0 50106 51176 51305 56754 
 am 59483 0 50106 50765 51167 51176 51305 51454 51478 \
	51516 51632 51695 51896 52468 52586 53436 54082 54392 54524 54636 \
	55184 55207 55268 55737 55749 56183 56406 56754 
 am 67050 0 50106 50765 51167 51176 51305 51454 51478 \
	51516 51632 51695 51896 52468 52586 53436 54082 54392 54524 54636 \
	55184 55207 55268 55737 55749 56183 56406 56754 
 am 74610 0 50106 50765 51167 51176 51305 51454 51478 \
	51516 51632 51695 51896 52468 52586 53436 54082 54392 54524 54636 \
	55184 55207 55268 55737 55749 56183 56406 56754 
 am 77322 0 50106 50765 51167 51176 51305 51454 51478 \
	51516 51632 51695 51896 52468 52586 53436 54082 54392 54524 54636 \
	55184 55207 55268 55737 55749 56183 56406 56754 
 am 79031 0 50106 50765 51167 51176 51305 51454 51478 \
	51516 51632 51695 51896 52468 52586 53436 54082 54392 54524 54636 \
	55184 55207 55268 55737 55749 56183 56406 56754 
 am 79289 0 50106 50765 51167 51176 51305 51454 51478 \
	51516 51632 51695 51896 52468 52586 53436 54082 54392 54524 54636 \
	55184 55207 55268 55737 55749 56183 56406 56754 
 am 82447 0 50106 50765 51167 51176 51305 51454 51478 \
	51516 51632 51695 51896 52468 52586 53436 54082 54392 54524 54636 \
	55184 55207 55268 55737 55749 56183 56406 56754 
 am 82880 0 50106 50765 51167 51176 51305 51516 51896 \
	55749 56183 56406 56754 
 am 84081 0 50106 50765 51167 51176 51305 51454 51478 \
	51516 51632 51695 51896 52468 52586 53436 54082 54392 54524 54636 \
	55184 55207 55268 55737 55749 56183 56406 56754 
 am 85294 0 50106 50765 51167 51176 51305 51454 51478 \
	51516 51632 51695 51896 52468 52586 53436 54082 54392 54524 54636 \
	55184 55207 55268 55737 55749 56183 56406 56754 
 am 88263 0 50106 50765 51167 51176 51305 51454 51478 \
	51516 51632 51695 51896 52468 52586 53436 54082 54392 54524 54636 \
	55184 55207 55268 55737 55749 56183 56406 56754 
 am 93724 0 50106 50765 51167 51176 51305 51454 51478 \
	51516 51632 51695 51896 52468 52586 53436 54082 54392 54524 54636 \
	55184 55207 55268 55737 55749 56183 56406 56754 
 am 93772 0 50106 50765 51167 51176 51305 51454 51478 \
	51516 51632 51695 51896 52468 52586 53436 54082 54392 54524 54636 \
	55184 55207 55268 55737 55749 56183 56406 56754 
 am 99167 1 
 am 103900 0 50106 50765 51167 51176 51305 51454 51478 \
	51516 51632 51695 51896 52468 52586 53436 54082 54392 54524 54636 \
	55184 55207 55268 55737 55749 56183 56406 56754 
 am 105398 0 50106 50765 51167 51176 51305 51454 51478 \
	51516 51632 51695 51896 52468 52586 53436 54082 54392 54524 54636 \
	55184 55207 55268 55737 55749 56183 56406 56754 
 am 118820 0 50106 50765 51167 51176 51305 51454 51478 \
	51516 51632 51695 51896 52468 52586 53436 54082 54392 54524 54636 \
	55184 55207 55268 55737 55749 56183 56406 56754 
 am 147058 0 50106 50765 51167 51176 51305 51454 51478 \
	51516 51632 51695 51896 52468 52586 53436 54082 54392 54524 54636 \
	55184 55207 55268 55737 55749 56183 56406 56754 
 am 147556 0 50106 50765 51167 51176 51305 51454 51478 \
	51516 51632 51695 51896 52468 52586 53436 54082 54392 54524 54636 \
	55184 55207 55268 55737 55749 56183 56406 56754 
CO
 li rumor 0
 ar 0 0 0 0 0 0 0 0
 st 1
 pr 1

9509 char 0
na Ysrthgrathe
il	1 5985 \
	22 5 \
	52 5 \
	75 90 \
	77 573 \
	95 51
tl	2 94 100 4 1 0 0 0 \
	2 95 774 7 0 0 0 0
LI
 wh 5253
CH
 lo 56754
 pl 100
 he 100
 lk 2
 lr 1
 sl	610 2 21 3 0 \
	612 2 28 1 0 \
	611 2 28 0 0 \
	630 2 28 0 0 \
	641 2 28 1 0 \
	730 2 21 0 0 \
	731 2 14 0 0 \
	733 2 14 0 0 \
	732 2 14 0 0 \
	617 2 14 26 0
 ra 70
 at 80
 df 80
CM
 hs 1
 vp 1
MI
 di 2
CO
 li make 75 30
 ar 75 30 30 25 0 0 0 0
 cs 2
 wa -1
 st 1
 ue 1
 de 25
 po 1
 pr 3

74610 char 0
na Samuel
il	1 435 \
	54 12 \
	69 2 \
	59662 1 \
	65149 1 \
	74622 1
LI
 wh 15828
CH
 lo 56754
 he 100
 lk 3
 lr 71
 sl	630 2 28 0 0 \
	610 2 21 9 0 \
	641 2 28 1 0 \
	700 2 21 0 0 \
	703 2 14 20 0 \
	617 2 14 33 0 \
	615 2 21 0 0 \
	635 2 28 0 0 \
	680 2 21 1 0 \
	670 2 28 0 0 \
	671 2 14 1 0 \
	612 2 28 1 0 \
	611 2 28 0 0 \
	634 2 14 2 0 \
	672 2 21 0 0 \
	633 2 14 0 0
 at 80
 df 80
 mi 50
CM
 hs 1
CO
 li give 97181 10
 ar 97181 10 0 0 0 0 0 0
 ue 1
 pr 1

97181 char ni
il	1 473115 \
	10 68 \
	12 669 \
	13 90 \
	14 15 \
	15 34 \
	16 670 \
	20 105 \
	21 29 \
	22 63 \
	52 6 \
	54 96 \
	55 15 \
	61 25 \
	72 487 \
	75 502 \
	76 98 \
	85 205 \
	271 254 \
	282 1962 \
	287 1 \
	289 1 \
	291 1 \
	292 2 \
	59345 1 \
	59736 1 \
	60262 1 \
	64022 1 \
	67091 1 \
	67117 1 \
	114767 1 \
	129285 1 \
	129415 1 \
	143088 1
LI
 wh 15828
CH
 ni 31
 lo 56754
 pl 54177
 he -1
 lk 4
 mo 7800
 at 60
 df 60
CM
 ot 66369
MI
 ca r
CO
 li move h434
 ar 65434 7 65434 0 0 3 15828 0
 cs 2
 wa 2
 st 1
 de 1
 pr 2

147058 char ni
na Skeleton
il	1 400 \
	54 4
LI
 wh 15828
CH
 ni 33
 lo 56754
 pl 54684
 he -1
 lk 4
 bh 9
 at 60
 df 60
CM
 ot 107856
MI
 ca r
CO
 li give 97181 1 0 400
 ar 97181 1 0 400 0 0 0 0
 st 1
 pr 1

103900 char ni
na Skeleton
il	1 400 \
	52 1 \
	54 5
LI
 wh 15828
CH
 ni 33
 lo 56754
 pl 54684
 he -1
 lk 4
 bh 9
 at 60
 df 60
CM
 vp 3
 ot 61441
MI
 ca r
CO
 li give 97181 1 0 400
 ar 97181 1 0 400 0 0 0 0
 st 1
 pr 1

3276 char 0
na Cassandra
il	1 1000 \
	54 45 \
	69 8 \
	83 2 \
	60407 1 \
	60575 1 \
	60903 1 \
	61014 1 \
	61303 1 \
	61365 1 \
	61747 1 \
	62061 1 \
	63212 1 \
	63342 1 \
	64495 1 \
	64879 1 \
	65971 1 \
	66279 1 \
	66578 1 \
	69144 1 \
	70121 1 \
	70353 1 \
	71025 1 \
	72449 1 \
	72762 1 \
	73107 1 \
	73285 1 \
	73779 1 \
	74256 1 \
	74276 1 \
	74315 1 \
	74415 1 \
	74538 1 \
	76015 1 \
	78801 1 \
	83410 1 \
	86089 1 \
	88670 1 \
	89995 1 \
	91948 1 \
	94046 1 \
	96000 1 \
	102487 1 \
	102736 1 \
	102946 1 \
	104877 1 \
	106405 1 \
	109194 1 \
	126801 1 \
	129169 1 \
	130519 1 \
	132466 1 \
	133936 1 \
	133987 1 \
	136485 1 \
	142738 1 \
	146049 1 \
	147375 1 \
	148129 1
tl	2 94 938 4 0 0 0 0
LI
 wh 15828
CH
 lo 56754
 he 100
 lk 3
 lr 13
 sl	610 2 21 3 0 \
	750 2 35 0 0 \
	755 2 28 0 0 \
	753 2 21 56 0 \
	754 2 28 14 0 \
	752 2 28 2 0 \
	756 2 28 32 0 \
	751 2 28 45 0 \
	615 2 21 0 0 \
	630 2 28 0 0 \
	641 2 28 1 0 \
	616 2 14 0 0 \
	612 2 28 1 0 \
	680 2 21 0 0 \
	617 2 14 0 0 \
	635 2 28 0 0 \
	633 2 14 0 0 \
	611 2 28 0 0
 bh 8
 at 80
 df 80
 mi 50
CM
 hs 1
 pr 1
 vp 23
 vi 1513 14209 14589 22387 23971 25504 26399 27102 27249 32076 \
	34715 35134 35745 36748 37063 37727 38638 38648 39908 41836 43130 \
	46020 46335 46553 46759 57027 57114 57143 57426 57546 57626 57628 \
	57745 57748 57842 57934 57948 58407 58539 58582 58589 60046 60320 \
	61872 62105 62231 62321 63113 63754 64793 64931 65337 65434 65457 \
	65903 65918 66215 66805 67083 67644 69023 69252 70054 70996 73869 \
	74738 76315 76963 78110 78877 78923 78979 140586 
CO
 li use 756 3276
 ar 3276 0 0 0 0 0 0 756
 cs 2
 wa 8
 st 1
 us 756
 ue 4
 de 1
 pr 3

105398 char ni
na Savage
il	1 500 \
	52 3 \
	54 6 \
	64 6 \
	82 15
LI
 wh 15828
CH
 ni 32
 lo 56754
 pl 55734
 he -1
 lk 4
 bh 3
 at 60
 df 60
CM
 ot 73388
MI
 ca r
CO
 li give 97181 143088
 ar 97181 143088 0 0 0 0 0 0
 st 1
 pr 1

6745 char 0
na Blackstar
il	1 500
LI
 wh 15828
CH
 lo 56754
 he 100
 lk 3
 lr 773
 sl	610 2 21 37 0 \
	617 2 14 51 0 \
	616 2 14 43 0 \
	615 2 21 13 0 \
	630 2 28 0 0 \
	641 2 28 1 0 \
	600 2 21 0 0 \
	601 2 14 0 0 \
	612 2 28 1 0 \
	635 2 28 0 0 \
	611 2 28 0 0
 bh 5
 at 80
 df 80
 mi 50
CM
 hs 1
CO
 li give 97181 10
 ar 97181 10 0 0 0 0 0 0
 ue 1
 pr 1

77322 char 0
na Kimster
il	1 646 \
	54 82 \
	98 3 \
	60044 1 \
	61310 1 \
	61441 1 \
	66369 1 \
	68242 1 \
	68917 1 \
	70587 1 \
	70745 1 \
	71060 1 \
	73388 1 \
	73649 1 \
	74662 1 \
	75659 1 \
	76058 1 \
	76946 1 \
	77413 1 \
	77940 1 \
	107856 1
LI
 wh 15828
CH
 lo 56754
 he 100
 lk 3
 lr 49
 sl	610 2 21 13 0 \
	616 2 14 3 0 \
	630 2 28 0 0 \
	641 2 28 1 0 \
	700 2 21 0 0 \
	702 2 14 0 0 \
	680 2 21 1 0 \
	617 2 14 11 0 \
	634 2 14 1 0 \
	615 2 21 0 0 \
	635 2 28 0 0 \
	703 2 14 0 0
 bh 5
 bp 50
 at 80
 df 80
 mi 50
CM
 hs 1
CO
 li wait item 54 100
 ar 0 54 100 0 0 0 0 0
 cs 2
 wa -1
 st 1
 ue 1
 de 27
 po 1
 pr 1

129139 char 0
na New noble
il	1 400 \
	54 2
LI
 wh 15828
CH
 lo 56754
 he 100
 lk 3
 lr 98
 sl	610 2 21 4 0 \
	630 1 0 0 0 \
	670 1 0 0 0 \
	680 1 0 0 0 \
	700 1 0 0 0
 bp 50
 at 80
 df 80
CO
 li give 97181 75
 ar 97181 75 0 0 0 0 0 0
 pr 1

120532 char 0
na New noble
il	1 400 \
	54 3
LI
 wh 15828
CH
 lo 56754
 he 100
 lk 3
 lr 98
 sl	610 2 21 4 0 \
	630 1 0 0 0 \
	670 1 0 0 0 \
	680 1 0 0 0 \
	700 1 0 0 0
 bp 50
 at 80
 df 80
CO
 li give 97181 75
 ar 97181 75 0 0 0 0 0 0
 pr 1

94648 char 0
na New noble
il	1 400 \
	54 3
LI
 wh 15828
CH
 lo 56754
 he 100
 lk 3
 lr 98
 sl	610 2 21 4 0 \
	630 1 0 0 0 \
	670 1 0 0 0 \
	680 1 0 0 0 \
	700 1 0 0 0
 bp 50
 at 80
 df 80
CO
 li give 97181 75
 ar 97181 75 0 0 0 0 0 0
 pr 1

140431 char 0
na New noble
il	1 400 \
	54 3
LI
 wh 15828
CH
 lo 56754
 he 100
 lk 3
 lr 98
 sl	610 2 21 4 0 \
	630 1 0 0 0 \
	670 1 0 0 0 \
	680 1 0 0 0 \
	700 1 0 0 0
 bp 50
 at 80
 df 80
CO
 li give 97181 75
 ar 97181 75 0 0 0 0 0 0
 pr 1

59483 char 0
na Jack de Consta
il	1 391 \
	54 4
LI
 wh 15828
CH
 lo 56754
 he 100
 lk 3
 lr 11
 sl	600 2 21 0 0 \
	601 2 14 1 0 \
	602 2 14 0 0 \
	610 2 21 11 0 \
	630 2 28 0 0 \
	613 2 14 0 0 \
	612 2 28 1 0 \
	680 2 21 0 0 \
	682 2 14 9 0 \
	611 2 28 0 0 \
	641 2 28 1 0 \
	670 2 28 0 0 \
	672 2 21 6 0 \
	634 2 14 1 0 \
	633 2 14 1 0 \
	617 2 14 3 0 \
	671 2 14 0 0 \
	615 2 21 2 0
 bh 5
 ra 70
 at 80
 df 80
 mi 50
CM
 hs 1
 vp 4
 pl 107030
CO
 li give 97181 75
 ar 97181 75 0 0 0 0 0 0
 ue 2
 pr 1

92963 char 0
na Ekechi
il	1 400 \
	54 3 \
	83 1
tl	2 94 898 4 0 0 0 0
LI
 wh 15828
CH
 lo 56754
 he 100
 lk 3
 lr 95
 sl	670 2 28 0 0 \
	671 2 14 0 0 \
	630 2 28 0 0 \
	610 2 21 4 0 \
	617 2 14 1 0 \
	615 2 21 1 0
 bp 50
 at 80
 df 80
 mi 50
CO
 li give 97181 75
 ar 97181 75 0 0 0 0 0 0
 pr 1

145685 char 0
na New noble
il	1 389 \
	12 4 \
	16 1 \
	54 3 \
	75 4
LI
 wh 15828
CH
 lo 56754
 he 100
 lk 3
 lr 99
 sl	610 2 21 4 0 \
	630 1 0 0 0 \
	670 1 0 0 0 \
	680 1 0 0 0 \
	700 1 0 0 0
 bp 50
 at 80
 df 80
CO
 li train 16
 ar 16 0 0 1 0 0 0 0
 cs 2
 wa -1
 st 1
 de 1
 po 1
 pr 3

93937 char ni
il	1 300 \
	52 24
LI
 wh 15828
CH
 ni 32
 lo 56754
 pl 54177
 he -1
 lk 4
 bh 7
 at 60
 df 60
CM
 ot 75659
MI
 ca r
CO
 li give 97181 20
 ar 97181 20 0 0 0 0 0 0
 st 1
 pr 1

60193 char 0
na Cinder Stardust
il	1 349 \
	54 20 \
	69 5 \
	82 18 \
	84 9 \
	59347 1 \
	59779 1 \
	62165 1 \
	64106 1 \
	65652 1 \
	66291 1 \
	67552 1 \
	67700 1 \
	68924 1 \
	69887 1 \
	71963 1 \
	73576 1 \
	73895 1 \
	73903 1 \
	75350 1 \
	77192 1 \
	114195 1 \
	122158 1 \
	134442 1 \
	143648 1
LI
 wh 15828
CH
 lo 56754
 pl 100
 he 100
 lk 1
 lr 451
 sl	800 2 28 0 0 \
	802 2 14 18 0 \
	806 2 21 18 0 \
	801 2 14 0 0 \
	803 2 14 4 0 \
	804 2 21 0 0 \
	805 2 14 0 0 \
	610 2 21 2 0 \
	811 2 21 1 0 \
	809 2 21 0 0 \
	814 2 21 0 0 \
	813 2 21 7 0 \
	812 2 21 0 0 \
	807 2 21 1 0 \
	630 2 28 0 0 \
	641 2 28 1 0 \
	808 2 21 2 0 \
	900 2 42 0 0 \
	904 2 21 0 0 \
	906 2 21 0 0 \
	908 2 28 4 0 \
	909 2 21 4 0 \
	911 2 21 5 0 \
	903 2 21 6 0 \
	905 2 21 0 0 \
	612 2 28 1 0 \
	617 2 14 17 0 \
	902 2 21 1 0 \
	720 2 21 0 0 \
	639 2 21 0 0 \
	880 2 42 0 0 \
	907 2 21 0 0 \
	886 2 14 0 0 \
	887 2 21 0 0 \
	888 2 21 0 0 \
	889 2 21 0 0 \
	891 2 21 0 0 \
	892 2 21 2 0 \
	893 2 21 0 0 \
	894 2 21 0 0 \
	881 2 14 1 0 \
	882 2 14 0 0 \
	885 2 14 0 0 \
	883 2 14 0 0 \
	884 2 28 0 0 \
	614 2 14 0 0 \
	650 2 0 0 0 \
	654 2 0 10 0 \
	690 2 0 1 0 \
	840 2 0 0 0 \
	695 2 0 0 0 \
	693 2 0 0 0 \
	632 2 0 0 0 \
	697 2 0 0 0 \
	694 2 0 0 0 \
	616 2 0 0 0 \
	842 2 0 0 0 \
	843 2 0 0 0 \
	844 2 0 1 0 \
	845 2 0 2 0 \
	846 2 0 0 0 \
	847 2 0 0 0 \
	848 2 0 0 0 \
	849 2 0 2 0 \
	851 2 0 0 0 \
	852 2 0 0 0 \
	841 2 0 0 0 \
	680 2 0 0 0 \
	820 2 0 0 0 \
	682 2 0 0 0 \
	825 2 0 0 0 \
	826 2 0 0 0 \
	827 2 0 0 0 \
	828 2 0 0 0 \
	829 2 0 0 0 \
	831 2 0 0 0 \
	832 2 0 0 0 \
	833 2 0 0 0 \
	824 2 0 0 0 \
	821 2 0 0 0 \
	822 2 0 0 0 \
	823 2 0 0 0 \
	860 2 0 0 0 \
	861 2 0 0 0 \
	862 2 0 0 0 \
	615 2 0 0 0 \
	613 2 0 0 0 \
	901 2 28 0 0 \
	651 2 21 0 0 \
	631 2 14 0 0 \
	730 2 21 0 0 \
	633 2 14 0 0 \
	864 2 14 0 0 \
	865 2 14 0 0 \
	866 2 14 0 0 \
	867 2 21 0 0 \
	868 2 21 0 0 \
	869 2 14 0 0 \
	634 2 14 0 0 \
	652 2 28 0 0 \
	871 2 21 0 0 \
	872 2 21 0 0 \
	863 2 14 0 0 \
	920 2 0 0 0 \
	922 2 28 19 0 \
	921 2 28 0 0
 at 80
 df 80
 mi 50
CM
 im 1
 ma 3
 ca 157
 hs 1
 kw 1
 vp 27
 ar 62165
MI
 di 3
CO
 li make 84
 ar 84 0 0 6 0 0 0 0
 st 1
 ue 2
 de 6
 po 1
 pr 3

136890 char ni
il	1 1000 \
	52 1
LI
 wh 15828
CH
 ni 287
 lo 56754
 he -1
 lk 4
 at 60
 df 60
CM
 ot 77413
MI
 ca r
CO
 li give 97181 75
 ar 97181 75 0 0 0 0 0 0
 st 1
 pr 1

2300 char 0
na Gopher
il	1 1984 \
	10 5 \
	12 7 \
	22 53 \
	54 2 \
	64 60 \
	72 147
LI
 wh 8056
CH
 lo 56754
 he 100
 lk 3
 lr 789
 sl	610 2 21 12 0 \
	630 2 28 0 0 \
	612 2 28 1 0 \
	641 2 28 3 0 \
	639 2 21 0 0 \
	670 2 28 0 0 \
	671 2 14 0 0 \
	633 2 14 5 0 \
	632 2 14 3 0 \
	600 2 21 0 0 \
	680 2 21 0 0 \
	690 2 28 0 0 \
	634 2 14 4 0 \
	601 2 14 12 0 \
	611 2 28 0 0 \
	616 2 14 0 0 \
	617 2 14 17 0 \
	700 2 21 0 0 \
	702 2 14 5 0 \
	704 2 14 0 0 \
	615 2 21 15 0 \
	613 2 14 3 0 \
	695 2 21 1 0 \
	602 2 14 1 0 \
	703 2 14 16 0 \
	672 2 21 0 0 \
	682 2 14 0 0 \
	635 2 28 0 0 \
	691 2 21 0 0 \
	692 2 21 0 0 \
	693 2 21 0 0
 ra 70
 at 80
 df 80
 mi 154
CM
 hs 1
CO
 li train 12
 ar 12 0 0 7 0 0 0 0
 cs 2
 wa -1
 st 1
 ue 1
 de 7
 po 1
 pr 3

147726 char ni
il	1 500 \
	52 4
LI
 wh 57435
CH
 ni 31
 lo 56754
 pl 54177
 he -1
 lk 4
 at 60
 df 60
CM
 ot 76058
MI
 ca r
CO
 li move h75
 ar 57435 7 57435 0 0 1 15927 0
 st 1
 de 1
 pr 2

9540 char 0
na Darbir
il	1 64 \
	54 13 \
	69 2 \
	282 14 \
	65804 1 \
	73524 1 \
	76131 1
LI
 wh 15928
CH
 lo 56754
 pl 54177
 he 100
 lk 3
 lr 80
 sl	610 2 21 5 0 \
	700 2 21 0 0 \
	702 2 14 3 0 \
	650 2 28 0 0 \
	654 2 28 88 0 \
	612 2 28 1 0 \
	653 2 28 0 0 \
	630 2 28 0 0
 at 80
 df 80
CO
 li breed 54 54
 ar 54 54 0 0 0 0 0 0
 wa 7
 st 1
 ue 1
 pr 3

7116 char 0
na Ursula Zabinski
il	1 1000 \
	54 23 \
	69 1
LI
 wh 15928
CH
 lo 56754
 he 100
 lk 3
 lr 777
 sl	700 2 21 0 0 \
	630 2 28 0 0 \
	650 2 28 0 0 \
	702 2 14 9 0 \
	654 2 28 150 0 \
	652 2 28 0 0 \
	610 2 21 2 0 \
	653 2 28 0 0 \
	612 2 28 1 0 \
	636 2 14 0 0 \
	641 2 28 1 0 \
	613 2 14 0 0 \
	704 2 14 0 0 \
	657 2 21 8 0 \
	639 2 21 0 0 \
	611 2 28 0 0 \
	635 2 28 0 0 \
	616 2 14 0 0 \
	633 2 14 2 0 \
	632 2 14 0 0 \
	670 2 28 0 0 \
	672 2 21 8 0 \
	671 2 14 0 0
 at 80
 df 80
CM
 hs 1
 vp 1
CO
 li breed 54 54
 ar 54 54 0 0 0 0 0 0
 cs 2
 wa 1
 st 1
 ue 2
 de 5
 pr 3

109532 char 0
na New noble
il	1 1127 \
	54 4
LI
 wh 15928
CH
 lo 56754
 he 100
 lk 2
 lr 1
 sl	900 2 42 0 0 \
	903 2 21 0 0 \
	902 2 21 0 0 \
	911 2 21 0 0 \
	908 2 28 1 0 \
	610 2 21 0 0 \
	611 1 21 0 0 \
	612 2 28 1 0 \
	650 2 28 0 0 \
	653 2 28 0 0
 at 80
 df 30
 dt 243 21 7281
CM
 im 1
 ma 5
 ca 5
CO
 li study 653
 ar 653 0 0 0 0 0 0 0
 st 1
 ue 1
 de 7
 po 1
 pr 3

84081 char ni
na Fleet-of-Foot
il	1 4086 \
	52 1 \
	54 3
LI
 wh 10275
CH
 ni 32
 lo 56754
 pl 50106
 he -1
 lk 4
 mo 7799
 bh 5
 at 60
 df 60
CM
 ot 60044
MI
 ca r
CO
 li move ac76
 ar 10276 2 10276 0 0 4 10275 0
 cs 2
 wa 2
 st 1
 de 2
 pr 2

3878 char 0
na Kaldane Drucker
il	1 1850 \
	54 11
LI
 wh 11169
CH
 lo 56754
 he 100
 lk 3
 lr 859
 sl	610 2 21 69 0 \
	612 2 28 1 0 \
	630 2 28 0 0 \
	634 2 14 0 0 \
	641 2 28 1 0 \
	670 2 28 0 0 \
	615 2 21 0 0 \
	616 2 14 40 0 \
	600 2 21 0 0 \
	671 2 14 0 0 \
	680 2 21 2 0 \
	601 2 14 0 0 \
	633 2 14 0 0 \
	611 2 28 0 0 \
	613 2 14 0 0 \
	635 2 28 0 0 \
	617 2 14 3 0 \
	682 2 14 0 0 \
	673 2 14 0 0 \
	674 2 21 0 0 \
	672 2 21 0 0 \
	602 2 14 0 0 \
	632 2 14 0 0
 at 266
 df 80
 mi 50
CM
 hs 1
CO
 li fly out
 ar 0 0 0 0 0 0 0 0
 wa -1
 ue 5
 pr 2

85294 char ni
il	1 400 \
	52 3 \
	54 2 \
	76 14 \
	271 4
LI
 wh 63754
CH
 ni 287
 lo 56754
 he -1
 lk 4
 bh 9
 at 60
 df 60
CM
 ot 74662
MI
 ca r
CO
 li move f754
 ar 63754 7 63754 0 1 1 13508 0
 st 1
 de 1
 pr 2

93724 char ni
na Orc
il	1 300 \
	52 2
LI
 wh 63754
CH
 ni 287
 lo 56754
 he -1
 lk 4
 bh 3
 at 60
 df 60
CM
 ot 73649
MI
 ca r
CO
 li move f754
 ar 63754 7 63754 0 1 1 13508 0
 st 1
 de 1
 pr 2

79289 char ni
na Undead
il	1 3784 \
	10 477 \
	12 167 \
	52 2 \
	75 5
LI
 wh 27996
CH
 ni 31
 lo 56754
 pl 52793
 he -1
 lk 4
 mo 7789
 bh 9
 at 60
 df 60
CM
 vp 3
 ot 70745
MI
 ca r
CO
 li move sa48 s
 ar 38048 3 38048 0 1 21 27996 1
 cs 2
 wa 9
 st 1
 de 12
 pr 2

118820 char ni
na Mork
il	1 100
LI
 wh 35422
CH
 ni 287
 lo 56754
 pl 54684
 he -1
 lk 4
 bh 9
 at 60
 df 60
CM
 vp 3
 ot 71060
MI
 ca r
CO
 li move s
 ar 0 3 35422 0 1 4 23952 1
 st 1
 de 4
 pr 2

99167 char ni
na Skeleton
il	1 33703 \
	16 1038 \
	20 98 \
	22 33 \
	54 59 \
	72 143 \
	73 76 \
	74 172 \
	75 186 \
	76 13 \
	77 249 \
	79 177 \
	271 92 \
	282 2445 \
	287 3 \
	289 1 \
	291 1 \
	91406 1 \
	122608 1 \
	144491 1
LI
 wh 38048
 hl 2118 8259 91617 72090 5637 
CH
 ni 33
 lo 56754
 pl 52793
 he -1
 lk 4
 bh 9
 at 60
 df 60
CM
 vp 3
 ot 70587
MI
 ca r
CO
 li move sa48 w
 ar 38048 4 38048 0 1 11 32289 1
 st 1
 de 11
 pr 2

5637 char 0
na Rolth
il	1 343 \
	12 9 \
	16 20 \
	54 2 \
	75 10
tl	2 94 1000 15 0 0 0 0 \
	2 95 2000 7 0 0 0 0
LI
 wh 99167
CH
 lo 56754
 pl 54177
 he 100
 lk 3
 lr 85
 sl	720 2 21 0 0 \
	722 2 14 71 0 \
	700 2 21 0 0 \
	702 2 14 15 0 \
	721 2 14 41 0 \
	610 2 21 24 0 \
	703 2 14 20 0 \
	617 2 14 9 0
 bp 50
 at 80
 df 80
CO
 li train 16
 ar 16 0 0 20 0 0 0 0
 cs 2
 wa -1
 st 1
 ue 5
 de 30
 po 1
 pr 3

88263 char ni
na Savage
il	1 1000 \
	54 2
LI
 wh 32289
CH
 ni 32
 lo 56754
 pl 52793
 he -1
 lk 4
 bh 2
 at 60
 df 60
CM
 ot 76946
MI
 ca r
CO
 li give 99167 291
 ar 99167 291 0 0 0 0 0 0
 st 1
 pr 1

67050 char 0
na Vitulsa Giranthe
il	1 2410 \
	54 1
LI
 wh 24147
CH
 lo 56754
 he 100
 lk 3
 lr 82
 sl	610 2 21 2 0 \
	680 2 21 0 0 \
	730 2 21 0 0 \
	630 2 28 0 0 \
	700 2 21 0 0 \
	703 2 14 25 0 \
	617 2 14 27 0 \
	641 2 28 1 0 \
	639 1 11 0 0 \
	702 2 14 2 0 \
	613 2 14 3 0 \
	612 2 28 1 0 \
	633 2 14 1 0 \
	682 2 14 0 0 \
	670 2 28 0 0 \
	671 2 14 0 0 \
	611 2 28 0 0
 at 80
 df 80
CM
 hs 1
 vp 1
CO
 li explore
 ar 0 0 0 0 0 0 0 0
 cs 2
 wa 2
 st 1
 ue 1
 de 5
 pr 3

93772 char ni
na Just a Courier
il	1 600 \
	285 77 \
	286 20
LI
 wh 20765
CH
 ni 31
 lo 56754
 he -1
 lk 4
 mo 7798
 bh 5
 at 60
 df 60
CM
 ot 68242
MI
 ca r
CO
 li move e n
 ar 0 2 30134 0 1 16 20765 1
 cs 2
 wa 13
 st 1
 de 3
 pr 2

82447 char ni
na Ash
il	1 14003 \
	15 44 \
	20 9 \
	22 195 \
	52 41 \
	76 32 \
	271 79 \
	286 21 \
	61510 1 \
	64975 1 \
	72937 1 \
	133537 1 \
	140586 1
LI
 wh 48046
CH
 ni 33
 lo 56754
 pl 54684
 he -1
 lk 4
 bh 2
 at 60
 df 60
CM
 vp 3
 ot 61310
MI
 ca r
CO
 li move w
 ar 0 4 48046 0 1 18 26049 1
 st 1
 de 18
 pr 2

79031 char ni
na Delivery Boy
il	1 610 \
	54 1
LI
 wh 48046
CH
 ni 31
 lo 56754
 pl 54684
 he -1
 lk 4
 bh 1
 at 60
 df 60
CM
 vp 3
 ot 68917
MI
 ca r
CO
 li wait loc za46
 ar 0 48046 0 0 0 0 0 0
 st 1
 po 1
 pr 1
 if 1

5877 char 0
na Ralph
il	1 275 \
	54 3
LI
 wh 27368
CH
 lo 56754
 he 100
 lk 3
 lr 857
 sl	610 2 21 27 0 \
	612 2 28 1 0 \
	617 2 14 13 0 \
	690 2 28 6 0 \
	630 2 28 0 0 \
	695 2 21 14 0 \
	641 2 28 2 0 \
	639 2 21 0 0 \
	691 2 21 1 0 \
	615 2 21 0 0 \
	616 2 14 0 0 \
	720 2 21 0 0 \
	670 2 28 0 0 \
	613 2 14 2 0 \
	671 2 14 0 0 \
	680 2 21 1 0 \
	611 2 28 0 0 \
	700 2 21 0 0 \
	730 2 21 0 0 \
	600 2 21 0 0 \
	702 2 14 0 0 \
	732 2 14 0 0 \
	703 2 14 18 0 \
	682 2 14 14 0 \
	721 2 14 14 0 \
	722 2 14 3 0 \
	672 2 21 0 0 \
	632 2 14 0 0 \
	633 2 14 0 0
 bh 5
 at 80
 df 80
 mi 50
CM
 hs 1
CO
 li fly n
 ar 0 1 27368 0 0 4 45318 0
 st 1
 ue 1
 de 4
 pr 2

147556 char 0
na Wastrel of the Vale
il	1 15792 \
	16 104 \
	22 373 \
	54 28 \
	61 39 \
	285 71
LI
 wh 30922
CH
 lo 56754
 he 100
 lk 2
 lr 1
 sl	610 2 21 3 0 \
	630 2 28 0 0 \
	680 2 21 0 0 \
	641 2 28 1 0 \
	639 1 0 0 0 \
	616 2 14 2 0 \
	611 2 28 0 0 \
	615 2 21 0 0 \
	613 2 14 2 0 \
	632 2 14 0 0
 bh 5
 bp 50
 at 80
 df 80
 mi 50
CM
 hs 1
CO
 li oath 1
 ar 1 0 0 0 0 0 0 0
 st 1
 ue 1
 de 1
 pr 3

